    0 0.0209
    5 0.0198
   10 0.0196
   15 0.0185
   20 0.0173
   25 0.0152
   30 0.0130
   35 -0.1127
   40 -0.1558
   45 -0.2037
   50 -0.2558
   55 -0.3140
   60 -0.3683
   65    nan
   70    nan
   75    nan
   80    nan
   85    nan
   90    nan
   95    nan
  100    nan
  105    nan
  110    nan
  115    nan
  120    nan
  125    nan
  130    nan
  135    nan
  140    nan
  145    nan
  150    nan
  155    nan
  160    nan
  165    nan
  170 -0.3955
  175 -0.3495
  180 -0.3129
  185 -0.2769
  190 -0.2486
  195 -0.2220
  200 -0.2032
  205 -0.1888
  210 -0.1799
  215 -0.1734
  220 -0.1708
  225 -0.1674
  230 -0.1656
  235 -0.1658
  240 -0.1641
  245 -0.1629
  250 -0.1628
  255 -0.1608
  260 -0.1613
  265 -0.1602
  270 -0.1612
  275 -0.1604
  280 -0.1608
  285 -0.1615
  290 -0.1615
  295 -0.1607
  300 -0.1613
  305 -0.1600
  310 -0.1579
  315 -0.1568
  320 -0.1528
  325 -0.1496
  330 -0.1455
  335 -0.1392
  340 -0.1354
  345 -0.1280
  350 -0.1228
  355 -0.1181
  360 -0.1104
  365 -0.1093
  370 -0.1031
  375 -0.1016
  380 -0.0999
  385 -0.0987
  390 -0.1003
  395 -0.1017
  400 -0.1038
  405 -0.1080
  410 -0.1101
  415 -0.1166
  420 -0.1200
  425 -0.1244
  430 -0.1312
  435 -0.1331
  440 -0.1396
  445 -0.1439
  450 -0.1469
  455 -0.1539
  460 -0.1544
  465 -0.1608
  470 -0.1633
  475 -0.1644
  480 -0.1703
  485 -0.1679
  490 -0.1722
  495 -0.1720
  500 -0.1710
  505 -0.1712
  510 -0.1697
  515 -0.1663
  520 -0.1646
  525 -0.1598
  530 -0.1550
  535 -0.1506
  540 -0.1436
  545 -0.1387
  550 -0.1325
  555 -0.1254
  560 -0.1207
  565 -0.1128
  570 -0.1081
  575 -0.1020
  580 -0.0965
  585 -0.0924
  590 -0.0875
  595 -0.0846
  600 -0.0806
  605 -0.0773
  610 -0.0752
  615 -0.0712
  620 -0.0703
  625 -0.0661
  630 -0.0648
  635 -0.0612
  640 -0.0592
  645 -0.0560
  650 -0.0531
  655 -0.0489
  660 -0.0450
  665 -0.0402
  670 -0.0348
  675 -0.0298
  680 -0.0229
  685 -0.0162
  690 -0.0103
  695 -0.0028
  700 0.0023
  705 0.0091
  710 0.0154
  715 0.0188
  720 0.0260
  725 0.0283
  730 0.0324
  735 0.0362
  740 0.0388
  745 0.0420
  750 0.0460
  755 0.0487
  760 0.0538
  765 0.0583
  770 0.0639
  775 0.0709
  780 0.0778
  785 0.0865
  790 0.0958
  795 0.1052
  800 0.1159
  805 0.1267
  810 0.1374
  815 0.1506
  820 0.1606
  825 0.1732
  830 0.1836
  835 0.1956
  840 0.2065
  845 0.2168
  850 0.2298
  855 0.2389
  860 0.2513
  865 0.2644
  870 0.2741
  875 0.2893
  880 0.3005
  885 0.3157
  890 0.3290
  895 0.3443
  900 0.3593
  905 0.3735
  910 0.3894
  915 0.4041
  920 0.4186
  925 0.4337
  930 0.4481
  935 0.4608
  940 0.4751
  945 0.4870
  950 0.5001
  955 0.5107
  960 0.5226
  965 0.5322
  970 0.5415
  975 0.5501
  980 0.5582
  985 0.5630
  990 0.5700
  995 0.5723
 1000 0.5746
 1005 0.5752
 1010 0.5735
 1015 0.5711
 1020 0.5670
 1025 0.5622
 1030 0.5572
 1035 0.5507
 1040 0.5465
 1045 0.5409
 1050 0.5387
 1055 0.5386
 1060 0.5392
 1065 0.5450
 1070 0.5513
 1075 0.5631
 1080 0.5757
 1085 0.5942
 1090 0.6126
 1095 0.6345
 1100 0.6586
 1105 0.6827
 1110 0.7084
 1115 0.7337
 1120 0.7580
 1125 0.7836
 1130 0.8061
 1135 0.8300
 1140 0.8514
 1145 0.8741
 1150 0.8943
 1155 0.9169
 1160 0.9378
 1165 0.9610
 1170 0.9834
 1175 1.0086
 1180 1.0333
 1185 1.0592
 1190 1.0869
 1195 1.1140
 1200 1.1426
 1205 1.1688
 1210 1.1976
 1215 1.2234
 1220 1.2493
 1225 1.2756
 1230 1.3011
 1235 1.3253
 1240 1.3518
 1245 1.3759
 1250 1.4029
 1255 1.4276
 1260 1.4571
 1265 1.4833
 1270 1.5149
 1275 1.5457
 1280 1.5788
 1285 1.6140
 1290 1.6500
 1295 1.6892
 1300 1.7280
 1305 1.7701
 1310 1.8121
 1315 1.8559
 1320 1.9002
 1325 1.9457
 1330 1.9912
 1335 2.0363
 1340 2.0826
 1345 2.1265
 1350 2.1706
 1355 2.2144
 1360 2.2558
 1365 2.2983
 1370 2.3376
 1375 2.3775
 1380 2.4145
 1385 2.4502
 1390 2.4846
 1395 2.5165
 1400 2.5485
 1405 2.5780
 1410 2.6072
 1415 2.6335
 1420 2.6608
 1425 2.6865
 1430 2.7132
 1435 2.7402
 1440 2.7662
 1445 2.7953
 1450 2.8246
 1455 2.8569
 1460 2.8913
 1465 2.9288
 1470 2.9688
 1475 3.0121
 1480 3.0593
 1485 3.1087
 1490 3.1626
 1495 3.2196
 1500 3.2787
 1505 3.3429
 1510 3.4073
 1515 3.4764
 1520 3.5448
 1525 3.6165
 1530 3.6889
 1535 3.7632
 1540 3.8362
 1545 3.9105
 1550 3.9827
 1555 4.0544
 1560 4.1254
 1565 4.1926
 1570 4.2567
 1575 4.3183
 1580 4.3732
 1585 4.4271
 1590 4.4732
 1595 4.5166
 1600 4.5527
 1605 4.5848
 1610 4.6112
 1615 4.6332
 1620 4.6483
 1625 4.6612
 1630 4.6675
 1635 4.6726
 1640 4.6732
 1645 4.6714
 1650 4.6686
 1655 4.6647
 1660 4.6622
 1665 4.6590
 1670 4.6598
 1675 4.6633
 1680 4.6705
 1685 4.6847
 1690 4.7021
 1695 4.7282
 1700 4.7606
 1705 4.7986
 1710 4.8458
 1715 4.8966
 1720 4.9557
 1725 5.0189
 1730 5.0858
 1735 5.1575
 1740 5.2298
 1745 5.3024
 1750 5.3752
 1755 5.4438
 1760 5.5103
 1765 5.5708
 1770 5.6249
 1775 5.6715
 1780 5.7106
 1785 5.7399
 1790 5.7615
 1795 5.7719
 1800 5.7768
 1805 5.7697
 1810 5.7604
 1815 5.7419
 1820 5.7203
 1825 5.6966
 1830 5.6684
 1835 5.6451
 1840 5.6196
 1845 5.5988
 1850 5.5824
 1855 5.5689
 1860 5.5629
 1865 5.5607
 1870 5.5637
 1875 5.5735
 1880 5.5851
 1885 5.6027
 1890 5.6204
 1895 5.6431
 1900 5.6634
 1905 5.6867
 1910 5.7064
 1915 5.7261
 1920 5.7412
 1925 5.7545
 1930 5.7610
 1935 5.7626
 1940 5.7580
 1945 5.7450
 1950 5.7238
 1955 5.6916
 1960 5.6493
 1965 5.5929
 1970 5.5266
 1975 5.4430
 1980 5.3493
 1985 5.2378
 1990 5.1153
 1995 4.9793
 2000 4.8298
 2005 4.6714
 2010 4.5020
 2015 4.3247
 2020 4.1440
 2025 3.9549
 2030 3.7668
 2035 3.5754
 2040 3.3836
 2045 3.1953
 2050 3.0041
 2055 2.8170
 2060 2.6304
 2065 2.4432
 2070 2.2584
 2075 2.0700
 2080 1.8800
 2085 1.6884
 2090 1.4873
 2095 1.2859
 2100 1.0731
 2105 0.8550
 2110 0.6279
 2115 0.3907
 2120 0.1465
 2125 -0.1074
 2130 -0.3705
 2135 -0.6405
 2140 -0.9201
 2145 -1.2036
 2150 -1.4928
 2155 -1.7893
 2160 -2.0830
 2165 -2.3839
 2170 -2.6801
 2175 -2.9728
 2180 -3.2641
 2185 -3.5426
 2190 -3.8128
 2195 -4.0662
 2200 -4.2999
 2205 -4.5107
 2210 -4.6917
 2215 -4.8411
 2220 -4.9519
 2225 -5.0227
 2230 -5.0500
 2235 -5.0347
 2240 -4.9746
 2245 -4.8758
 2250 -4.7365
 2255 -4.5665
 2260 -4.3717
 2265 -4.1552
 2270 -3.9299
 2275 -3.6971
 2280 -3.4670
 2285 -3.2429
 2290 -3.0274
 2295 -2.8255
 2300 -2.6354
 2305 -2.4578
 2310 -2.2914
 2315 -2.1344
 2320 -1.9823
 2325 -1.8372
 2330 -1.6941
 2335 -1.5538
 2340 -1.4185
 2345 -1.2847
 2350 -1.1587
 2355 -1.0374
 2360 -0.9271
 2365 -0.8245
 2370 -0.7355
 2375 -0.6558
 2380 -0.5859
 2385 -0.5267
 2390 -0.4741
 2395 -0.4240
 2400 -0.3790
 2405 -0.3316
 2410 -0.2825
 2415 -0.2301
 2420 -0.1730
 2425 -0.1132
 2430 -0.0498
 2435 0.0151
 2440 0.0782
 2445 0.1375
 2450 0.1919
 2455 0.2368
 2460 0.2739
 2465 0.2972
 2470 0.3109
 2475 0.3113
 2480 0.3028
 2485 0.2829
 2490 0.2584
 2495 0.2281
 2500 0.1947
 2505 0.1641
 2510 0.1348
 2515 0.1098
 2520 0.0936
 2525 0.0816
 2530 0.0786
 2535 0.0829
 2540 0.0917
 2545 0.1083
 2550 0.1235
 2555 0.1444
 2560 0.1619
 2565 0.1782
 2570 0.1901
 2575 0.1977
 2580 0.1986
 2585 0.1956
 2590 0.1858
 2595 0.1720
 2600 0.1554
 2605 0.1360
 2610 0.1166
 2615 0.0974
 2620 0.0821
 2625 0.0682
 2630 0.0596
 2635 0.0550
 2640 0.0549
 2645 0.0576
 2650 0.0652
 2655 0.0742
 2660 0.0864
 2665 0.0996
 2670 0.1138
 2675 0.1293
 2680 0.1448
 2685 0.1624
 2690 0.1823
 2695 0.2038
 2700 0.2286
 2705 0.2578
 2710 0.2892
 2715 0.3271
 2720 0.3680
 2725 0.4126
 2730 0.4604
 2735 0.5100
 2740 0.5603
 2745 0.6102
 2750 0.6567
 2755 0.7008
 2760 0.7401
 2765 0.7759
 2770 0.8037
 2775 0.8297
 2780 0.8477
 2785 0.8641
 2790 0.8771
 2795 0.8873
 2800 0.9004
 2805 0.9108
 2810 0.9258
 2815 0.9441
 2820 0.9673
 2825 0.9962
 2830 1.0294
 2835 1.0706
 2840 1.1161
 2845 1.1676
 2850 1.2247
 2855 1.2852
 2860 1.3493
 2865 1.4168
 2870 1.4845
 2875 1.5547
 2880 1.6233
 2885 1.6918
 2890 1.7600
 2895 1.8211
 2900 1.8845
 2905 1.9397
 2910 1.9899
 2915 2.0361
 2920 2.0731
 2925 2.1022
 2930 2.1243
 2935 2.1351
 2940 2.1376
 2945 2.1313
 2950 2.1148
 2955 2.0920
 2960 2.0611
 2965 2.0271
 2970 1.9884
 2975 1.9492
 2980 1.9090
 2985 1.8694
 2990 1.8320
 2995 1.7968
 3000 1.7631
 3005 1.7301
 3010 1.6979
 3015 1.6633
 3020 1.6287
 3025 1.5904
 3030 1.5468
 3035 1.5011
 3040 1.4459
 3045 1.3919
 3050 1.3292
 3055 1.2656
 3060 1.1993
 3065 1.1276
 3070 1.0592
 3075 0.9874
 3080 0.9161
 3085 0.8460
 3090 0.7743
 3095 0.7046
 3100 0.6365
 3105 0.5672
 3110 0.5034
 3115 0.4384
 3120 0.3770
 3125 0.3207
 3130 0.2663
 3135 0.2200
 3140 0.1774
 3145 0.1401
 3150 0.1105
 3155 0.0860
 3160 0.0689
 3165 0.0549
 3170 0.0460
 3175 0.0395
 3180 0.0336
 3185 0.0305
 3190 0.0244
 3195 0.0168
 3200 0.0076
 3205 -0.0066
 3210 -0.0222
 3215 -0.0426
 3220 -0.0664
 3225 -0.0922
 3230 -0.1189
 3235 -0.1485
 3240 -0.1766
 3245 -0.2046
 3250 -0.2291
 3255 -0.2521
 3260 -0.2710
 3265 -0.2869
 3270 -0.2961
 3275 -0.3040
 3280 -0.3053
 3285 -0.3027
 3290 -0.2978
 3295 -0.2852
 3300 -0.2723
 3305 -0.2558
 3310 -0.2370
 3315 -0.2176
 3320 -0.1970
 3325 -0.1789
 3330 -0.1612
 3335 -0.1469
 3340 -0.1351
 3345 -0.1247
 3350 -0.1226
 3355 -0.1176
 3360 -0.1189
 3365 -0.1179
 3370 -0.1187
 3375 -0.1181
 3380 -0.1135
 3385 -0.1068
 3390 -0.0949
 3395 -0.0802
 3400 -0.0585
 3405 -0.0352
 3410 -0.0058
 3415 0.0266
 3420 0.0595
 3425 0.0974
 3430 0.1346
 3435 0.1723
 3440 0.2104
 3445 0.2498
 3450 0.2876
 3455 0.3264
 3460 0.3635
 3465 0.3998
 3470 0.4385
 3475 0.4737
 3480 0.5093
 3485 0.5446
 3490 0.5772
 3495 0.6139
 3500 0.6454
 3505 0.6815
 3510 0.7145
 3515 0.7497
 3520 0.7857
 3525 0.8212
 3530 0.8600
 3535 0.8969
 3540 0.9366
 3545 0.9747
 3550 1.0130
 3555 1.0532
 3560 1.0928
 3565 1.1314
 3570 1.1718
 3575 1.2102
 3580 1.2505
 3585 1.2918
 3590 1.3295
 3595 1.3706
 3600 1.4084
 3605 1.4460
 3610 1.4820
 3615 1.5146
 3620 1.5469
 3625 1.5749
 3630 1.6020
 3635 1.6275
 3640 1.6511
 3645 1.6767
 3650 1.7016
 3655 1.7287
 3660 1.7595
 3665 1.7927
 3670 1.8326
 3675 1.8748
 3680 1.9216
 3685 1.9748
 3690 2.0276
 3695 2.0871
 3700 2.1468
 3705 2.2076
 3710 2.2712
 3715 2.3315
 3720 2.3921
 3725 2.4491
 3730 2.5024
 3735 2.5525
 3740 2.5960
 3745 2.6339
 3750 2.6656
 3755 2.6895
 3760 2.7079
 3765 2.7173
 3770 2.7248
 3775 2.7253
 3780 2.7229
 3785 2.7199
 3790 2.7140
 3795 2.7115
 3800 2.7106
 3805 2.7106
 3810 2.7181
 3815 2.7256
 3820 2.7403
 3825 2.7570
 3830 2.7752
 3835 2.7964
 3840 2.8188
 3845 2.8417
 3850 2.8626
 3855 2.8815
 3860 2.8974
 3865 2.9124
 3870 2.9219
 3875 2.9268
 3880 2.9291
 3885 2.9273
 3890 2.9206
 3895 2.9107
 3900 2.8959
 3905 2.8801
 3910 2.8605
 3915 2.8380
 3920 2.8162
 3925 2.7917
 3930 2.7689
 3935 2.7445
 3940 2.7203
 3945 2.6959
 3950 2.6735
 3955 2.6492
 3960 2.6242
 3965 2.5990
 3970 2.5741
 3975 2.5479
 3980 2.5197
 3985 2.4923
 3990 2.4631
 3995 2.4343
 4000 2.4047
 4005 2.3759
 4010 2.3468
 4015 2.3186
 4020 2.2920
 4025 2.2644
 4030 2.2383
 4035 2.2126
 4040 2.1858
 4045 2.1611
 4050 2.1321
 4055 2.1042
 4060 2.0762
 4065 2.0434
 4070 2.0106
 4075 1.9750
 4080 1.9390
 4085 1.9013
 4090 1.8594
 4095 1.8191
 4100 1.7775
 4105 1.7344
 4110 1.6929
 4115 1.6511
 4120 1.6113
 4125 1.5710
 4130 1.5349
 4135 1.4990
 4140 1.4680
 4145 1.4356
 4150 1.4058
 4155 1.3804
 4160 1.3530
 4165 1.3279
 4170 1.3021
 4175 1.2774
 4180 1.2493
 4185 1.2205
 4190 1.1892
 4195 1.1561
 4200 1.1185
 4205 1.0779
 4210 1.0361
 4215 0.9901
 4220 0.9420
 4225 0.8945
 4230 0.8439
 4235 0.7962
 4240 0.7483
 4245 0.7033
 4250 0.6607
 4255 0.6244
 4260 0.5887
 4265 0.5614
 4270 0.5401
 4275 0.5186
 4280 0.5083
 4285 0.4989
 4290 0.4975
 4295 0.4965
 4300 0.5019
 4305 0.5109
 4310 0.5218
 4315 0.5349
 4320 0.5519
 4325 0.5699
 4330 0.5905
 4335 0.6101
 4340 0.6344
 4345 0.6572
 4350 0.6826
 4355 0.7098
 4360 0.7375
 4365 0.7667
 4370 0.7992
 4375 0.8309
 4380 0.8644
 4385 0.9023
 4390 0.9369
 4395 0.9762
 4400 1.0132
 4405 1.0489
 4410 1.0858
 4415 1.1183
 4420 1.1493
 4425 1.1761
 4430 1.1978
 4435 1.2169
 4440 1.2295
 4445 1.2373
 4450 1.2418
 4455 1.2415
 4460 1.2354
 4465 1.2279
 4470 1.2147
 4475 1.1975
 4480 1.1777
 4485 1.1539
 4490 1.1253
 4495 1.0919
 4500 1.0551
 4505 1.0115
 4510 0.9620
 4515 0.9115
 4520 0.8518
 4525 0.7923
 4530 0.7281
 4535 0.6629
 4540 0.5995
 4545 0.5350
 4550 0.4757
 4555 0.4198
 4560 0.3685
 4565 0.3260
 4570 0.2862
 4575 0.2556
 4580 0.2318
 4585 0.2118
 4590 0.1996
 4595 0.1902
 4600 0.1818
 4605 0.1771
 4610 0.1696
 4615 0.1611
 4620 0.1475
 4625 0.1306
 4630 0.1073
 4635 0.0772
 4640 0.0393
 4645 -0.0035
 4650 -0.0549
 4655 -0.1112
 4660 -0.1703
 4665 -0.2335
 4670 -0.2973
 4675 -0.3592
 4680 -0.4211
 4685 -0.4750
 4690 -0.5258
 4695 -0.5680
 4700 -0.6038
 4705 -0.6308
 4710 -0.6503
 4715 -0.6637
 4720 -0.6682
 4725 -0.6709
 4730 -0.6679
 4735 -0.6631
 4740 -0.6582
 4745 -0.6542
 4750 -0.6507
 4755 -0.6519
 4760 -0.6562
 4765 -0.6634
 4770 -0.6789
 4775 -0.6953
 4780 -0.7195
 4785 -0.7476
 4790 -0.7774
 4795 -0.8156
 4800 -0.8530
 4805 -0.8970
 4810 -0.9421
 4815 -0.9870
 4820 -1.0381
 4825 -1.0854
 4830 -1.1369
 4835 -1.1870
 4840 -1.2352
 4845 -1.2854
 4850 -1.3304
 4855 -1.3758
 4860 -1.4184
 4865 -1.4585
 4870 -1.4976
 4875 -1.5352
 4880 -1.5697
 4885 -1.6062
 4890 -1.6409
 4895 -1.6766
 4900 -1.7145
 4905 -1.7517
 4910 -1.7937
 4915 -1.8335
 4920 -1.8776
 4925 -1.9209
 4930 -1.9628
 4935 -2.0068
 4940 -2.0444
 4945 -2.0816
 4950 -2.1135
 4955 -2.1400
 4960 -2.1635
 4965 -2.1784
 4970 -2.1897
 4975 -2.1962
 4980 -2.1947
 4985 -2.1927
 4990 -2.1854
 4995 -2.1745
 5000 -2.1616
 5005 -2.1457
 5010 -2.1273
 5015 -2.1078
 5020 -2.0830
 5025 -2.0586
 5030 -2.0281
 5035 -1.9964
 5040 -1.9592
 5045 -1.9198
 5050 -1.8765
 5055 -1.8293
 5060 -1.7820
 5065 -1.7313
 5070 -1.6811
 5075 -1.6306
 5080 -1.5824
 5085 -1.5361
 5090 -1.4927
 5095 -1.4526
 5100 -1.4159
 5105 -1.3824
 5110 -1.3538
 5115 -1.3284
 5120 -1.3053
 5125 -1.2843
 5130 -1.2651
 5135 -1.2464
 5140 -1.2260
 5145 -1.2059
 5150 -1.1833
 5155 -1.1580
 5160 -1.1300
 5165 -1.0966
 5170 -1.0608
 5175 -1.0214
 5180 -0.9754
 5185 -0.9296
 5190 -0.8768
 5195 -0.8244
 5200 -0.7678
 5205 -0.7098
 5210 -0.6528
 5215 -0.5931
 5220 -0.5354
 5225 -0.4778
 5230 -0.4205
 5235 -0.3658
 5240 -0.3116
 5245 -0.2589
 5250 -0.2080
 5255 -0.1584
 5260 -0.1103
 5265 -0.0629
 5270 -0.0158
 5275 0.0291
 5280 0.0747
 5285 0.1197
 5290 0.1647
 5295 0.2111
 5300 0.2561
 5305 0.3031
 5310 0.3501
 5315 0.3974
 5320 0.4456
 5325 0.4934
 5330 0.5410
 5335 0.5881
 5340 0.6324
 5345 0.6754
 5350 0.7151
 5355 0.7524
 5360 0.7857
 5365 0.8167
 5370 0.8438
 5375 0.8698
 5380 0.8916
 5385 0.9135
 5390 0.9332
 5395 0.9524
 5400 0.9724
 5405 0.9896
 5410 1.0101
 5415 1.0284
 5420 1.0487
 5425 1.0686
 5430 1.0890
 5435 1.1085
 5440 1.1289
 5445 1.1486
 5450 1.1675
 5455 1.1870
 5460 1.2044
 5465 1.2218
 5470 1.2370
 5475 1.2513
 5480 1.2650
 5485 1.2744
 5490 1.2848
 5495 1.2912
 5500 1.2996
 5505 1.3042
 5510 1.3108
 5515 1.3186
 5520 1.3268
 5525 1.3385
 5530 1.3525
 5535 1.3716
 5540 1.3936
 5545 1.4208
 5550 1.4508
 5555 1.4858
 5560 1.5236
 5565 1.5616
 5570 1.6052
 5575 1.6459
 5580 1.6899
 5585 1.7312
 5590 1.7728
 5595 1.8144
 5600 1.8545
 5605 1.8947
 5610 1.9333
 5615 1.9724
 5620 2.0105
 5625 2.0486
 5630 2.0858
 5635 2.1219
 5640 2.1577
 5645 2.1916
 5650 2.2229
 5655 2.2523
 5660 2.2789
 5665 2.3011
 5670 2.3221
 5675 2.3382
 5680 2.3512
 5685 2.3611
 5690 2.3672
 5695 2.3724
 5700 2.3738
 5705 2.3760
 5710 2.3758
 5715 2.3753
 5720 2.3760
 5725 2.3757
 5730 2.3767
 5735 2.3778
 5740 2.3787
 5745 2.3808
 5750 2.3842
 5755 2.3853
 5760 2.3885
 5765 2.3893
 5770 2.3925
 5775 2.3911
 5780 2.3907
 5785 2.3884
 5790 2.3826
 5795 2.3778
 5800 2.3683
 5805 2.3586
 5810 2.3455
 5815 2.3323
 5820 2.3176
 5825 2.3032
 5830 2.2888
 5835 2.2762
 5840 2.2644
 5845 2.2554
 5850 2.2488
 5855 2.2441
 5860 2.2442
 5865 2.2441
 5870 2.2472
 5875 2.2526
 5880 2.2581
 5885 2.2632
 5890 2.2687
 5895 2.2708
 5900 2.2737
 5905 2.2688
 5910 2.2656
 5915 2.2546
 5920 2.2422
 5925 2.2251
 5930 2.2031
 5935 2.1780
 5940 2.1481
 5945 2.1155
 5950 2.0786
 5955 2.0412
 5960 1.9999
 5965 1.9570
 5970 1.9138
 5975 1.8692
 5980 1.8233
 5985 1.7808
 5990 1.7368
 5995 1.6958
 6000 1.6562
 6005 1.6201
 6010 1.5843
 6015 1.5558
 6020 1.5266
 6025 1.5056
 6030 1.4845
 6035 1.4696
 6040 1.4588
 6045 1.4499
 6050 1.4457
 6055 1.4444
 6060 1.4459
 6065 1.4477
 6070 1.4538
 6075 1.4572
 6080 1.4634
 6085 1.4669
 6090 1.4711
 6095 1.4717
 6100 1.4711
 6105 1.4664
 6110 1.4591
 6115 1.4480
 6120 1.4338
 6125 1.4165
 6130 1.3954
 6135 1.3723
 6140 1.3472
 6145 1.3205
 6150 1.2946
 6155 1.2686
 6160 1.2441
 6165 1.2220
 6170 1.2038
 6175 1.1875
 6180 1.1762
 6185 1.1700
 6190 1.1642
 6195 1.1667
 6200 1.1687
 6205 1.1751
 6210 1.1821
 6215 1.1908
 6220 1.1995
 6225 1.2075
 6230 1.2151
 6235 1.2220
 6240 1.2279
 6245 1.2302
 6250 1.2356
 6255 1.2357
 6260 1.2386
 6265 1.2418
 6270 1.2423
 6275 1.2479
 6280 1.2513
 6285 1.2574
 6290 1.2640
 6295 1.2717
 6300 1.2829
 6305 1.2918
 6310 1.3043
 6315 1.3166
 6320 1.3306
 6325 1.3476
 6330 1.3651
 6335 1.3872
 6340 1.4122
 6345 1.4416
 6350 1.4790
 6355 1.5221
 6360 1.5766
 6365 1.6413
 6370 1.7174
 6375 1.8096
 6380 1.9143
 6385 2.0343
 6390 2.1704
 6395 2.3166
 6400 2.4760
 6405 2.6419
 6410 2.8124
 6415 2.9802
 6420 3.1457
 6425 3.2998
 6430 3.4409
 6435 3.5662
 6440 3.6714
 6445 3.7577
 6450 3.8252
 6455 3.8734
 6460 3.9051
 6465 3.9235
 6470 3.9299
 6475 3.9280
 6480 3.9199
 6485 3.9086
 6490 3.8945
 6495 3.8770
 6500 3.8594
 6505 3.8347
 6510 3.8107
 6515 3.7788
 6520 3.7396
 6525 3.6949
 6530 3.6394
 6535 3.5783
 6540 3.5082
 6545 3.4333
 6550 3.3554
 6555 3.2726
 6560 3.1957
 6565 3.1190
 6570 3.0507
 6575 2.9918
 6580 2.9424
 6585 2.9056
 6590 2.8791
 6595 2.8637
 6600 2.8553
 6605 2.8519
 6610 2.8520
 6615 2.8506
 6620 2.8456
 6625 2.8368
 6630 2.8186
 6635 2.7947
 6640 2.7643
 6645 2.7265
 6650 2.6870
 6655 2.6442
 6660 2.6001
 6665 2.5585
 6670 2.5180
 6675 2.4794
 6680 2.4436
 6685 2.4093
 6690 2.3763
 6695 2.3441
 6700 2.3130
 6705 2.2812
 6710 2.2484
 6715 2.2167
 6720 2.1835
 6725 2.1520
 6730 2.1201
 6735 2.0914
 6740 2.0647
 6745 2.0393
 6750 2.0167
 6755 1.9968
 6760 1.9756
 6765 1.9595
 6770 1.9416
 6775 1.9272
 6780 1.9109
 6785 1.8963
 6790 1.8811
 6795 1.8669
 6800 1.8530
 6805 1.8413
 6810 1.8283
 6815 1.8168
 6820 1.8022
 6825 1.7881
 6830 1.7698
 6835 1.7508
 6840 1.7275
 6845 1.7033
 6850 1.6748
 6855 1.6457
 6860 1.6142
 6865 1.5803
 6870 1.5475
 6875 1.5124
 6880 1.4826
 6885 1.4503
 6890 1.4226
 6895 1.3987
 6900 1.3769
 6905 1.3616
 6910 1.3513
 6915 1.3445
 6920 1.3448
 6925 1.3486
 6930 1.3588
 6935 1.3678
 6940 1.3816
 6945 1.3937
 6950 1.4068
 6955 1.4177
 6960 1.4275
 6965 1.4341
 6970 1.4344
 6975 1.4316
 6980 1.4201
 6985 1.4085
 6990 1.3883
 6995 1.3653
 7000 1.3362
 7005 1.2994
 7010 1.2606
 7015 1.2117
 7020 1.1629
 7025 1.1074
 7030 1.0482
 7035 0.9889
 7040 0.9241
 7045 0.8609
 7050 0.7986
 7055 0.7381
 7060 0.6844
 7065 0.6339
 7070 0.5902
 7075 0.5523
 7080 0.5189
 7085 0.4904
 7090 0.4677
 7095 0.4481
 7100 0.4327
 7105 0.4164
 7110 0.4003
 7115 0.3810
 7120 0.3605
 7125 0.3398
 7130 0.3149
 7135 0.2923
 7140 0.2654
 7145 0.2374
 7150 0.2109
 7155 0.1834
 7160 0.1595
 7165 0.1386
 7170 0.1178
 7175 0.1012
 7180 0.0832
 7185 0.0692
 7190 0.0559
 7195 0.0437
 7200 0.0315
 7205 0.0201
 7210 0.0076
 7215 -0.0056
 7220 -0.0178
 7225 -0.0312
 7230 -0.0438
 7235 -0.0547
 7240 -0.0658
 7245 -0.0748
 7250 -0.0837
 7255 -0.0904
 7260 -0.0962
 7265 -0.0987
 7270 -0.1001
 7275 -0.0998
 7280 -0.1008
 7285 -0.0991
 7290 -0.0995
 7295 -0.0958
 7300 -0.0943
 7305 -0.0941
 7310 -0.0938
 7315 -0.0962
 7320 -0.0974
 7325 -0.1005
 7330 -0.1030
 7335 -0.1063
 7340 -0.1124
 7345 -0.1179
 7350 -0.1237
 7355 -0.1284
 7360 -0.1304
 7365 -0.1326
 7370 -0.1308
 7375 -0.1295
 7380 -0.1237
 7385 -0.1143
 7390 -0.1007
 7395 -0.0838
 7400 -0.0620
 7405 -0.0415
 7410 -0.0166
 7415 0.0085
 7420 0.0344
 7425 0.0624
 7430 0.0862
 7435 0.1109
 7440 0.1290
 7445 0.1447
 7450 0.1559
 7455 0.1648
 7460 0.1717
 7465 0.1734
 7470 0.1696
 7475 0.1626
 7480 0.1545
 7485 0.1470
 7490 0.1393
 7495 0.1315
 7500 0.1218
 7505 0.1114
 7510 0.1055
 7515 0.1009
 7520 0.0996
 7525 0.0969
 7530 0.0958
 7535 0.0954
 7540 0.0973
 7545 0.0986
 7550 0.1021
 7555 0.1010
 7560 0.1018
 7565 0.1001
 7570 0.0984
 7575 0.0950
 7580 0.0878
 7585 0.0787
 7590 0.0688
 7595 0.0593
 7600 0.0489
 7605 0.0350
 7610 0.0201
 7615 0.0035
 7620 -0.0091
 7625 -0.0205
 7630 -0.0313
 7635 -0.0461
 7640 -0.0583
 7645 -0.0679
 7650 -0.0763
 7655 -0.0806
 7660 -0.0870
 7665 -0.0913
 7670 -0.0959
 7675 -0.0972
 7680 -0.0956
 7685 -0.0940
 7690 -0.0914
 7695 -0.0880
 7700 -0.0851
 7705 -0.0792
 7710 -0.0711
 7715 -0.0624
 7720 -0.0547
 7725 -0.0493
 7730 -0.0430
 7735 -0.0351
 7740 -0.0267
 7745 -0.0242
 7750 -0.0233
 7755 -0.0244
 7760 -0.0248
 7765 -0.0291
 7770 -0.0370
 7775 -0.0509
 7780 -0.0647
 7785 -0.0821
 7790 -0.1005
 7795 -0.1216
 7800 -0.1446
 7805 -0.1676
 7810 -0.1931
 7815 -0.2165
 7820 -0.2394
 7825 -0.2590
 7830 -0.2800
 7835 -0.3002
 7840 -0.3183
 7845 -0.3309
 7850 -0.3423
 7855 -0.3547
 7860 -0.3662
 7865 -0.3745
 7870 -0.3787
 7875 -0.3817
 7880 -0.3864
 7885 -0.3900
 7890 -0.3919
 7895 -0.3905
 7900 -0.3895
 7905 -0.3864
 7910 -0.3849
 7915 -0.3813
 7920 -0.3758
 7925 -0.3697
 7930 -0.3569
 7935 -0.3479
 7940 -0.3340
 7945 -0.3200
 7950 -0.3001
 7955 -0.2716
 7960 -0.2452
 7965 -0.2139
 7970 -0.1824
 7975 -0.1415
 7980 -0.0987
 7985 -0.0550
 7990 -0.0099
 7995 0.0318
 8000 0.0770
 8005 0.1170
 8010 0.1553
 8015 0.1897
 8020 0.2183
 8025 0.2446
 8030 0.2662
 8035 0.2867
 8040 0.3050
 8045 0.3232
 8050 0.3379
 8055 0.3588
 8060 0.3788
 8065 0.4058
 8070 0.4310
 8075 0.4585
 8080 0.4911
 8085 0.5268
 8090 0.5647
 8095 0.6016
 8100 0.6367
 8105 0.6740
 8110 0.7130
 8115 0.7488
 8120 0.7833
 8125 0.8170
 8130 0.8480
 8135 0.8807
 8140 0.9086
 8145 0.9343
 8150 0.9583
 8155 0.9788
 8160 0.9964
 8165 1.0075
 8170 1.0143
 8175 1.0154
 8180 1.0124
 8185 1.0005
 8190 0.9885
 8195 0.9649
 8200 0.9409
 8205 0.9144
 8210 0.8839
 8215 0.8560
 8220 0.8281
 8225 0.8030
 8230 0.7814
 8235 0.7647
 8240 0.7542
 8245 0.7490
 8250 0.7526
 8255 0.7571
 8260 0.7701
 8265 0.7874
 8270 0.8077
 8275 0.8305
 8280 0.8542
 8285 0.8818
 8290 0.9095
 8295 0.9356
 8300 0.9625
 8305 0.9912
 8310 1.0159
 8315 1.0451
 8320 1.0713
 8325 1.1004
 8330 1.1281
 8335 1.1548
 8340 1.1834
 8345 1.2129
 8350 1.2411
 8355 1.2701
 8360 1.2988
 8365 1.3286
 8370 1.3576
 8375 1.3884
 8380 1.4187
 8385 1.4485
 8390 1.4809
 8395 1.5104
 8400 1.5441
 8405 1.5750
 8410 1.6071
 8415 1.6391
 8420 1.6690
 8425 1.6983
 8430 1.7252
 8435 1.7505
 8440 1.7734
 8445 1.7899
 8450 1.8040
 8455 1.8138
 8460 1.8199
 8465 1.8166
 8470 1.8100
 8475 1.7969
 8480 1.7804
 8485 1.7566
 8490 1.7272
 8495 1.6964
 8500 1.6604
 8505 1.6227
 8510 1.5822
 8515 1.5434
 8520 1.5045
 8525 1.4652
 8530 1.4276
 8535 1.3928
 8540 1.3638
 8545 1.3360
 8550 1.3119
 8555 1.2900
 8560 1.2741
 8565 1.2630
 8570 1.2541
 8575 1.2486
 8580 1.2446
 8585 1.2459
 8590 1.2494
 8595 1.2541
 8600 1.2594
 8605 1.2671
 8610 1.2768
 8615 1.2866
 8620 1.2947
 8625 1.3048
 8630 1.3137
 8635 1.3236
 8640 1.3331
 8645 1.3397
 8650 1.3507
 8655 1.3577
 8660 1.3668
 8665 1.3754
 8670 1.3830
 8675 1.3930
 8680 1.4019
 8685 1.4103
 8690 1.4191
 8695 1.4250
 8700 1.4352
 8705 1.4418
 8710 1.4477
 8715 1.4508
 8720 1.4560
 8725 1.4600
 8730 1.4622
 8735 1.4629
 8740 1.4622
 8745 1.4611
 8750 1.4602
 8755 1.4573
 8760 1.4520
 8765 1.4469
 8770 1.4407
 8775 1.4354
 8780 1.4260
 8785 1.4175
 8790 1.4084
 8795 1.3998
 8800 1.3892
 8805 1.3807
 8810 1.3714
 8815 1.3650
 8820 1.3578
 8825 1.3518
 8830 1.3528
 8835 1.3526
 8840 1.3548
 8845 1.3595
 8850 1.3656
 8855 1.3772
 8860 1.3871
 8865 1.4015
 8870 1.4150
 8875 1.4292
 8880 1.4460
 8885 1.4639
 8890 1.4812
 8895 1.4991
 8900 1.5180
 8905 1.5370
 8910 1.5573
 8915 1.5758
 8920 1.5966
 8925 1.6173
 8930 1.6382
 8935 1.6597
 8940 1.6805
 8945 1.7010
 8950 1.7200
 8955 1.7381
 8960 1.7554
 8965 1.7707
 8970 1.7849
 8975 1.7934
 8980 1.8014
 8985 1.8083
 8990 1.8105
 8995 1.8115
 9000 1.8105
 9005 1.8074
 9010 1.8039
 9015 1.7982
 9020 1.7957
 9025 1.7916
 9030 1.7887
 9035 1.7883
 9040 1.7889
 9045 1.7919
 9050 1.7940
 9055 1.8014
 9060 1.8075
 9065 1.8171
 9070 1.8266
 9075 1.8371
 9080 1.8476
 9085 1.8590
 9090 1.8712
 9095 1.8830
 9100 1.8963
 9105 1.9072
 9110 1.9199
 9115 1.9321
 9120 1.9442
 9125 1.9555
 9130 1.9668
 9135 1.9784
 9140 1.9895
 9145 1.9979
 9150 2.0084
 9155 2.0171
 9160 2.0231
 9165 2.0302
 9170 2.0351
 9175 2.0393
 9180 2.0420
 9185 2.0438
 9190 2.0453
 9195 2.0441
 9200 2.0429
 9205 2.0419
 9210 2.0375
 9215 2.0348
 9220 2.0295
 9225 2.0244
 9230 2.0184
 9235 2.0100
 9240 2.0033
 9245 1.9945
 9250 1.9842
 9255 1.9746
 9260 1.9604
 9265 1.9495
 9270 1.9350
 9275 1.9182
 9280 1.9051
 9285 1.8853
 9290 1.8679
 9295 1.8485
 9300 1.8290
 9305 1.8087
 9310 1.7865
 9315 1.7652
 9320 1.7438
 9325 1.7190
 9330 1.6975
 9335 1.6727
 9340 1.6498
 9345 1.6262
 9350 1.6013
 9355 1.5782
 9360 1.5530
 9365 1.5285
 9370 1.5062
 9375 1.4815
 9380 1.4596
 9385 1.4389
 9390 1.4188
 9395 1.4002
 9400 1.3827
 9405 1.3690
 9410 1.3568
 9415 1.3445
 9420 1.3359
 9425 1.3266
 9430 1.3205
 9435 1.3137
 9440 1.3066
 9445 1.2998
 9450 1.2914
 9455 1.2838
 9460 1.2725
 9465 1.2605
 9470 1.2475
 9475 1.2310
 9480 1.2151
 9485 1.1981
 9490 1.1796
 9495 1.1604
 9500 1.1424
 9505 1.1230
 9510 1.1069
 9515 1.0903
 9520 1.0765
 9525 1.0648
 9530 1.0544
 9535 1.0474
 9540 1.0433
 9545 1.0383
 9550 1.0398
 9555 1.0393
 9560 1.0435
 9565 1.0466
 9570 1.0508
 9575 1.0566
 9580 1.0596
 9585 1.0639
 9590 1.0655
 9595 1.0680
 9600 1.0703
 9605 1.0673
 9610 1.0673
 9615 1.0647
 9620 1.0625
 9625 1.0598
 9630 1.0546
 9635 1.0530
 9640 1.0480
 9645 1.0438
 9650 1.0384
 9655 1.0354
 9660 1.0301
 9665 1.0275
 9670 1.0221
 9675 1.0188
 9680 1.0148
 9685 1.0117
 9690 1.0094
 9695 1.0055
 9700 1.0047
 9705 1.0020
 9710 0.9989
 9715 0.9970
 9720 0.9901
 9725 0.9871
 9730 0.9792
 9735 0.9711
 9740 0.9609
 9745 0.9474
 9750 0.9346
 9755 0.9179
 9760 0.9021
 9765 0.8846
 9770 0.8674
 9775 0.8494
 9780 0.8316
 9785 0.8166
 9790 0.8005
 9795 0.7862
 9800 0.7718
 9805 0.7604
 9810 0.7492
 9815 0.7373
 9820 0.7282
 9825 0.7191
 9830 0.7107
 9835 0.7030
 9840 0.6945
 9845 0.6891
 9850 0.6822
 9855 0.6760
 9860 0.6703
 9865 0.6643
 9870 0.6600
 9875 0.6545
 9880 0.6498
 9885 0.6461
 9890 0.6424
 9895 0.6407
 9900 0.6402
 9905 0.6385
 9910 0.6417
 9915 0.6447
 9920 0.6505
 9925 0.6580
 9930 0.6654
 9935 0.6773
 9940 0.6878
 9945 0.7007
 9950 0.7141
 9955 0.7265
 9960 0.7396
 9965 0.7492
 9970 0.7576
 9975 0.7655
 9980 0.7682
 9985 0.7699
 9990 0.7675
 9995 0.7616
10000 0.7538
10005 0.7423
10010 0.7289
10015 0.7146
10020 0.6990
10025 0.6814
10030 0.6648
10035 0.6468
10040 0.6295
10045 0.6128
10050 0.5967
10055 0.5794
10060 0.5610
10065 0.5438
10070 0.5239
10075 0.5033
10080 0.4790
10085 0.4537
10090 0.4257
10095 0.3944
10100 0.3613
10105 0.3266
10110 0.2902
10115 0.2538
10120 0.2161
10125 0.1796
10130 0.1448
10135 0.1107
10140 0.0773
10145 0.0494
10150 0.0210
10155 -0.0044
10160 -0.0270
10165 -0.0484
10170 -0.0695
10175 -0.0871
10180 -0.1034
10185 -0.1204
10190 -0.1354
10195 -0.1497
10200 -0.1627
10205 -0.1753
10210 -0.1859
10215 -0.1980
10220 -0.2073
10225 -0.2164
10230 -0.2265
10235 -0.2343
10240 -0.2445
10245 -0.2522
10250 -0.2630
10255 -0.2721
10260 -0.2806
10265 -0.2914
10270 -0.3003
10275 -0.3085
10280 -0.3151
10285 -0.3218
10290 -0.3255
10295 -0.3284
10300 -0.3294
10305 -0.3280
10310 -0.3249
10315 -0.3219
10320 -0.3174
10325 -0.3117
10330 -0.3080
10335 -0.3025
10340 -0.2983
10345 -0.2951
10350 -0.2920
10355 -0.2918
10360 -0.2923
10365 -0.2953
10370 -0.2981
10375 -0.3036
10380 -0.3102
10385 -0.3164
10390 -0.3262
10395 -0.3335
10400 -0.3433
10405 -0.3518
10410 -0.3593
10415 -0.3668
10420 -0.3723
10425 -0.3777
10430 -0.3798
10435 -0.3830
10440 -0.3815
10445 -0.3814
10450 -0.3779
10455 -0.3728
10460 -0.3686
10465 -0.3629
10470 -0.3555
10475 -0.3495
10480 -0.3417
10485 -0.3345
10490 -0.3290
10495 -0.3220
10500 -0.3172
10505 -0.3133
10510 -0.3086
10515 -0.3079
10520 -0.3074
10525 -0.3094
10530 -0.3131
10535 -0.3186
10540 -0.3269
10545 -0.3351
10550 -0.3473
10555 -0.3583
10560 -0.3719
10565 -0.3857
10570 -0.4003
10575 -0.4148
10580 -0.4285
10585 -0.4423
10590 -0.4555
10595 -0.4675
10600 -0.4785
10605 -0.4901
10610 -0.4989
10615 -0.5078
10620 -0.5170
10625 -0.5242
10630 -0.5313
10635 -0.5375
10640 -0.5432
10645 -0.5494
10650 -0.5536
10655 -0.5591
10660 -0.5622
10665 -0.5661
10670 -0.5681
10675 -0.5706
10680 -0.5711
10685 -0.5721
10690 -0.5719
10695 -0.5731
10700 -0.5713
10705 -0.5715
10710 -0.5722
10715 -0.5718
10720 -0.5743
10725 -0.5760
10730 -0.5793
10735 -0.5839
10740 -0.5876
10745 -0.5935
10750 -0.6012
10755 -0.6080
10760 -0.6151
10765 -0.6232
10770 -0.6299
10775 -0.6357
10780 -0.6441
10785 -0.6478
10790 -0.6557
10795 -0.6598
10800 -0.6654
10805 -0.6717
10810 -0.6769
10815 -0.6842
10820 -0.6932
10825 -0.7020
10830 -0.7127
10835 -0.7239
10840 -0.7376
10845 -0.7479
10850 -0.7619
10855 -0.7724
10860 -0.7828
10865 -0.7919
10870 -0.7961
10875 -0.7990
10880 -0.8008
10885 -0.7969
10890 -0.7922
10895 -0.7850
10900 -0.7745
10905 -0.7653
10910 -0.7508
10915 -0.7398
10920 -0.7273
10925 -0.7129
10930 -0.7036
10935 -0.6903
10940 -0.6810
10945 -0.6717
10950 -0.6627
10955 -0.6559
10960 -0.6480
10965 -0.6445
10970 -0.6385
10975 -0.6342
10980 -0.6323
10985 -0.6281
10990 -0.6275
10995 -0.6252
11000 -0.6235
11005 -0.6219
11010 -0.6203
11015 -0.6180
11020 -0.6146
11025 -0.6109
11030 -0.6052
11035 -0.5996
11040 -0.5898
11045 -0.5809
11050 -0.5685
11055 -0.5543
11060 -0.5409
11065 -0.5216
11070 -0.5047
11075 -0.4842
11080 -0.4626
11085 -0.4403
11090 -0.4172
11095 -0.3937
11100 -0.3684
11105 -0.3452
11110 -0.3198
11115 -0.2947
11120 -0.2704
11125 -0.2455
11130 -0.2209
11135 -0.1978
11140 -0.1726
11145 -0.1490
11150 -0.1265
11155 -0.1023
11160 -0.0795
11165 -0.0560
11170 -0.0324
11175 -0.0097
11180 0.0140
11185 0.0364
11190 0.0593
11195 0.0821
11200 0.1033
11205 0.1241
11210 0.1430
11215 0.1598
11220 0.1744
11225 0.1873
11230 0.1962
11235 0.2014
11240 0.2026
11245 0.2021
11250 0.1956
11255 0.1890
11260 0.1774
11265 0.1641
11270 0.1508
11275 0.1355
11280 0.1219
11285 0.1090
11290 0.0991
11295 0.0924
11300 0.0893
11305 0.0910
11310 0.0966
11315 0.1063
11320 0.1197
11325 0.1364
11330 0.1551
11335 0.1750
11340 0.1974
11345 0.2174
11350 0.2389
11355 0.2579
11360 0.2775
11365 0.2947
11370 0.3110
11375 0.3277
11380 0.3421
11385 0.3581
11390 0.3751
11395 0.3910
11400 0.4131
11405 0.4320
11410 0.4591
11415 0.4853
11420 0.5168
11425 0.5503
11430 0.5856
11435 0.6263
11440 0.6680
11445 0.7104
11450 0.7570
11455 0.8016
11460 0.8485
11465 0.8950
11470 0.9397
11475 0.9858
11480 1.0271
11485 1.0693
11490 1.1090
11495 1.1445
11500 1.1804
11505 1.2135
11510 1.2434
11515 1.2747
11520 1.3005
11525 1.3295
11530 1.3548
11535 1.3822
11540 1.4086
11545 1.4362
11550 1.4648
11555 1.4921
11560 1.5213
11565 1.5515
11570 1.5805
11575 1.6115
11580 1.6410
11585 1.6714
11590 1.7022
11595 1.7313
11600 1.7610
11605 1.7918
11610 1.8206
11615 1.8531
11620 1.8824
11625 1.9142
11630 1.9457
11635 1.9757
