    0 0.0160
    5 0.0170
   10 0.0170
   15 0.0180
   20 0.0190
   25 0.0190
   30 0.0200
   35 0.0200
   40 0.0200
   45 0.0210
   50 0.0220
   55 0.0318
   60 0.0338
   65 0.0350
   70 0.0375
   75 0.0404
   80 0.0438
   85 0.0510
   90 0.0563
   95 0.0652
  100 0.0730
  105 0.0809
  110 0.0881
  115 0.0933
  120 0.0973
  125 0.0965
  130 0.0949
  135 0.0870
  140 0.0749
  145 0.0579
  150 0.0389
  155 0.0173
  160 -0.0082
  165 -0.0344
  170 -0.0608
  175 -0.0865
  180 -0.1093
  185 -0.1316
  190 -0.1476
  195 -0.1615
  200 -0.1697
  205 -0.1753
  210 -0.1775
  215 -0.1759
  220 -0.1737
  225 -0.1684
  230 -0.1622
  235 -0.1562
  240 -0.1494
  245 -0.1436
  250 -0.1406
  255 -0.1360
  260 -0.1335
  265 -0.1301
  270 -0.1281
  275 -0.1296
  280 -0.1265
  285 -0.1269
  290 -0.1250
  295 -0.1227
  300 -0.1219
  305 -0.1181
  310 -0.1161
  315 -0.1120
  320 -0.1093
  325 -0.1052
  330 -0.1019
  335 -0.0988
  340 -0.0953
  345 -0.0931
  350 -0.0923
  355 -0.0911
  360 -0.0923
  365 -0.0949
  370 -0.0984
  375 -0.1042
  380 -0.1107
  385 -0.1187
  390 -0.1280
  395 -0.1366
  400 -0.1465
  405 -0.1555
  410 -0.1651
  415 -0.1735
  420 -0.1813
  425 -0.1883
  430 -0.1940
  435 -0.1994
  440 -0.2045
  445 -0.2080
  450 -0.2129
  455 -0.2154
  460 -0.2201
  465 -0.2237
  470 -0.2273
  475 -0.2323
  480 -0.2361
  485 -0.2407
  490 -0.2441
  495 -0.2490
  500 -0.2525
  505 -0.2559
  510 -0.2605
  515 -0.2634
  520 -0.2680
  525 -0.2720
  530 -0.2756
  535 -0.2819
  540 -0.2865
  545 -0.2930
  550 -0.2998
  555 -0.3062
  560 -0.3136
  565 -0.3198
  570 -0.3277
  575 -0.3339
  580 -0.3405
  585 -0.3473
  590 -0.3528
  595 -0.3580
  600 -0.3637
  605 -0.3687
  610 -0.3745
  615 -0.3799
  620 -0.3868
  625 -0.3936
  630 -0.4001
  635 -0.4087
  640 -0.4158
  645 -0.4238
  650 -0.4327
  655 -0.4389
  660 -0.4471
  665 -0.4524
  670 -0.4574
  675 -0.4622
  680 -0.4638
  685 -0.4672
  690 -0.4662
  695 -0.4656
  700 -0.4633
  705 -0.4594
  710 -0.4544
  715 -0.4494
  720 -0.4428
  725 -0.4356
  730 -0.4293
  735 -0.4208
  740 -0.4123
  745 -0.4048
  750 -0.3949
  755 -0.3876
  760 -0.3782
  765 -0.3702
  770 -0.3615
  775 -0.3536
  780 -0.3451
  785 -0.3371
  790 -0.3291
  795 -0.3219
  800 -0.3143
  805 -0.3064
  810 -0.2976
  815 -0.2894
  820 -0.2787
  825 -0.2688
  830 -0.2564
  835 -0.2431
  840 -0.2283
  845 -0.2128
  850 -0.1936
  855 -0.1734
  860 -0.1522
  865 -0.1275
  870 -0.1050
  875 -0.0778
  880 -0.0516
  885 -0.0242
  890 0.0053
  895 0.0344
  900 0.0649
  905 0.0964
  910 0.1274
  915 0.1602
  920 0.1923
  925 0.2270
  930 0.2600
  935 0.2956
  940 0.3308
  945 0.3672
  950 0.4046
  955 0.4410
  960 0.4794
  965 0.5175
  970 0.5560
  975 0.5961
  980 0.6352
  985 0.6761
  990 0.7162
  995 0.7570
 1000 0.7987
 1005 0.8405
 1010 0.8826
 1015 0.9266
 1020 0.9693
 1025 1.0131
 1030 1.0558
 1035 1.0997
 1040 1.1438
 1045 1.1856
 1050 1.2299
 1055 1.2718
 1060 1.3136
 1065 1.3569
 1070 1.3948
 1075 1.4351
 1080 1.4717
 1085 1.5070
 1090 1.5427
 1095 1.5732
 1100 1.6048
 1105 1.6334
 1110 1.6604
 1115 1.6861
 1120 1.7090
 1125 1.7309
 1130 1.7526
 1135 1.7704
 1140 1.7905
 1145 1.8068
 1150 1.8227
 1155 1.8388
 1160 1.8504
 1165 1.8664
 1170 1.8755
 1175 1.8875
 1180 1.8976
 1185 1.9053
 1190 1.9140
 1195 1.9192
 1200 1.9248
 1205 1.9295
 1210 1.9322
 1215 1.9362
 1220 1.9384
 1225 1.9399
 1230 1.9423
 1235 1.9436
 1240 1.9464
 1245 1.9496
 1250 1.9534
 1255 1.9589
 1260 1.9633
 1265 1.9712
 1270 1.9795
 1275 1.9890
 1280 2.0024
 1285 2.0147
 1290 2.0318
 1295 2.0490
 1300 2.0692
 1305 2.0908
 1310 2.1152
 1315 2.1414
 1320 2.1692
 1325 2.1988
 1330 2.2303
 1335 2.2629
 1340 2.2978
 1345 2.3320
 1350 2.3693
 1355 2.4037
 1360 2.4415
 1365 2.4779
 1370 2.5151
 1375 2.5534
 1380 2.5919
 1385 2.6323
 1390 2.6748
 1395 2.7211
 1400 2.7705
 1405 2.8257
 1410 2.8866
 1415 2.9558
 1420 3.0333
 1425 3.1213
 1430 3.2213
 1435 3.3343
 1440 3.4607
 1445 3.6014
 1450 3.7582
 1455 3.9281
 1460 4.1128
 1465 4.3109
 1470 4.5180
 1475 4.7366
 1480 4.9590
 1485 5.1865
 1490 5.4111
 1495 5.6308
 1500 5.8417
 1505 6.0369
 1510 6.2135
 1515 6.3671
 1520 6.4921
 1525 6.5877
 1530 6.6484
 1535 6.6740
 1540 6.6615
 1545 6.6120
 1550 6.5255
 1555 6.4027
 1560 6.2466
 1565 6.0592
 1570 5.8435
 1575 5.6044
 1580 5.3442
 1585 5.0698
 1590 4.7840
 1595 4.4915
 1600 4.1982
 1605 3.9075
 1610 3.6252
 1615 3.3539
 1620 3.0988
 1625 2.8621
 1630 2.6500
 1635 2.4592
 1640 2.2975
 1645 2.1602
 1650 2.0494
 1655 1.9649
 1660 1.9023
 1665 1.8616
 1670 1.8379
 1675 1.8276
 1680 1.8270
 1685 1.8326
 1690 1.8380
 1695 1.8459
 1700 1.8459
 1705 1.8416
 1710 1.8291
 1715 1.8079
 1720 1.7789
 1725 1.7418
 1730 1.7004
 1735 1.6525
 1740 1.6044
 1745 1.5536
 1750 1.5035
 1755 1.4563
 1760 1.4094
 1765 1.3664
 1770 1.3254
 1775 1.2842
 1780 1.2450
 1785 1.2030
 1790 1.1582
 1795 1.1103
 1800 1.0567
 1805 0.9983
 1810 0.9369
 1815 0.8705
 1820 0.8037
 1825 0.7383
 1830 0.6763
 1835 0.6223
 1840 0.5786
 1845 0.5485
 1850 0.5330
 1855 0.5361
 1860 0.5566
 1865 0.5945
 1870 0.6493
 1875 0.7165
 1880 0.7963
 1885 0.8807
 1890 0.9679
 1895 1.0530
 1900 1.1305
 1905 1.1977
 1910 1.2516
 1915 1.2891
 1920 1.3108
 1925 1.3159
 1930 1.3055
 1935 1.2804
 1940 1.2450
 1945 1.2007
 1950 1.1510
 1955 1.0989
 1960 1.0475
 1965 0.9981
 1970 0.9567
 1975 0.9207
 1980 0.8944
 1985 0.8785
 1990 0.8710
 1995 0.8767
 2000 0.8908
 2005 0.9166
 2010 0.9518
 2015 0.9958
 2020 1.0498
 2025 1.1100
 2030 1.1782
 2035 1.2499
 2040 1.3267
 2045 1.4033
 2050 1.4788
 2055 1.5529
 2060 1.6172
 2065 1.6770
 2070 1.7241
 2075 1.7607
 2080 1.7826
 2085 1.7931
 2090 1.7882
 2095 1.7743
 2100 1.7485
 2105 1.7170
 2110 1.6826
 2115 1.6469
 2120 1.6160
 2125 1.5921
 2130 1.5772
 2135 1.5754
 2140 1.5854
 2145 1.6088
 2150 1.6429
 2155 1.6870
 2160 1.7368
 2165 1.7873
 2170 1.8373
 2175 1.8777
 2180 1.9106
 2185 1.9279
 2190 1.9283
 2195 1.9127
 2200 1.8761
 2205 1.8234
 2210 1.7553
 2215 1.6721
 2220 1.5819
 2225 1.4835
 2230 1.3816
 2235 1.2824
 2240 1.1835
 2245 1.0908
 2250 1.0055
 2255 0.9266
 2260 0.8556
 2265 0.7927
 2270 0.7347
 2275 0.6840
 2280 0.6370
 2285 0.5941
 2290 0.5546
 2295 0.5184
 2300 0.4845
 2305 0.4542
 2310 0.4280
 2315 0.4051
 2320 0.3869
 2325 0.3728
 2330 0.3629
 2335 0.3551
 2340 0.3499
 2345 0.3435
 2350 0.3365
 2355 0.3236
 2360 0.3060
 2365 0.2807
 2370 0.2466
 2375 0.2051
 2380 0.1535
 2385 0.0953
 2390 0.0304
 2395 -0.0380
 2400 -0.1109
 2405 -0.1818
 2410 -0.2534
 2415 -0.3225
 2420 -0.3856
 2425 -0.4494
 2430 -0.5066
 2435 -0.5635
 2440 -0.6187
 2445 -0.6718
 2450 -0.7261
 2455 -0.7780
 2460 -0.8311
 2465 -0.8786
 2470 -0.9241
 2475 -0.9610
 2480 -0.9879
 2485 -1.0024
 2490 -0.9996
 2495 -0.9800
 2500 -0.9398
 2505 -0.8801
 2510 -0.8026
 2515 -0.7060
 2520 -0.5971
 2525 -0.4766
 2530 -0.3502
 2535 -0.2244
 2540 -0.1027
 2545 0.0093
 2550 0.1086
 2555 0.1899
 2560 0.2532
 2565 0.2958
 2570 0.3193
 2575 0.3235
 2580 0.3104
 2585 0.2827
 2590 0.2406
 2595 0.1903
 2600 0.1310
 2605 0.0669
 2610 -0.0020
 2615 -0.0739
 2620 -0.1506
 2625 -0.2283
 2630 -0.3102
 2635 -0.3939
 2640 -0.4794
 2645 -0.5680
 2650 -0.6585
 2655 -0.7486
 2660 -0.8408
 2665 -0.9294
 2670 -1.0182
 2675 -1.1032
 2680 -1.1865
 2685 -1.2670
 2690 -1.3475
 2695 -1.4269
 2700 -1.5074
 2705 -1.5906
 2710 -1.6772
 2715 -1.7703
 2720 -1.8683
 2725 -1.9743
 2730 -2.0858
 2735 -2.2022
 2740 -2.3207
 2745 -2.4397
 2750 -2.5535
 2755 -2.6620
 2760 -2.7603
 2765 -2.8442
 2770 -2.9125
 2775 -2.9621
 2780 -2.9917
 2785 -3.0044
 2790 -2.9956
 2795 -2.9710
 2800 -2.9317
 2805 -2.8790
 2810 -2.8190
 2815 -2.7516
 2820 -2.6829
 2825 -2.6150
 2830 -2.5498
 2835 -2.4909
 2840 -2.4388
 2845 -2.3944
 2850 -2.3581
 2855 -2.3294
 2860 -2.3077
 2865 -2.2916
 2870 -2.2815
 2875 -2.2726
 2880 -2.2664
 2885 -2.2576
 2890 -2.2494
 2895 -2.2366
 2900 -2.2195
 2905 -2.1967
 2910 -2.1673
 2915 -2.1337
 2920 -2.0950
 2925 -2.0529
 2930 -2.0079
 2935 -1.9645
 2940 -1.9241
 2945 -1.8877
 2950 -1.8589
 2955 -1.8372
 2960 -1.8248
 2965 -1.8215
 2970 -1.8260
 2975 -1.8404
 2980 -1.8579
 2985 -1.8817
 2990 -1.9056
 2995 -1.9296
 3000 -1.9505
 3005 -1.9676
 3010 -1.9786
 3015 -1.9826
 3020 -1.9816
 3025 -1.9744
 3030 -1.9641
 3035 -1.9511
 3040 -1.9364
 3045 -1.9254
 3050 -1.9153
 3055 -1.9106
 3060 -1.9101
 3065 -1.9159
 3070 -1.9261
 3075 -1.9419
 3080 -1.9604
 3085 -1.9818
 3090 -2.0057
 3095 -2.0283
 3100 -2.0514
 3105 -2.0713
 3110 -2.0876
 3115 -2.1030
 3120 -2.1130
 3125 -2.1217
 3130 -2.1266
 3135 -2.1307
 3140 -2.1326
 3145 -2.1318
 3150 -2.1300
 3155 -2.1259
 3160 -2.1213
 3165 -2.1121
 3170 -2.1015
 3175 -2.0855
 3180 -2.0645
 3185 -2.0368
 3190 -2.0015
 3195 -1.9592
 3200 -1.9100
 3205 -1.8534
 3210 -1.7885
 3215 -1.7177
 3220 -1.6393
 3225 -1.5571
 3230 -1.4707
 3235 -1.3827
 3240 -1.2933
 3245 -1.2046
 3250 -1.1187
 3255 -1.0343
 3260 -0.9557
 3265 -0.8814
 3270 -0.8146
 3275 -0.7533
 3280 -0.6988
 3285 -0.6510
 3290 -0.6094
 3295 -0.5724
 3300 -0.5381
 3305 -0.5083
 3310 -0.4803
 3315 -0.4524
 3320 -0.4233
 3325 -0.3918
 3330 -0.3591
 3335 -0.3196
 3340 -0.2770
 3345 -0.2296
 3350 -0.1752
 3355 -0.1155
 3360 -0.0488
 3365 0.0237
 3370 0.1041
 3375 0.1917
 3380 0.2846
 3385 0.3865
 3390 0.4922
 3395 0.6058
 3400 0.7207
 3405 0.8408
 3410 0.9625
 3415 1.0829
 3420 1.2016
 3425 1.3163
 3430 1.4253
 3435 1.5276
 3440 1.6209
 3445 1.7055
 3450 1.7799
 3455 1.8437
 3460 1.8971
 3465 1.9412
 3470 1.9743
 3475 1.9992
 3480 2.0163
 3485 2.0252
 3490 2.0303
 3495 2.0274
 3500 2.0230
 3505 2.0112
 3510 2.0003
 3515 1.9833
 3520 1.9650
 3525 1.9431
 3530 1.9174
 3535 1.8896
 3540 1.8583
 3545 1.8235
 3550 1.7872
 3555 1.7479
 3560 1.7099
 3565 1.6708
 3570 1.6363
 3575 1.6055
 3580 1.5801
 3585 1.5616
 3590 1.5509
 3595 1.5484
 3600 1.5525
 3605 1.5655
 3610 1.5815
 3615 1.6025
 3620 1.6237
 3625 1.6447
 3630 1.6605
 3635 1.6739
 3640 1.6794
 3645 1.6808
 3650 1.6769
 3655 1.6681
 3660 1.6575
 3665 1.6458
 3670 1.6365
 3675 1.6306
 3680 1.6297
 3685 1.6355
 3690 1.6467
 3695 1.6635
 3700 1.6857
 3705 1.7110
 3710 1.7384
 3715 1.7640
 3720 1.7872
 3725 1.8049
 3730 1.8165
 3735 1.8206
 3740 1.8165
 3745 1.8031
 3750 1.7832
 3755 1.7538
 3760 1.7189
 3765 1.6776
 3770 1.6306
 3775 1.5811
 3780 1.5274
 3785 1.4717
 3790 1.4155
 3795 1.3575
 3800 1.3026
 3805 1.2459
 3810 1.1920
 3815 1.1407
 3820 1.0913
 3825 1.0457
 3830 1.0022
 3835 0.9640
 3840 0.9279
 3845 0.8978
 3850 0.8701
 3855 0.8466
 3860 0.8278
 3865 0.8109
 3870 0.7993
 3875 0.7889
 3880 0.7823
 3885 0.7786
 3890 0.7767
 3895 0.7761
 3900 0.7770
 3905 0.7783
 3910 0.7786
 3915 0.7803
 3920 0.7781
 3925 0.7767
 3930 0.7724
 3935 0.7660
 3940 0.7594
 3945 0.7507
 3950 0.7416
 3955 0.7318
 3960 0.7209
 3965 0.7103
 3970 0.7011
 3975 0.6921
 3980 0.6849
 3985 0.6782
 3990 0.6745
 3995 0.6720
 4000 0.6694
 4005 0.6692
 4010 0.6678
 4015 0.6672
 4020 0.6657
 4025 0.6632
 4030 0.6611
 4035 0.6564
 4040 0.6510
 4045 0.6451
 4050 0.6376
 4055 0.6324
 4060 0.6278
 4065 0.6246
 4070 0.6267
 4075 0.6300
 4080 0.6405
 4085 0.6558
 4090 0.6741
 4095 0.7027
 4100 0.7316
 4105 0.7683
 4110 0.8062
 4115 0.8459
 4120 0.8882
 4125 0.9257
 4130 0.9632
 4135 0.9948
 4140 1.0215
 4145 1.0425
 4150 1.0561
 4155 1.0634
 4160 1.0643
 4165 1.0601
 4170 1.0518
 4175 1.0416
 4180 1.0295
 4185 1.0175
 4190 1.0070
 4195 0.9993
 4200 0.9952
 4205 0.9943
 4210 0.9982
 4215 1.0030
 4220 1.0126
 4225 1.0237
 4230 1.0371
 4235 1.0525
 4240 1.0702
 4245 1.0889
 4250 1.1112
 4255 1.1342
 4260 1.1619
 4265 1.1935
 4270 1.2273
 4275 1.2695
 4280 1.3119
 4285 1.3608
 4290 1.4117
 4295 1.4649
 4300 1.5177
 4305 1.5712
 4310 1.6213
 4315 1.6680
 4320 1.7078
 4325 1.7401
 4330 1.7643
 4335 1.7781
 4340 1.7833
 4345 1.7804
 4350 1.7667
 4355 1.7473
 4360 1.7185
 4365 1.6866
 4370 1.6500
 4375 1.6117
 4380 1.5752
 4385 1.5371
 4390 1.5043
 4395 1.4715
 4400 1.4439
 4405 1.4205
 4410 1.3992
 4415 1.3822
 4420 1.3695
 4425 1.3582
 4430 1.3525
 4435 1.3473
 4440 1.3470
 4445 1.3488
 4450 1.3528
 4455 1.3620
 4460 1.3732
 4465 1.3865
 4470 1.4033
 4475 1.4195
 4480 1.4386
 4485 1.4581
 4490 1.4765
 4495 1.4967
 4500 1.5125
 4505 1.5292
 4510 1.5442
 4515 1.5589
 4520 1.5727
 4525 1.5856
 4530 1.6002
 4535 1.6153
 4540 1.6316
 4545 1.6516
 4550 1.6700
 4555 1.6924
 4560 1.7132
 4565 1.7371
 4570 1.7594
 4575 1.7820
 4580 1.8012
 4585 1.8189
 4590 1.8349
 4595 1.8461
 4600 1.8559
 4605 1.8598
 4610 1.8603
 4615 1.8568
 4620 1.8474
 4625 1.8341
 4630 1.8148
 4635 1.7891
 4640 1.7598
 4645 1.7232
 4650 1.6824
 4655 1.6367
 4660 1.5870
 4665 1.5335
 4670 1.4787
 4675 1.4218
 4680 1.3671
 4685 1.3113
 4690 1.2585
 4695 1.2094
 4700 1.1621
 4705 1.1214
 4710 1.0821
 4715 1.0487
 4720 1.0182
 4725 0.9902
 4730 0.9665
 4735 0.9431
 4740 0.9220
 4745 0.9022
 4750 0.8808
 4755 0.8613
 4760 0.8384
 4765 0.8165
 4770 0.7911
 4775 0.7648
 4780 0.7355
 4785 0.7051
 4790 0.6713
 4795 0.6359
 4800 0.5981
 4805 0.5606
 4810 0.5225
 4815 0.4832
 4820 0.4456
 4825 0.4072
 4830 0.3719
 4835 0.3376
 4840 0.3073
 4845 0.2782
 4850 0.2510
 4855 0.2266
 4860 0.2038
 4865 0.1819
 4870 0.1623
 4875 0.1432
 4880 0.1259
 4885 0.1111
 4890 0.0970
 4895 0.0841
 4900 0.0732
 4905 0.0633
 4910 0.0587
 4915 0.0556
 4920 0.0575
 4925 0.0606
 4930 0.0686
 4935 0.0805
 4940 0.0944
 4945 0.1121
 4950 0.1311
 4955 0.1530
 4960 0.1739
 4965 0.1963
 4970 0.2168
 4975 0.2360
 4980 0.2543
 4985 0.2684
 4990 0.2810
 4995 0.2903
 5000 0.2960
 5005 0.2973
 5010 0.2958
 5015 0.2904
 5020 0.2815
 5025 0.2675
 5030 0.2495
 5035 0.2267
 5040 0.2001
 5045 0.1685
 5050 0.1328
 5055 0.0917
 5060 0.0454
 5065 -0.0039
 5070 -0.0586
 5075 -0.1148
 5080 -0.1745
 5085 -0.2363
 5090 -0.2975
 5095 -0.3593
 5100 -0.4203
 5105 -0.4784
 5110 -0.5344
 5115 -0.5865
 5120 -0.6335
 5125 -0.6764
 5130 -0.7147
 5135 -0.7466
 5140 -0.7759
 5145 -0.7970
 5150 -0.8157
 5155 -0.8287
 5160 -0.8375
 5165 -0.8428
 5170 -0.8438
 5175 -0.8420
 5180 -0.8369
 5185 -0.8292
 5190 -0.8197
 5195 -0.8075
 5200 -0.7958
 5205 -0.7805
 5210 -0.7673
 5215 -0.7545
 5220 -0.7418
 5225 -0.7323
 5230 -0.7224
 5235 -0.7153
 5240 -0.7112
 5245 -0.7080
 5250 -0.7059
 5255 -0.7052
 5260 -0.7051
 5265 -0.7054
 5270 -0.7052
 5275 -0.7055
 5280 -0.7044
 5285 -0.7047
 5290 -0.7053
 5295 -0.7057
 5300 -0.7091
 5305 -0.7128
 5310 -0.7199
 5315 -0.7310
 5320 -0.7433
 5325 -0.7625
 5330 -0.7842
 5335 -0.8107
 5340 -0.8421
 5345 -0.8750
 5350 -0.9132
 5355 -0.9522
 5360 -0.9922
 5365 -1.0339
 5370 -1.0726
 5375 -1.1094
 5380 -1.1421
 5385 -1.1691
 5390 -1.1912
 5395 -1.2038
 5400 -1.2116
 5405 -1.2093
 5410 -1.1980
 5415 -1.1815
 5420 -1.1533
 5425 -1.1228
 5430 -1.0831
 5435 -1.0385
 5440 -0.9925
 5445 -0.9406
 5450 -0.8879
 5455 -0.8340
 5460 -0.7782
 5465 -0.7256
 5470 -0.6714
 5475 -0.6203
 5480 -0.5723
 5485 -0.5230
 5490 -0.4797
 5495 -0.4387
 5500 -0.4018
 5505 -0.3697
 5510 -0.3401
 5515 -0.3174
 5520 -0.2976
 5525 -0.2819
 5530 -0.2726
 5535 -0.2641
 5540 -0.2635
 5545 -0.2625
 5550 -0.2660
 5555 -0.2709
 5560 -0.2759
 5565 -0.2833
 5570 -0.2882
 5575 -0.2945
 5580 -0.2991
 5585 -0.3015
 5590 -0.3037
 5595 -0.3031
 5600 -0.2996
 5605 -0.2952
 5610 -0.2881
 5615 -0.2786
 5620 -0.2659
 5625 -0.2524
 5630 -0.2369
 5635 -0.2196
 5640 -0.2001
 5645 -0.1814
 5650 -0.1607
 5655 -0.1404
 5660 -0.1191
 5665 -0.0992
 5670 -0.0795
 5675 -0.0629
 5680 -0.0466
 5685 -0.0313
 5690 -0.0202
 5695 -0.0079
 5700 0.0008
 5705 0.0095
 5710 0.0175
 5715 0.0227
 5720 0.0310
 5725 0.0363
 5730 0.0456
 5735 0.0538
 5740 0.0630
 5745 0.0746
 5750 0.0856
 5755 0.0990
 5760 0.1121
 5765 0.1258
 5770 0.1396
 5775 0.1522
 5780 0.1637
 5785 0.1749
 5790 0.1842
 5795 0.1930
 5800 0.2016
 5805 0.2092
 5810 0.2178
 5815 0.2262
 5820 0.2355
 5825 0.2469
 5830 0.2572
 5835 0.2723
 5840 0.2851
 5845 0.3015
 5850 0.3177
 5855 0.3334
 5860 0.3508
 5865 0.3648
 5870 0.3808
 5875 0.3937
 5880 0.4072
 5885 0.4180
 5890 0.4276
 5895 0.4369
 5900 0.4438
 5905 0.4508
 5910 0.4576
 5915 0.4624
 5920 0.4683
 5925 0.4730
 5930 0.4773
 5935 0.4819
 5940 0.4865
 5945 0.4896
 5950 0.4936
 5955 0.4959
 5960 0.4997
 5965 0.5022
 5970 0.5041
 5975 0.5069
 5980 0.5069
 5985 0.5095
 5990 0.5104
 5995 0.5124
 6000 0.5140
 6005 0.5173
 6010 0.5205
 6015 0.5256
 6020 0.5318
 6025 0.5394
 6030 0.5478
 6035 0.5595
 6040 0.5704
 6045 0.5854
 6050 0.6011
 6055 0.6190
 6060 0.6372
 6065 0.6580
 6070 0.6794
 6075 0.7033
 6080 0.7276
 6085 0.7533
 6090 0.7779
 6095 0.8036
 6100 0.8285
 6105 0.8540
 6110 0.8782
 6115 0.9016
 6120 0.9242
 6125 0.9440
 6130 0.9655
 6135 0.9821
 6140 1.0001
 6145 1.0156
 6150 1.0323
 6155 1.0487
 6160 1.0660
 6165 1.0835
 6170 1.1010
 6175 1.1194
 6180 1.1388
 6185 1.1572
 6190 1.1775
 6195 1.1963
 6200 1.2132
 6205 1.2298
 6210 1.2434
 6215 1.2552
 6220 1.2649
 6225 1.2701
 6230 1.2751
 6235 1.2754
 6240 1.2752
 6245 1.2731
 6250 1.2672
 6255 1.2639
 6260 1.2579
 6265 1.2550
 6270 1.2510
 6275 1.2489
 6280 1.2498
 6285 1.2505
 6290 1.2563
 6295 1.2623
 6300 1.2703
 6305 1.2830
 6310 1.2937
 6315 1.3080
 6320 1.3233
 6325 1.3373
 6330 1.3525
 6335 1.3647
 6340 1.3779
 6345 1.3881
 6350 1.3947
 6355 1.4001
 6360 1.4014
 6365 1.3999
 6370 1.3960
 6375 1.3892
 6380 1.3816
 6385 1.3697
 6390 1.3582
 6395 1.3448
 6400 1.3312
 6405 1.3170
 6410 1.3014
 6415 1.2857
 6420 1.2693
 6425 1.2507
 6430 1.2339
 6435 1.2137
 6440 1.1946
 6445 1.1747
 6450 1.1523
 6455 1.1335
 6460 1.1113
 6465 1.0916
 6470 1.0732
 6475 1.0547
 6480 1.0386
 6485 1.0237
 6490 1.0106
 6495 0.9986
 6500 0.9877
 6505 0.9778
 6510 0.9686
 6515 0.9594
 6520 0.9497
 6525 0.9391
 6530 0.9294
 6535 0.9166
 6540 0.9050
 6545 0.8923
 6550 0.8784
 6555 0.8661
 6560 0.8511
 6565 0.8386
 6570 0.8257
 6575 0.8124
 6580 0.8030
 6585 0.7925
 6590 0.7831
 6595 0.7763
 6600 0.7688
 6605 0.7638
 6610 0.7596
 6615 0.7555
 6620 0.7537
 6625 0.7513
 6630 0.7503
 6635 0.7490
 6640 0.7495
 6645 0.7513
 6650 0.7527
 6655 0.7559
 6660 0.7594
 6665 0.7654
 6670 0.7712
 6675 0.7787
 6680 0.7877
 6685 0.7977
 6690 0.8092
 6695 0.8216
 6700 0.8341
 6705 0.8481
 6710 0.8617
 6715 0.8758
 6720 0.8901
 6725 0.9055
 6730 0.9201
 6735 0.9353
 6740 0.9501
 6745 0.9668
 6750 0.9818
 6755 0.9994
 6760 1.0162
 6765 1.0324
 6770 1.0510
 6775 1.0676
 6780 1.0852
 6785 1.1017
 6790 1.1183
 6795 1.1333
 6800 1.1491
 6805 1.1621
 6810 1.1761
 6815 1.1869
 6820 1.1981
 6825 1.2065
 6830 1.2149
 6835 1.2224
 6840 1.2278
 6845 1.2338
 6850 1.2373
 6855 1.2413
 6860 1.2453
 6865 1.2470
 6870 1.2513
 6875 1.2519
 6880 1.2540
 6885 1.2558
 6890 1.2561
 6895 1.2556
 6900 1.2566
 6905 1.2542
 6910 1.2531
 6915 1.2510
 6920 1.2470
 6925 1.2432
 6930 1.2382
 6935 1.2327
 6940 1.2271
 6945 1.2201
 6950 1.2145
 6955 1.2070
 6960 1.2012
 6965 1.1939
 6970 1.1873
 6975 1.1805
 6980 1.1722
 6985 1.1644
 6990 1.1548
 6995 1.1451
 7000 1.1344
 7005 1.1199
 7010 1.1062
 7015 1.0914
 7020 1.0740
 7025 1.0580
 7030 1.0399
 7035 1.0222
 7040 1.0042
 7045 0.9867
 7050 0.9695
 7055 0.9531
 7060 0.9371
 7065 0.9233
 7070 0.9088
 7075 0.8975
 7080 0.8859
 7085 0.8757
 7090 0.8673
 7095 0.8588
 7100 0.8512
 7105 0.8440
 7110 0.8358
 7115 0.8290
 7120 0.8208
 7125 0.8140
 7130 0.8066
 7135 0.7981
 7140 0.7918
 7145 0.7826
 7150 0.7761
 7155 0.7678
 7160 0.7606
 7165 0.7552
 7170 0.7481
 7175 0.7440
 7180 0.7398
 7185 0.7376
 7190 0.7364
 7195 0.7368
 7200 0.7397
 7205 0.7434
 7210 0.7500
 7215 0.7578
 7220 0.7670
 7225 0.7790
 7230 0.7916
 7235 0.8069
 7240 0.8227
 7245 0.8400
 7250 0.8589
 7255 0.8774
 7260 0.8970
 7265 0.9175
 7270 0.9377
 7275 0.9577
 7280 0.9779
 7285 0.9965
 7290 1.0154
 7295 1.0316
 7300 1.0484
 7305 1.0625
 7310 1.0755
 7315 1.0875
 7320 1.0959
 7325 1.1058
 7330 1.1107
 7335 1.1149
 7340 1.1171
 7345 1.1158
 7350 1.1155
 7355 1.1103
 7360 1.1054
 7365 1.0972
 7370 1.0891
 7375 1.0786
 7380 1.0675
 7385 1.0564
 7390 1.0431
 7395 1.0313
 7400 1.0178
 7405 1.0054
 7410 0.9919
 7415 0.9798
 7420 0.9669
 7425 0.9556
 7430 0.9443
 7435 0.9333
 7440 0.9235
 7445 0.9131
 7450 0.9051
 7455 0.8969
 7460 0.8898
 7465 0.8855
 7470 0.8812
 7475 0.8802
 7480 0.8796
 7485 0.8825
 7490 0.8865
 7495 0.8924
 7500 0.9012
 7505 0.9111
 7510 0.9222
 7515 0.9354
 7520 0.9492
 7525 0.9643
 7530 0.9825
 7535 0.9984
 7540 1.0176
 7545 1.0355
 7550 1.0544
 7555 1.0728
 7560 1.0915
 7565 1.1085
 7570 1.1239
 7575 1.1397
 7580 1.1508
 7585 1.1632
 7590 1.1706
 7595 1.1769
 7600 1.1809
 7605 1.1816
 7610 1.1804
 7615 1.1780
 7620 1.1732
 7625 1.1661
 7630 1.1599
 7635 1.1505
 7640 1.1414
 7645 1.1318
 7650 1.1190
 7655 1.1081
 7660 1.0957
 7665 1.0817
 7670 1.0687
 7675 1.0522
 7680 1.0364
 7685 1.0196
 7690 1.0030
 7695 0.9857
 7700 0.9707
 7705 0.9534
 7710 0.9400
 7715 0.9272
 7720 0.9168
 7725 0.9091
 7730 0.9030
 7735 0.9011
 7740 0.8994
 7745 0.9037
 7750 0.9067
 7755 0.9140
 7760 0.9228
 7765 0.9322
 7770 0.9439
 7775 0.9534
 7780 0.9646
 7785 0.9747
 7790 0.9818
 7795 0.9897
 7800 0.9944
 7805 0.9965
 7810 0.9977
 7815 0.9932
 7820 0.9876
 7825 0.9770
 7830 0.9652
 7835 0.9497
 7840 0.9312
 7845 0.9104
 7850 0.8886
 7855 0.8634
 7860 0.8397
 7865 0.8137
 7870 0.7893
 7875 0.7666
 7880 0.7434
 7885 0.7248
 7890 0.7062
 7895 0.6928
 7900 0.6812
 7905 0.6729
 7910 0.6692
 7915 0.6656
 7920 0.6657
 7925 0.6681
 7930 0.6712
 7935 0.6761
 7940 0.6809
 7945 0.6869
 7950 0.6930
 7955 0.6975
 7960 0.7019
 7965 0.7046
 7970 0.7064
 7975 0.7060
 7980 0.7050
 7985 0.7009
 7990 0.6966
 7995 0.6901
 8000 0.6820
 8005 0.6718
 8010 0.6615
 8015 0.6492
 8020 0.6367
 8025 0.6228
 8030 0.6087
 8035 0.5941
 8040 0.5800
 8045 0.5658
 8050 0.5519
 8055 0.5390
 8060 0.5267
 8065 0.5148
 8070 0.5038
 8075 0.4930
 8080 0.4849
 8085 0.4779
 8090 0.4709
 8095 0.4656
 8100 0.4616
 8105 0.4598
 8110 0.4587
 8115 0.4574
 8120 0.4599
 8125 0.4615
 8130 0.4645
 8135 0.4700
 8140 0.4725
 8145 0.4795
 8150 0.4838
 8155 0.4900
 8160 0.4953
 8165 0.5008
 8170 0.5064
 8175 0.5120
 8180 0.5156
 8185 0.5206
 8190 0.5252
 8195 0.5293
 8200 0.5322
 8205 0.5364
 8210 0.5405
 8215 0.5443
 8220 0.5499
 8225 0.5557
 8230 0.5624
 8235 0.5714
 8240 0.5794
 8245 0.5893
 8250 0.6005
 8255 0.6115
 8260 0.6239
 8265 0.6353
 8270 0.6468
 8275 0.6590
 8280 0.6691
 8285 0.6793
 8290 0.6870
 8295 0.6940
 8300 0.7008
 8305 0.7039
 8310 0.7065
 8315 0.7086
 8320 0.7078
 8325 0.7080
 8330 0.7058
 8335 0.7036
 8340 0.7018
 8345 0.6997
 8350 0.6972
 8355 0.6956
 8360 0.6947
 8365 0.6936
 8370 0.6938
 8375 0.6935
 8380 0.6955
 8385 0.6955
 8390 0.6972
 8395 0.6959
 8400 0.6965
 8405 0.6935
 8410 0.6919
 8415 0.6875
 8420 0.6818
 8425 0.6760
 8430 0.6671
 8435 0.6592
 8440 0.6493
 8445 0.6384
 8450 0.6292
 8455 0.6172
 8460 0.6065
 8465 0.5953
 8470 0.5825
 8475 0.5713
 8480 0.5578
 8485 0.5457
 8490 0.5316
 8495 0.5183
 8500 0.5053
 8505 0.4909
 8510 0.4780
 8515 0.4647
 8520 0.4509
 8525 0.4393
 8530 0.4261
 8535 0.4145
 8540 0.4036
 8545 0.3922
 8550 0.3818
 8555 0.3713
 8560 0.3621
 8565 0.3521
 8570 0.3424
 8575 0.3341
 8580 0.3233
 8585 0.3158
 8590 0.3075
 8595 0.2993
 8600 0.2921
 8605 0.2849
 8610 0.2797
 8615 0.2724
 8620 0.2666
 8625 0.2615
 8630 0.2554
 8635 0.2498
 8640 0.2442
 8645 0.2383
 8650 0.2328
 8655 0.2282
 8660 0.2219
 8665 0.2177
 8670 0.2123
 8675 0.2084
 8680 0.2033
 8685 0.1993
 8690 0.1941
 8695 0.1895
 8700 0.1845
 8705 0.1790
 8710 0.1732
 8715 0.1666
 8720 0.1590
 8725 0.1509
 8730 0.1408
 8735 0.1322
 8740 0.1203
 8745 0.1095
 8750 0.0987
 8755 0.0881
 8760 0.0776
 8765 0.0680
 8770 0.0586
 8775 0.0500
 8780 0.0422
 8785 0.0355
 8790 0.0291
 8795 0.0230
 8800 0.0176
 8805 0.0124
 8810 0.0091
 8815 0.0045
 8820 0.0020
 8825 -0.0011
 8830 -0.0030
 8835 -0.0048
 8840 -0.0041
 8845 -0.0029
 8850 0.0013
 8855 0.0056
 8860 0.0135
 8865 0.0223
 8870 0.0332
 8875 0.0451
 8880 0.0585
 8885 0.0723
 8890 0.0866
 8895 0.1008
 8900 0.1154
 8905 0.1276
 8910 0.1398
 8915 0.1503
 8920 0.1589
 8925 0.1655
 8930 0.1688
 8935 0.1717
 8940 0.1715
 8945 0.1693
 8950 0.1657
 8955 0.1602
 8960 0.1540
 8965 0.1465
 8970 0.1384
 8975 0.1310
 8980 0.1230
 8985 0.1153
 8990 0.1079
 8995 0.1008
 9000 0.0952
 9005 0.0880
 9010 0.0836
 9015 0.0781
 9020 0.0719
 9025 0.0670
 9030 0.0598
 9035 0.0528
 9040 0.0441
 9045 0.0341
 9050 0.0236
 9055 0.0121
 9060 -0.0016
 9065 -0.0145
 9070 -0.0287
 9075 -0.0418
 9080 -0.0550
 9085 -0.0651
 9090 -0.0749
 9095 -0.0826
 9100 -0.0875
 9105 -0.0905
 9110 -0.0900
 9115 -0.0886
 9120 -0.0842
 9125 -0.0785
 9130 -0.0734
 9135 -0.0656
 9140 -0.0594
 9145 -0.0526
 9150 -0.0468
 9155 -0.0410
 9160 -0.0380
 9165 -0.0346
 9170 -0.0338
 9175 -0.0352
 9180 -0.0361
 9185 -0.0400
 9190 -0.0444
 9195 -0.0492
 9200 -0.0564
 9205 -0.0626
 9210 -0.0705
 9215 -0.0772
 9220 -0.0851
 9225 -0.0912
 9230 -0.0981
 9235 -0.1036
 9240 -0.1077
 9245 -0.1120
 9250 -0.1127
 9255 -0.1144
 9260 -0.1125
 9265 -0.1098
 9270 -0.1071
 9275 -0.1031
 9280 -0.0978
 9285 -0.0937
 9290 -0.0881
 9295 -0.0835
 9300 -0.0783
 9305 -0.0743
 9310 -0.0701
 9315 -0.0676
 9320 -0.0635
 9325 -0.0609
 9330 -0.0580
 9335 -0.0548
 9340 -0.0515
 9345 -0.0483
 9350 -0.0436
 9355 -0.0390
 9360 -0.0346
 9365 -0.0279
 9370 -0.0237
 9375 -0.0167
 9380 -0.0108
 9385 -0.0047
 9390 0.0028
 9395 0.0071
 9400 0.0140
 9405 0.0185
 9410 0.0235
 9415 0.0267
 9420 0.0285
 9425 0.0306
 9430 0.0298
 9435 0.0296
 9440 0.0281
 9445 0.0259
 9450 0.0242
 9455 0.0208
 9460 0.0183
 9465 0.0166
 9470 0.0138
 9475 0.0136
 9480 0.0125
 9485 0.0138
 9490 0.0158
 9495 0.0191
 9500 0.0242
 9505 0.0299
 9510 0.0364
 9515 0.0449
 9520 0.0523
 9525 0.0612
 9530 0.0698
 9535 0.0785
 9540 0.0869
 9545 0.0939
 9550 0.1006
 9555 0.1067
 9560 0.1110
 9565 0.1151
 9570 0.1166
 9575 0.1192
 9580 0.1186
 9585 0.1191
 9590 0.1178
 9595 0.1179
 9600 0.1176
 9605 0.1172
 9610 0.1188
 9615 0.1204
 9620 0.1220
 9625 0.1253
 9630 0.1282
 9635 0.1322
 9640 0.1363
 9645 0.1403
 9650 0.1440
 9655 0.1467
 9660 0.1493
 9665 0.1490
 9670 0.1503
 9675 0.1477
 9680 0.1468
 9685 0.1443
 9690 0.1423
 9695 0.1381
 9700 0.1381
 9705 0.1341
 9710 0.1347
 9715 0.1338
 9720 0.1343
 9725 0.1369
 9730 0.1374
 9735 0.1402
 9740 0.1427
 9745 0.1437
 9750 0.1467
 9755 0.1473
 9760 0.1480
 9765 0.1468
 9770 0.1448
 9775 0.1407
 9780 0.1348
 9785 0.1278
 9790 0.1171
 9795 0.1068
 9800 0.0937
 9805 0.0794
 9810 0.0639
 9815 0.0481
 9820 0.0311
 9825 0.0148
 9830 -0.0026
 9835 -0.0179
 9840 -0.0332
 9845 -0.0483
 9850 -0.0610
 9855 -0.0747
 9860 -0.0860
 9865 -0.0979
 9870 -0.1088
 9875 -0.1184
 9880 -0.1298
 9885 -0.1380
 9890 -0.1475
 9895 -0.1562
 9900 -0.1630
 9905 -0.1711
 9910 -0.1748
 9915 -0.1800
 9920 -0.1817
 9925 -0.1817
 9930 -0.1813
 9935 -0.1774
 9940 -0.1737
 9945 -0.1680
 9950 -0.1606
 9955 -0.1528
 9960 -0.1451
 9965 -0.1349
 9970 -0.1274
 9975 -0.1165
 9980 -0.1087
 9985 -0.0985
 9990 -0.0895
 9995 -0.0815
10000 -0.0701
10005 -0.0631
10010 -0.0509
10015 -0.0414
10020 -0.0307
10025 -0.0187
10030 -0.0072
10035 0.0045
10040 0.0177
10045 0.0279
10050 0.0405
10055 0.0498
10060 0.0596
10065 0.0666
10070 0.0711
10075 0.0742
10080 0.0751
10085 0.0730
10090 0.0692
10095 0.0623
10100 0.0537
10105 0.0428
10110 0.0309
10115 0.0184
10120 0.0040
10125 -0.0081
10130 -0.0200
10135 -0.0310
10140 -0.0396
10145 -0.0458
10150 -0.0494
10155 -0.0501
10160 -0.0476
10165 -0.0431
10170 -0.0349
10175 -0.0247
10180 -0.0121
10185 0.0015
10190 0.0179
10195 0.0344
10200 0.0534
10205 0.0727
10210 0.0937
10215 0.1153
10220 0.1387
10225 0.1611
10230 0.1857
10235 0.2105
10240 0.2354
10245 0.2603
10250 0.2838
10255 0.3077
10260 0.3280
10265 0.3484
10270 0.3644
10275 0.3799
10280 0.3903
10285 0.3998
10290 0.4049
10295 0.4079
10300 0.4082
10305 0.4068
10310 0.4034
10315 0.4007
10320 0.3956
10325 0.3928
10330 0.3896
10335 0.3874
10340 0.3875
10345 0.3876
10350 0.3897
10355 0.3938
10360 0.3975
10365 0.4034
10370 0.4096
10375 0.4162
10380 0.4229
10385 0.4303
10390 0.4367
10395 0.4442
10400 0.4503
10405 0.4566
10410 0.4619
10415 0.4671
10420 0.4702
10425 0.4736
10430 0.4748
10435 0.4751
10440 0.4754
10445 0.4716
10450 0.4692
10455 0.4637
10460 0.4568
10465 0.4498
10470 0.4418
10475 0.4306
10480 0.4224
10485 0.4106
10490 0.4006
10495 0.3892
10500 0.3795
10505 0.3697
10510 0.3617
10515 0.3537
10520 0.3476
10525 0.3418
10530 0.3373
10535 0.3340
10540 0.3319
10545 0.3313
10550 0.3317
10555 0.3327
10560 0.3352
10565 0.3384
10570 0.3423
10575 0.3469
10580 0.3522
10585 0.3581
10590 0.3637
10595 0.3705
10600 0.3769
10605 0.3827
10610 0.3906
10615 0.3975
10620 0.4056
10625 0.4121
10630 0.4208
10635 0.4280
10640 0.4366
10645 0.4451
10650 0.4542
10655 0.4646
10660 0.4740
10665 0.4859
10670 0.4969
10675 0.5090
10680 0.5204
10685 0.5333
10690 0.5454
10695 0.5586
10700 0.5716
10705 0.5850
10710 0.5980
10715 0.6129
10720 0.6266
10725 0.6430
10730 0.6587
10735 0.6753
10740 0.6937
10745 0.7124
10750 0.7316
10755 0.7538
10760 0.7749
10765 0.7981
10770 0.8219
10775 0.8457
10780 0.8712
10785 0.8942
10790 0.9188
10795 0.9423
10800 0.9636
10805 0.9851
10810 1.0051
10815 1.0224
10820 1.0387
10825 1.0525
10830 1.0653
10835 1.0757
10840 1.0855
10845 1.0937
10850 1.1004
10855 1.1082
10860 1.1136
10865 1.1202
10870 1.1268
10875 1.1326
10880 1.1397
10885 1.1459
10890 1.1533
10895 1.1590
10900 1.1662
10905 1.1727
10910 1.1786
10915 1.1850
10920 1.1897
10925 1.1951
10930 1.1990
10935 1.2027
10940 1.2066
10945 1.2095
10950 1.2143
10955 1.2177
10960 1.2216
10965 1.2255
10970 1.2300
10975 1.2336
10980 1.2388
10985 1.2419
10990 1.2453
10995 1.2497
11000 1.2511
11005 1.2540
11010 1.2541
11015 1.2547
11020 1.2544
11025 1.2524
11030 1.2520
11035 1.2492
11040 1.2472
11045 1.2453
11050 1.2424
11055 1.2422
11060 1.2397
11065 1.2402
11070 1.2405
11075 1.2409
11080 1.2434
11085 1.2447
11090 1.2479
11095 1.2517
11100 1.2565
11105 1.2618
11110 1.2674
11115 1.2734
11120 1.2797
11125 1.2863
11130 1.2940
11135 1.3013
11140 1.3083
11145 1.3163
11150 1.3234
11155 1.3306
11160 1.3378
11165 1.3450
11170 1.3530
11175 1.3606
11180 1.3694
11185 1.3782
11190 1.3878
11195 1.3992
11200 1.4119
11205 1.4267
11210 1.4423
11215 1.4607
11220 1.4789
11225 1.5002
11230 1.5226
11235 1.5458
11240 1.5712
11245 1.5957
11250 1.6215
11255 1.6468
11260 1.6723
11265 1.6965
11270 1.7225
11275 1.7450
11280 1.7693
11285 1.7906
11290 1.8117
11295 1.8320
11300 1.8513
11305 1.8714
11310 1.8888
11315 1.9088
11320 1.9246
11325 1.9428
11330 1.9585
11335 1.9740
11340 1.9899
11345 2.0034
11350 2.0176
11355 2.0305
11360 2.0417
11365 2.0525
11370 2.0630
11375 2.0712
11380 2.0801
11385 2.0871
11390 2.0936
11395 2.0984
11400 2.1028
11405 2.1054
11410 2.1062
11415 2.1070
11420 2.1050
11425 2.1016
11430 2.0973
11435 2.0885
11440 2.0814
11445 2.0696
11450 2.0589
11455 2.0463
11460 2.0330
11465 2.0193
11470 2.0060
11475 1.9919
11480 1.9789
11485 1.9667
11490 1.9544
11495 1.9450
11500 1.9345
11505 1.9268
11510 1.9176
11515 1.9110
11520 1.9031
11525 1.8955
11530 1.8892
11535 1.8803
11540 1.8722
11545 1.8633
11550 1.8532
11555 1.8444
11560 1.8338
11565 1.8258
11570 1.8174
11575 1.8101
11580 1.8040
11585 1.8002
11590 1.7959
11595 1.7957
11600 1.7946
11605 1.7953
11610 1.7968
11615 1.7992
11620 1.8010
11625 1.8022
11630 1.8033
11635 1.8029
