    0 0.0110
    5 0.0088
   10 0.0077
   15 0.0055
   20 0.0043
   25 0.0012
   30 -0.0010
   35 -0.0052
   40 -0.0073
   45 -0.0145
   50 -0.0227
   55 -0.0298
   60    nan
   65    nan
   70    nan
   75    nan
   80    nan
   85    nan
   90    nan
   95    nan
  100    nan
  105    nan
  110    nan
  115    nan
  120    nan
  125    nan
  130    nan
  135    nan
  140    nan
  145    nan
  150    nan
  155    nan
  160    nan
  165    nan
  170    nan
  175    nan
  180    nan
  185    nan
  190 -0.3773
  195 -0.3855
  200 -0.3896
  205 -0.3938
  210 -0.3970
  215 -0.3991
  220 -0.4003
  225 -0.4005
  230 -0.4027
  235 -0.4028
  240 -0.4040
  245 -0.4042
  250 -0.4053
  255 -0.4045
  260 -0.4057
  265 -0.4048
  270 -0.4050
  275 -0.4042
  280 -0.4043
  285 -0.4035
  290 -0.4027
  295 -0.4029
  300 -0.4010
  305 -0.4012
  310 -0.4014
  315 -0.4005
  320 -0.4017
  325 -0.4019
  330 -0.4030
  335 -0.4032
  340 -0.4034
  345 -0.4056
  350 -0.4047
  355 -0.4059
  360 -0.4061
  365 -0.4062
  370 -0.4064
  375 -0.4076
  380 -0.4078
  385 -0.4069
  390 -0.4081
  395 -0.4073
  400 -0.4074
  405 -0.4076
  410 -0.4058
  415 -0.4060
  420 -0.4051
  425 -0.4033
  430 -0.4025
  435 -0.3996
  440 -0.3968
  445 -0.3960
  450 -0.3912
  455 -0.3903
  460 -0.3865
  465 -0.3847
  470 -0.3829
  475 -0.3800
  480 -0.3802
  485 -0.3794
  490 -0.3786
  495 -0.3797
  500 -0.3789
  505 -0.3821
  510 -0.3822
  515 -0.3844
  520 -0.3866
  525 -0.3878
  530 -0.3909
  535 -0.3931
  540 -0.3943
  545 -0.3985
  550 -0.3996
  555 -0.4028
  560 -0.4050
  565 -0.4072
  570 -0.4103
  575 -0.4095
  580 -0.4127
  585 -0.4129
  590 -0.4141
  595 -0.4142
  600 -0.4124
  605 -0.4126
  610 -0.4118
  615 -0.4089
  620 -0.4091
  625 -0.4053
  630 -0.4035
  635 -0.4026
  640 -0.3988
  645 -0.3990
  650 -0.3962
  655 -0.3953
  660 -0.3935
  665 -0.3907
  670 -0.3899
  675 -0.3841
  680 -0.3822
  685 -0.3764
  690 -0.3706
  695 -0.3658
  700 -0.3569
  705 -0.3501
  710 -0.3413
  715 -0.3325
  720 -0.3237
  725 -0.3148
  730 -0.3050
  735 -0.2972
  740 -0.2884
  745 -0.2816
  750 -0.2737
  755 -0.2669
  760 -0.2611
  765 -0.2543
  770 -0.2504
  775 -0.2456
  780 -0.2408
  785 -0.2380
  790 -0.2332
  795 -0.2313
  800 -0.2275
  805 -0.2257
  810 -0.2239
  815 -0.2241
  820 -0.2222
  825 -0.2234
  830 -0.2226
  835 -0.2248
  840 -0.2250
  845 -0.2251
  850 -0.2243
  855 -0.2235
  860 -0.2207
  865 -0.2179
  870 -0.2111
  875 -0.2042
  880 -0.1954
  885 -0.1836
  890 -0.1718
  895 -0.1570
  900 -0.1401
  905 -0.1233
  910 -0.1045
  915 -0.0847
  920 -0.0639
  925 -0.0411
  930 -0.0192
  935 0.0046
  940 0.0274
  945 0.0522
  950 0.0760
  955 0.1008
  960 0.1247
  965 0.1485
  970 0.1733
  975 0.1961
  980 0.2219
  985 0.2437
  990 0.2696
  995 0.2934
 1000 0.3192
 1005 0.3440
 1010 0.3708
 1015 0.3986
 1020 0.4265
 1025 0.4573
 1030 0.4871
 1035 0.5189
 1040 0.5517
 1045 0.5845
 1050 0.6184
 1055 0.6512
 1060 0.6840
 1065 0.7158
 1070 0.7466
 1075 0.7764
 1080 0.8042
 1085 0.8311
 1090 0.8559
 1095 0.8807
 1100 0.9035
 1105 0.9273
 1110 0.9481
 1115 0.9709
 1120 0.9938
 1125 1.0166
 1130 1.0404
 1135 1.0622
 1140 1.0880
 1145 1.1118
 1150 1.1366
 1155 1.1625
 1160 1.1863
 1165 1.2111
 1170 1.2349
 1175 1.2597
 1180 1.2825
 1185 1.3063
 1190 1.3321
 1195 1.3580
 1200 1.3858
 1205 1.4146
 1210 1.4464
 1215 1.4802
 1220 1.5160
 1225 1.5548
 1230 1.5976
 1235 1.6405
 1240 1.6883
 1245 1.7361
 1250 1.7879
 1255 1.8407
 1260 1.8945
 1265 1.9503
 1270 2.0051
 1275 2.0620
 1280 2.1188
 1285 2.1756
 1290 2.2314
 1295 2.2872
 1300 2.3420
 1305 2.3978
 1310 2.4506
 1315 2.5044
 1320 2.5563
 1325 2.6061
 1330 2.6559
 1335 2.7027
 1340 2.7475
 1345 2.7923
 1350 2.8311
 1355 2.8709
 1360 2.9037
 1365 2.9355
 1370 2.9634
 1375 2.9872
 1380 3.0090
 1385 3.0258
 1390 3.0396
 1395 3.0504
 1400 3.0582
 1405 3.0640
 1410 3.0688
 1415 3.0716
 1420 3.0744
 1425 3.0753
 1430 3.0781
 1435 3.0799
 1440 3.0847
 1445 3.0895
 1450 3.0983
 1455 3.1091
 1460 3.1239
 1465 3.1427
 1470 3.1665
 1475 3.1943
 1480 3.2291
 1485 3.2700
 1490 3.3148
 1495 3.3686
 1500 3.4274
 1505 3.4912
 1510 3.5610
 1515 3.6348
 1520 3.7116
 1525 3.7924
 1530 3.8732
 1535 3.9550
 1540 4.0358
 1545 4.1156
 1550 4.1914
 1555 4.2673
 1560 4.3361
 1565 4.4039
 1570 4.4657
 1575 4.5275
 1580 4.5843
 1585 4.6411
 1590 4.6959
 1595 4.7527
 1600 4.8095
 1605 4.8693
 1610 4.9321
 1615 4.9959
 1620 5.0647
 1625 5.1355
 1630 5.2083
 1635 5.2811
 1640 5.3550
 1645 5.4238
 1650 5.4896
 1655 5.5484
 1660 5.5992
 1665 5.6390
 1670 5.6688
 1675 5.6796
 1680 5.6814
 1685 5.6632
 1690 5.6290
 1695 5.5778
 1700 5.5086
 1705 5.4244
 1710 5.3232
 1715 5.2080
 1720 5.0788
 1725 4.9366
 1730 4.7750
 1735 4.6159
 1740 4.4545
 1745 4.2892
 1750 4.1248
 1755 3.9644
 1760 3.8087
 1765 3.6633
 1770 3.5261
 1775 3.4044
 1780 3.2949
 1785 3.2029
 1790 3.1248
 1795 3.0635
 1800 3.0159
 1805 2.9797
 1810 2.9548
 1815 2.9344
 1820 2.9176
 1825 2.8981
 1830 2.8718
 1835 2.8333
 1840 2.7802
 1845 2.7059
 1850 2.6076
 1855 2.4840
 1860 2.3293
 1865 2.1464
 1870 1.9313
 1875 1.6870
 1880 1.4132
 1885 1.1134
 1890 0.7903
 1895 0.4466
 1900 0.0876
 1905 -0.2820
 1910 -0.6568
 1915 -1.0320
 1920 -1.3993
 1925 -1.7545
 1930 -2.0876
 1935 -2.3935
 1940 -2.6638
 1945 -2.8886
 1950 -3.0655
 1955 -3.1820
 1960 -3.2392
 1965 -3.2287
 1970 -3.1523
 1975 -3.0125
 1980 -2.8107
 1985 -2.5590
 1990 -2.2630
 1995 -1.9403
 2000 -1.6009
 2005 -1.2635
 2010 -0.9417
 2015 -0.6490
 2020 -0.3997
 2025 -0.2007
 2030 -0.0617
 2035 0.0201
 2040 0.0391
 2045 0.0063
 2050 -0.0747
 2055 -0.1931
 2060 -0.3354
 2065 -0.4920
 2070 -0.6476
 2075 -0.7928
 2080 -0.9180
 2085 -1.0132
 2090 -1.0768
 2095 -1.1035
 2100 -1.0944
 2105 -1.0517
 2110 -0.9800
 2115 -0.8840
 2120 -0.7729
 2125 -0.6502
 2130 -0.5264
 2135 -0.4062
 2140 -0.2929
 2145 -0.1949
 2150 -0.1093
 2155 -0.0407
 2160 0.0141
 2165 0.0579
 2170 0.0903
 2175 0.1209
 2180 0.1486
 2185 0.1787
 2190 0.2162
 2195 0.2588
 2200 0.3120
 2205 0.3725
 2210 0.4398
 2215 0.5134
 2220 0.5877
 2225 0.6622
 2230 0.7334
 2235 0.7971
 2240 0.8546
 2245 0.9001
 2250 0.9385
 2255 0.9654
 2260 0.9839
 2265 0.9962
 2270 1.0022
 2275 1.0056
 2280 1.0093
 2285 1.0127
 2290 1.0207
 2295 1.0313
 2300 1.0478
 2305 1.0704
 2310 1.0977
 2315 1.1310
 2320 1.1695
 2325 1.2112
 2330 1.2582
 2335 1.3067
 2340 1.3577
 2345 1.4114
 2350 1.4651
 2355 1.5210
 2360 1.5761
 2365 1.6340
 2370 1.6894
 2375 1.7476
 2380 1.8040
 2385 1.8612
 2390 1.9177
 2395 1.9734
 2400 2.0270
 2405 2.0797
 2410 2.1296
 2415 2.1758
 2420 2.2190
 2425 2.2563
 2430 2.2889
 2435 2.3134
 2440 2.3324
 2445 2.3430
 2450 2.3473
 2455 2.3445
 2460 2.3365
 2465 2.3238
 2470 2.3105
 2475 2.2975
 2480 2.2875
 2485 2.2834
 2490 2.2880
 2495 2.3001
 2500 2.3250
 2505 2.3582
 2510 2.4024
 2515 2.4532
 2520 2.5098
 2525 2.5687
 2530 2.6256
 2535 2.6782
 2540 2.7243
 2545 2.7579
 2550 2.7820
 2555 2.7915
 2560 2.7873
 2565 2.7727
 2570 2.7448
 2575 2.7093
 2580 2.6665
 2585 2.6197
 2590 2.5727
 2595 2.5258
 2600 2.4848
 2605 2.4462
 2610 2.4148
 2615 2.3901
 2620 2.3702
 2625 2.3565
 2630 2.3457
 2635 2.3364
 2640 2.3270
 2645 2.3139
 2650 2.2973
 2655 2.2729
 2660 2.2402
 2665 2.2003
 2670 2.1490
 2675 2.0902
 2680 2.0234
 2685 1.9496
 2690 1.8727
 2695 1.7933
 2700 1.7148
 2705 1.6399
 2710 1.5680
 2715 1.5032
 2720 1.4458
 2725 1.3978
 2730 1.3567
 2735 1.3253
 2740 1.3014
 2745 1.2845
 2750 1.2755
 2755 1.2702
 2760 1.2705
 2765 1.2745
 2770 1.2798
 2775 1.2898
 2780 1.2986
 2785 1.3100
 2790 1.3220
 2795 1.3339
 2800 1.3488
 2805 1.3639
 2810 1.3810
 2815 1.4008
 2820 1.4229
 2825 1.4477
 2830 1.4771
 2835 1.5077
 2840 1.5416
 2845 1.5774
 2850 1.6144
 2855 1.6511
 2860 1.6862
 2865 1.7176
 2870 1.7442
 2875 1.7648
 2880 1.7757
 2885 1.7797
 2890 1.7714
 2895 1.7532
 2900 1.7249
 2905 1.6846
 2910 1.6346
 2915 1.5755
 2920 1.5068
 2925 1.4312
 2930 1.3498
 2935 1.2628
 2940 1.1732
 2945 1.0820
 2950 0.9890
 2955 0.8982
 2960 0.8079
 2965 0.7207
 2970 0.6381
 2975 0.5588
 2980 0.4842
 2985 0.4150
 2990 0.3501
 2995 0.2891
 3000 0.2322
 3005 0.1777
 3010 0.1250
 3015 0.0738
 3020 0.0213
 3025 -0.0320
 3030 -0.0874
 3035 -0.1444
 3040 -0.2048
 3045 -0.2664
 3050 -0.3310
 3055 -0.3954
 3060 -0.4598
 3065 -0.5237
 3070 -0.5841
 3075 -0.6423
 3080 -0.6970
 3085 -0.7466
 3090 -0.7934
 3095 -0.8353
 3100 -0.8734
 3105 -0.9087
 3110 -0.9389
 3115 -0.9680
 3120 -0.9909
 3125 -1.0118
 3130 -1.0257
 3135 -1.0345
 3140 -1.0347
 3145 -1.0260
 3150 -1.0086
 3155 -0.9829
 3160 -0.9442
 3165 -0.9004
 3170 -0.8456
 3175 -0.7868
 3180 -0.7223
 3185 -0.6580
 3190 -0.5924
 3195 -0.5311
 3200 -0.4740
 3205 -0.4222
 3210 -0.3776
 3215 -0.3391
 3220 -0.3083
 3225 -0.2835
 3230 -0.2643
 3235 -0.2489
 3240 -0.2368
 3245 -0.2273
 3250 -0.2198
 3255 -0.2159
 3260 -0.2135
 3265 -0.2172
 3270 -0.2253
 3275 -0.2379
 3280 -0.2596
 3285 -0.2860
 3290 -0.3227
 3295 -0.3645
 3300 -0.4136
 3305 -0.4672
 3310 -0.5226
 3315 -0.5799
 3320 -0.6333
 3325 -0.6854
 3330 -0.7308
 3335 -0.7690
 3340 -0.7997
 3345 -0.8198
 3350 -0.8312
 3355 -0.8338
 3360 -0.8294
 3365 -0.8155
 3370 -0.7975
 3375 -0.7722
 3380 -0.7425
 3385 -0.7114
 3390 -0.6740
 3395 -0.6369
 3400 -0.5963
 3405 -0.5540
 3410 -0.5148
 3415 -0.4712
 3420 -0.4315
 3425 -0.3926
 3430 -0.3567
 3435 -0.3250
 3440 -0.2975
 3445 -0.2753
 3450 -0.2587
 3455 -0.2490
 3460 -0.2428
 3465 -0.2442
 3470 -0.2489
 3475 -0.2587
 3480 -0.2690
 3485 -0.2809
 3490 -0.2922
 3495 -0.2992
 3500 -0.3027
 3505 -0.2966
 3510 -0.2864
 3515 -0.2675
 3520 -0.2389
 3525 -0.2043
 3530 -0.1597
 3535 -0.1123
 3540 -0.0600
 3545 -0.0044
 3550 0.0480
 3555 0.1010
 3560 0.1505
 3565 0.1946
 3570 0.2354
 3575 0.2692
 3580 0.2990
 3585 0.3249
 3590 0.3459
 3595 0.3655
 3600 0.3802
 3605 0.3950
 3610 0.4077
 3615 0.4147
 3620 0.4210
 3625 0.4189
 3630 0.4127
 3635 0.4003
 3640 0.3755
 3645 0.3460
 3650 0.3022
 3655 0.2520
 3660 0.1926
 3665 0.1213
 3670 0.0469
 3675 -0.0337
 3680 -0.1197
 3685 -0.2070
 3690 -0.2953
 3695 -0.3777
 3700 -0.4575
 3705 -0.5322
 3710 -0.5954
 3715 -0.6505
 3720 -0.6924
 3725 -0.7236
 3730 -0.7398
 3735 -0.7422
 3740 -0.7329
 3745 -0.7090
 3750 -0.6749
 3755 -0.6310
 3760 -0.5789
 3765 -0.5229
 3770 -0.4621
 3775 -0.4045
 3780 -0.3478
 3785 -0.2967
 3790 -0.2523
 3795 -0.2179
 3800 -0.1930
 3805 -0.1777
 3810 -0.1748
 3815 -0.1810
 3820 -0.1975
 3825 -0.2214
 3830 -0.2520
 3835 -0.2890
 3840 -0.3282
 3845 -0.3682
 3850 -0.4090
 3855 -0.4475
 3860 -0.4828
 3865 -0.5154
 3870 -0.5429
 3875 -0.5671
 3880 -0.5870
 3885 -0.6036
 3890 -0.6181
 3895 -0.6291
 3900 -0.6411
 3905 -0.6490
 3910 -0.6563
 3915 -0.6612
 3920 -0.6633
 3925 -0.6610
 3930 -0.6526
 3935 -0.6393
 3940 -0.6179
 3945 -0.5881
 3950 -0.5511
 3955 -0.5048
 3960 -0.4517
 3965 -0.3938
 3970 -0.3300
 3975 -0.2655
 3980 -0.1998
 3985 -0.1397
 3990 -0.0805
 3995 -0.0322
 4000 0.0102
 4005 0.0404
 4010 0.0599
 4015 0.0688
 4020 0.0641
 4025 0.0503
 4030 0.0263
 4035 -0.0075
 4040 -0.0467
 4045 -0.0921
 4050 -0.1418
 4055 -0.1910
 4060 -0.2406
 4065 -0.2887
 4070 -0.3320
 4075 -0.3719
 4080 -0.4050
 4085 -0.4311
 4090 -0.4516
 4095 -0.4625
 4100 -0.4683
 4105 -0.4635
 4110 -0.4552
 4115 -0.4370
 4120 -0.4152
 4125 -0.3875
 4130 -0.3551
 4135 -0.3211
 4140 -0.2829
 4145 -0.2453
 4150 -0.2081
 4155 -0.1713
 4160 -0.1379
 4165 -0.1063
 4170 -0.0789
 4175 -0.0561
 4180 -0.0383
 4185 -0.0245
 4190 -0.0154
 4195 -0.0105
 4200 -0.0093
 4205 -0.0117
 4210 -0.0159
 4215 -0.0239
 4220 -0.0287
 4225 -0.0371
 4230 -0.0408
 4235 -0.0430
 4240 -0.0412
 4245 -0.0348
 4250 -0.0216
 4255 -0.0036
 4260 0.0222
 4265 0.0524
 4270 0.0903
 4275 0.1285
 4280 0.1715
 4285 0.2131
 4290 0.2524
 4295 0.2907
 4300 0.3187
 4305 0.3437
 4310 0.3566
 4315 0.3613
 4320 0.3553
 4325 0.3401
 4330 0.3154
 4335 0.2834
 4340 0.2432
 4345 0.1984
 4350 0.1498
 4355 0.0976
 4360 0.0446
 4365 -0.0100
 4370 -0.0624
 4375 -0.1130
 4380 -0.1613
 4385 -0.2052
 4390 -0.2458
 4395 -0.2798
 4400 -0.3083
 4405 -0.3308
 4410 -0.3446
 4415 -0.3560
 4420 -0.3547
 4425 -0.3512
 4430 -0.3393
 4435 -0.3217
 4440 -0.2996
 4445 -0.2733
 4450 -0.2439
 4455 -0.2125
 4460 -0.1802
 4465 -0.1486
 4470 -0.1187
 4475 -0.0912
 4480 -0.0666
 4485 -0.0464
 4490 -0.0303
 4495 -0.0196
 4500 -0.0139
 4505 -0.0127
 4510 -0.0159
 4515 -0.0241
 4520 -0.0359
 4525 -0.0520
 4530 -0.0717
 4535 -0.0927
 4540 -0.1188
 4545 -0.1459
 4550 -0.1762
 4555 -0.2076
 4560 -0.2430
 4565 -0.2781
 4570 -0.3177
 4575 -0.3569
 4580 -0.3974
 4585 -0.4384
 4590 -0.4783
 4595 -0.5151
 4600 -0.5525
 4605 -0.5825
 4610 -0.6101
 4615 -0.6319
 4620 -0.6475
 4625 -0.6571
 4630 -0.6609
 4635 -0.6595
 4640 -0.6525
 4645 -0.6419
 4650 -0.6281
 4655 -0.6117
 4660 -0.5937
 4665 -0.5756
 4670 -0.5585
 4675 -0.5434
 4680 -0.5286
 4685 -0.5171
 4690 -0.5059
 4695 -0.4979
 4700 -0.4906
 4705 -0.4831
 4710 -0.4769
 4715 -0.4699
 4720 -0.4610
 4725 -0.4511
 4730 -0.4411
 4735 -0.4261
 4740 -0.4126
 4745 -0.3964
 4750 -0.3807
 4755 -0.3654
 4760 -0.3513
 4765 -0.3387
 4770 -0.3293
 4775 -0.3249
 4780 -0.3221
 4785 -0.3252
 4790 -0.3299
 4795 -0.3367
 4800 -0.3450
 4805 -0.3532
 4810 -0.3590
 4815 -0.3619
 4820 -0.3591
 4825 -0.3510
 4830 -0.3346
 4835 -0.3116
 4840 -0.2810
 4845 -0.2436
 4850 -0.2001
 4855 -0.1536
 4860 -0.1034
 4865 -0.0534
 4870 -0.0035
 4875 0.0412
 4880 0.0824
 4885 0.1150
 4890 0.1413
 4895 0.1599
 4900 0.1663
 4905 0.1699
 4910 0.1615
 4915 0.1488
 4920 0.1294
 4925 0.1048
 4930 0.0788
 4935 0.0489
 4940 0.0194
 4945 -0.0092
 4950 -0.0389
 4955 -0.0653
 4960 -0.0909
 4965 -0.1121
 4970 -0.1316
 4975 -0.1454
 4980 -0.1567
 4985 -0.1613
 4990 -0.1618
 4995 -0.1559
 5000 -0.1451
 5005 -0.1275
 5010 -0.1037
 5015 -0.0748
 5020 -0.0389
 5025 -0.0026
 5030 0.0406
 5035 0.0831
 5040 0.1288
 5045 0.1725
 5050 0.2148
 5055 0.2546
 5060 0.2903
 5065 0.3216
 5070 0.3481
 5075 0.3699
 5080 0.3861
 5085 0.3978
 5090 0.4062
 5095 0.4101
 5100 0.4126
 5105 0.4131
 5110 0.4114
 5115 0.4132
 5120 0.4133
 5125 0.4169
 5130 0.4206
 5135 0.4274
 5140 0.4357
 5145 0.4455
 5150 0.4575
 5155 0.4691
 5160 0.4795
 5165 0.4914
 5170 0.4994
 5175 0.5077
 5180 0.5144
 5185 0.5181
 5190 0.5227
 5195 0.5248
 5200 0.5290
 5205 0.5344
 5210 0.5404
 5215 0.5497
 5220 0.5629
 5225 0.5773
 5230 0.5979
 5235 0.6180
 5240 0.6428
 5245 0.6677
 5250 0.6953
 5255 0.7200
 5260 0.7452
 5265 0.7675
 5270 0.7870
 5275 0.8037
 5280 0.8168
 5285 0.8263
 5290 0.8334
 5295 0.8371
 5300 0.8383
 5305 0.8380
 5310 0.8374
 5315 0.8355
 5320 0.8339
 5325 0.8315
 5330 0.8306
 5335 0.8299
 5340 0.8291
 5345 0.8292
 5350 0.8299
 5355 0.8301
 5360 0.8312
 5365 0.8331
 5370 0.8317
 5375 0.8342
 5380 0.8332
 5385 0.8348
 5390 0.8354
 5395 0.8359
 5400 0.8366
 5405 0.8403
 5410 0.8415
 5415 0.8481
 5420 0.8521
 5425 0.8601
 5430 0.8687
 5435 0.8795
 5440 0.8905
 5445 0.9041
 5450 0.9165
 5455 0.9306
 5460 0.9421
 5465 0.9535
 5470 0.9623
 5475 0.9683
 5480 0.9712
 5485 0.9691
 5490 0.9650
 5495 0.9555
 5500 0.9442
 5505 0.9287
 5510 0.9108
 5515 0.8928
 5520 0.8727
 5525 0.8516
 5530 0.8339
 5535 0.8139
 5540 0.7968
 5545 0.7814
 5550 0.7673
 5555 0.7539
 5560 0.7420
 5565 0.7310
 5570 0.7206
 5575 0.7095
 5580 0.6998
 5585 0.6888
 5590 0.6781
 5595 0.6665
 5600 0.6555
 5605 0.6436
 5610 0.6333
 5615 0.6210
 5620 0.6117
 5625 0.6003
 5630 0.5909
 5635 0.5799
 5640 0.5700
 5645 0.5608
 5650 0.5495
 5655 0.5401
 5660 0.5297
 5665 0.5186
 5670 0.5083
 5675 0.4984
 5680 0.4876
 5685 0.4780
 5690 0.4688
 5695 0.4607
 5700 0.4525
 5705 0.4465
 5710 0.4410
 5715 0.4357
 5720 0.4336
 5725 0.4305
 5730 0.4292
 5735 0.4289
 5740 0.4273
 5745 0.4290
 5750 0.4270
 5755 0.4278
 5760 0.4266
 5765 0.4246
 5770 0.4227
 5775 0.4188
 5780 0.4139
 5785 0.4077
 5790 0.4002
 5795 0.3897
 5800 0.3801
 5805 0.3666
 5810 0.3525
 5815 0.3372
 5820 0.3212
 5825 0.3047
 5830 0.2881
 5835 0.2743
 5840 0.2580
 5845 0.2469
 5850 0.2363
 5855 0.2296
 5860 0.2260
 5865 0.2262
 5870 0.2310
 5875 0.2396
 5880 0.2519
 5885 0.2706
 5890 0.2905
 5895 0.3173
 5900 0.3451
 5905 0.3774
 5910 0.4108
 5915 0.4479
 5920 0.4833
 5925 0.5224
 5930 0.5612
 5935 0.5983
 5940 0.6362
 5945 0.6711
 5950 0.7052
 5955 0.7376
 5960 0.7667
 5965 0.7949
 5970 0.8198
 5975 0.8426
 5980 0.8653
 5985 0.8844
 5990 0.9048
 5995 0.9230
 6000 0.9431
 6005 0.9612
 6010 0.9825
 6015 1.0038
 6020 1.0252
 6025 1.0480
 6030 1.0721
 6035 1.0932
 6040 1.1180
 6045 1.1380
 6050 1.1590
 6055 1.1782
 6060 1.1942
 6065 1.2080
 6070 1.2210
 6075 1.2292
 6080 1.2380
 6085 1.2426
 6090 1.2465
 6095 1.2502
 6100 1.2519
 6105 1.2553
 6110 1.2588
 6115 1.2635
 6120 1.2721
 6125 1.2811
 6130 1.2942
 6135 1.3106
 6140 1.3304
 6145 1.3541
 6150 1.3792
 6155 1.4100
 6160 1.4414
 6165 1.4755
 6170 1.5105
 6175 1.5457
 6180 1.5809
 6185 1.6158
 6190 1.6470
 6195 1.6784
 6200 1.7053
 6205 1.7308
 6210 1.7527
 6215 1.7723
 6220 1.7889
 6225 1.8053
 6230 1.8185
 6235 1.8323
 6240 1.8450
 6245 1.8578
 6250 1.8699
 6255 1.8843
 6260 1.8970
 6265 1.9115
 6270 1.9260
 6275 1.9398
 6280 1.9549
 6285 1.9674
 6290 1.9813
 6295 1.9938
 6300 2.0049
 6305 2.0159
 6310 2.0254
 6315 2.0343
 6320 2.0425
 6325 2.0507
 6330 2.0569
 6335 2.0648
 6340 2.0713
 6345 2.0758
 6350 2.0829
 6355 2.0861
 6360 2.0898
 6365 2.0919
 6370 2.0939
 6375 2.0931
 6380 2.0930
 6385 2.0889
 6390 2.0853
 6395 2.0807
 6400 2.0726
 6405 2.0674
 6410 2.0571
 6415 2.0480
 6420 2.0380
 6425 2.0260
 6430 2.0149
 6435 2.0015
 6440 1.9895
 6445 1.9764
 6450 1.9623
 6455 1.9502
 6460 1.9372
 6465 1.9272
 6470 1.9160
 6475 1.9092
 6480 1.9036
 6485 1.9017
 6490 1.9017
 6495 1.9054
 6500 1.9124
 6505 1.9234
 6510 1.9371
 6515 1.9538
 6520 1.9721
 6525 1.9926
 6530 2.0157
 6535 2.0374
 6540 2.0609
 6545 2.0821
 6550 2.1038
 6555 2.1231
 6560 2.1394
 6565 2.1546
 6570 2.1663
 6575 2.1745
 6580 2.1805
 6585 2.1817
 6590 2.1812
 6595 2.1771
 6600 2.1705
 6605 2.1622
 6610 2.1518
 6615 2.1407
 6620 2.1294
 6625 2.1181
 6630 2.1072
 6635 2.0974
 6640 2.0896
 6645 2.0824
 6650 2.0761
 6655 2.0720
 6660 2.0683
 6665 2.0654
 6670 2.0612
 6675 2.0579
 6680 2.0528
 6685 2.0469
 6690 2.0385
 6695 2.0288
 6700 2.0174
 6705 2.0039
 6710 1.9892
 6715 1.9712
 6720 1.9548
 6725 1.9338
 6730 1.9154
 6735 1.8952
 6740 1.8750
 6745 1.8548
 6750 1.8356
 6755 1.8169
 6760 1.7985
 6765 1.7822
 6770 1.7648
 6775 1.7506
 6780 1.7351
 6785 1.7221
 6790 1.7093
 6795 1.6956
 6800 1.6831
 6805 1.6708
 6810 1.6573
 6815 1.6453
 6820 1.6314
 6825 1.6207
 6830 1.6079
 6835 1.5974
 6840 1.5872
 6845 1.5786
 6850 1.5716
 6855 1.5662
 6860 1.5640
 6865 1.5618
 6870 1.5626
 6875 1.5648
 6880 1.5696
 6885 1.5746
 6890 1.5822
 6895 1.5893
 6900 1.5972
 6905 1.6054
 6910 1.6144
 6915 1.6226
 6920 1.6314
 6925 1.6372
 6930 1.6451
 6935 1.6483
 6940 1.6532
 6945 1.6545
 6950 1.6559
 6955 1.6543
 6960 1.6523
 6965 1.6471
 6970 1.6424
 6975 1.6346
 6980 1.6266
 6985 1.6187
 6990 1.6084
 6995 1.5990
 7000 1.5882
 7005 1.5773
 7010 1.5657
 7015 1.5549
 7020 1.5436
 7025 1.5318
 7030 1.5193
 7035 1.5072
 7040 1.4939
 7045 1.4815
 7050 1.4684
 7055 1.4566
 7060 1.4438
 7065 1.4326
 7070 1.4207
 7075 1.4111
 7080 1.3996
 7085 1.3913
 7090 1.3811
 7095 1.3715
 7100 1.3614
 7105 1.3488
 7110 1.3365
 7115 1.3216
 7120 1.3061
 7125 1.2888
 7130 1.2690
 7135 1.2492
 7140 1.2286
 7145 1.2077
 7150 1.1877
 7155 1.1685
 7160 1.1505
 7165 1.1357
 7170 1.1226
 7175 1.1119
 7180 1.1049
 7185 1.1001
 7190 1.0987
 7195 1.0985
 7200 1.1016
 7205 1.1058
 7210 1.1100
 7215 1.1174
 7220 1.1232
 7225 1.1312
 7230 1.1381
 7235 1.1436
 7240 1.1498
 7245 1.1540
 7250 1.1600
 7255 1.1625
 7260 1.1659
 7265 1.1684
 7270 1.1691
 7275 1.1713
 7280 1.1721
 7285 1.1729
 7290 1.1744
 7295 1.1756
 7300 1.1762
 7305 1.1788
 7310 1.1804
 7315 1.1849
 7320 1.1887
 7325 1.1945
 7330 1.2017
 7335 1.2108
 7340 1.2203
 7345 1.2336
 7350 1.2477
 7355 1.2652
 7360 1.2815
 7365 1.3025
 7370 1.3217
 7375 1.3446
 7380 1.3667
 7385 1.3889
 7390 1.4127
 7395 1.4340
 7400 1.4549
 7405 1.4759
 7410 1.4923
 7415 1.5099
 7420 1.5228
 7425 1.5340
 7430 1.5437
 7435 1.5492
 7440 1.5537
 7445 1.5545
 7450 1.5523
 7455 1.5478
 7460 1.5420
 7465 1.5331
 7470 1.5228
 7475 1.5106
 7480 1.4989
 7485 1.4850
 7490 1.4730
 7495 1.4604
 7500 1.4479
 7505 1.4384
 7510 1.4271
 7515 1.4204
 7520 1.4133
 7525 1.4079
 7530 1.4034
 7535 1.3994
 7540 1.3965
 7545 1.3936
 7550 1.3904
 7555 1.3865
 7560 1.3814
 7565 1.3754
 7570 1.3678
 7575 1.3580
 7580 1.3471
 7585 1.3338
 7590 1.3208
 7595 1.3046
 7600 1.2880
 7605 1.2709
 7610 1.2517
 7615 1.2340
 7620 1.2148
 7625 1.1955
 7630 1.1758
 7635 1.1557
 7640 1.1359
 7645 1.1144
 7650 1.0943
 7655 1.0725
 7660 1.0503
 7665 1.0270
 7670 1.0031
 7675 0.9774
 7680 0.9534
 7685 0.9259
 7690 0.9000
 7695 0.8727
 7700 0.8456
 7705 0.8195
 7710 0.7931
 7715 0.7685
 7720 0.7449
 7725 0.7214
 7730 0.7005
 7735 0.6799
 7740 0.6616
 7745 0.6451
 7750 0.6292
 7755 0.6165
 7760 0.6044
 7765 0.5945
 7770 0.5849
 7775 0.5780
 7780 0.5721
 7785 0.5677
 7790 0.5652
 7795 0.5628
 7800 0.5632
 7805 0.5641
 7810 0.5679
 7815 0.5718
 7820 0.5778
 7825 0.5855
 7830 0.5940
 7835 0.6036
 7840 0.6149
 7845 0.6255
 7850 0.6383
 7855 0.6494
 7860 0.6619
 7865 0.6724
 7870 0.6844
 7875 0.6940
 7880 0.7036
 7885 0.7123
 7890 0.7214
 7895 0.7288
 7900 0.7365
 7905 0.7441
 7910 0.7512
 7915 0.7588
 7920 0.7662
 7925 0.7754
 7930 0.7822
 7935 0.7905
 7940 0.7974
 7945 0.8035
 7950 0.8086
 7955 0.8132
 7960 0.8133
 7965 0.8142
 7970 0.8103
 7975 0.8046
 7980 0.7956
 7985 0.7850
 7990 0.7710
 7995 0.7559
 8000 0.7384
 8005 0.7212
 8010 0.7022
 8015 0.6852
 8020 0.6661
 8025 0.6519
 8030 0.6370
 8035 0.6254
 8040 0.6153
 8045 0.6091
 8050 0.6028
 8055 0.6000
 8060 0.5989
 8065 0.5965
 8070 0.5969
 8075 0.5939
 8080 0.5929
 8085 0.5885
 8090 0.5832
 8095 0.5781
 8100 0.5685
 8105 0.5608
 8110 0.5521
 8115 0.5425
 8120 0.5374
 8125 0.5295
 8130 0.5277
 8135 0.5265
 8140 0.5288
 8145 0.5320
 8150 0.5386
 8155 0.5450
 8160 0.5534
 8165 0.5606
 8170 0.5684
 8175 0.5741
 8180 0.5787
 8185 0.5834
 8190 0.5838
 8195 0.5870
 8200 0.5872
 8205 0.5877
 8210 0.5912
 8215 0.5923
 8220 0.5990
 8225 0.6044
 8230 0.6122
 8235 0.6235
 8240 0.6327
 8245 0.6464
 8250 0.6593
 8255 0.6734
 8260 0.6890
 8265 0.7049
 8270 0.7208
 8275 0.7377
 8280 0.7555
 8285 0.7735
 8290 0.7914
 8295 0.8102
 8300 0.8282
 8305 0.8467
 8310 0.8634
 8315 0.8797
 8320 0.8954
 8325 0.9097
 8330 0.9213
 8335 0.9337
 8340 0.9413
 8345 0.9496
 8350 0.9555
 8355 0.9600
 8360 0.9630
 8365 0.9640
 8370 0.9642
 8375 0.9607
 8380 0.9575
 8385 0.9526
 8390 0.9450
 8395 0.9375
 8400 0.9266
 8405 0.9169
 8410 0.9046
 8415 0.8910
 8420 0.8799
 8425 0.8655
 8430 0.8515
 8435 0.8387
 8440 0.8237
 8445 0.8108
 8450 0.7952
 8455 0.7813
 8460 0.7657
 8465 0.7487
 8470 0.7321
 8475 0.7133
 8480 0.6946
 8485 0.6737
 8490 0.6530
 8495 0.6317
 8500 0.6087
 8505 0.5847
 8510 0.5617
 8515 0.5369
 8520 0.5116
 8525 0.4856
 8530 0.4579
 8535 0.4302
 8540 0.4010
 8545 0.3717
 8550 0.3436
 8555 0.3128
 8560 0.2876
 8565 0.2602
 8570 0.2382
 8575 0.2181
 8580 0.2011
 8585 0.1886
 8590 0.1789
 8595 0.1727
 8600 0.1708
 8605 0.1711
 8610 0.1740
 8615 0.1786
 8620 0.1863
 8625 0.1931
 8630 0.2021
 8635 0.2114
 8640 0.2201
 8645 0.2306
 8650 0.2395
 8655 0.2502
 8660 0.2594
 8665 0.2697
 8670 0.2783
 8675 0.2879
 8680 0.2951
 8685 0.3034
 8690 0.3097
 8695 0.3144
 8700 0.3202
 8705 0.3218
 8710 0.3257
 8715 0.3255
 8720 0.3257
 8725 0.3245
 8730 0.3216
 8735 0.3198
 8740 0.3159
 8745 0.3122
 8750 0.3084
 8755 0.3040
 8760 0.3006
 8765 0.2975
 8770 0.2948
 8775 0.2938
 8780 0.2934
 8785 0.2932
 8790 0.2935
 8795 0.2941
 8800 0.2936
 8805 0.2916
 8810 0.2887
 8815 0.2841
 8820 0.2748
 8825 0.2668
 8830 0.2506
 8835 0.2355
 8840 0.2157
 8845 0.1917
 8850 0.1683
 8855 0.1386
 8860 0.1104
 8865 0.0795
 8870 0.0483
 8875 0.0166
 8880 -0.0148
 8885 -0.0460
 8890 -0.0761
 8895 -0.1050
 8900 -0.1328
 8905 -0.1579
 8910 -0.1816
 8915 -0.2033
 8920 -0.2223
 8925 -0.2400
 8930 -0.2557
 8935 -0.2698
 8940 -0.2830
 8945 -0.2958
 8950 -0.3080
 8955 -0.3217
 8960 -0.3383
 8965 -0.3535
 8970 -0.3765
 8975 -0.3974
 8980 -0.4254
 8985 -0.4545
 8990 -0.4864
 8995 -0.5218
 9000 -0.5577
 9005 -0.5961
 9010 -0.6346
 9015 -0.6716
 9020 -0.7096
 9025 -0.7447
 9030 -0.7789
 9035 -0.8110
 9040 -0.8410
 9045 -0.8693
 9050 -0.8973
 9055 -0.9228
 9060 -0.9483
 9065 -0.9733
 9070 -0.9975
 9075 -1.0234
 9080 -1.0471
 9085 -1.0729
 9090 -1.0951
 9095 -1.1197
 9100 -1.1401
 9105 -1.1596
 9110 -1.1765
 9115 -1.1898
 9120 -1.2002
 9125 -1.2080
 9130 -1.2105
 9135 -1.2112
 9140 -1.2067
 9145 -1.2002
 9150 -1.1908
 9155 -1.1780
 9160 -1.1635
 9165 -1.1471
 9170 -1.1278
 9175 -1.1086
 9180 -1.0858
 9185 -1.0621
 9190 -1.0383
 9195 -1.0122
 9200 -0.9883
 9205 -0.9612
 9210 -0.9375
 9215 -0.9114
 9220 -0.8893
 9225 -0.8656
 9230 -0.8467
 9235 -0.8281
 9240 -0.8129
 9245 -0.7980
 9250 -0.7850
 9255 -0.7723
 9260 -0.7593
 9265 -0.7472
 9270 -0.7332
 9275 -0.7193
 9280 -0.7032
 9285 -0.6842
 9290 -0.6648
 9295 -0.6413
 9300 -0.6182
 9305 -0.5932
 9310 -0.5680
 9315 -0.5427
 9320 -0.5185
 9325 -0.4953
 9330 -0.4718
 9335 -0.4513
 9340 -0.4314
 9345 -0.4159
 9350 -0.4011
 9355 -0.3873
 9360 -0.3769
 9365 -0.3659
 9370 -0.3585
 9375 -0.3519
 9380 -0.3472
 9385 -0.3464
 9390 -0.3466
 9395 -0.3506
 9400 -0.3564
 9405 -0.3649
 9410 -0.3763
 9415 -0.3914
 9420 -0.4076
 9425 -0.4258
 9430 -0.4455
 9435 -0.4651
 9440 -0.4826
 9445 -0.5009
 9450 -0.5172
 9455 -0.5335
 9460 -0.5485
 9465 -0.5647
 9470 -0.5775
 9475 -0.5923
 9480 -0.6058
 9485 -0.6208
 9490 -0.6377
 9495 -0.6549
 9500 -0.6757
 9505 -0.6926
 9510 -0.7117
 9515 -0.7286
 9520 -0.7443
 9525 -0.7599
 9530 -0.7726
 9535 -0.7836
 9540 -0.7929
 9545 -0.7983
 9550 -0.8012
 9555 -0.8021
 9560 -0.8033
 9565 -0.8036
 9570 -0.8039
 9575 -0.8022
 9580 -0.8011
 9585 -0.7994
 9590 -0.7977
 9595 -0.7996
 9600 -0.7980
 9605 -0.8007
 9610 -0.7983
 9615 -0.7977
 9620 -0.7941
 9625 -0.7923
 9630 -0.7895
 9635 -0.7853
 9640 -0.7819
 9645 -0.7736
 9650 -0.7677
 9655 -0.7571
 9660 -0.7483
 9665 -0.7398
 9670 -0.7294
 9675 -0.7192
 9680 -0.7064
 9685 -0.6940
 9690 -0.6824
 9695 -0.6694
 9700 -0.6588
 9705 -0.6455
 9710 -0.6336
 9715 -0.6191
 9720 -0.6061
 9725 -0.5931
 9730 -0.5821
 9735 -0.5703
 9740 -0.5587
 9745 -0.5462
 9750 -0.5337
 9755 -0.5222
 9760 -0.5087
 9765 -0.4977
 9770 -0.4830
 9775 -0.4699
 9780 -0.4529
 9785 -0.4348
 9790 -0.4167
 9795 -0.3971
 9800 -0.3776
 9805 -0.3552
 9810 -0.3327
 9815 -0.3086
 9820 -0.2824
 9825 -0.2591
 9830 -0.2334
 9835 -0.2101
 9840 -0.1867
 9845 -0.1637
 9850 -0.1409
 9855 -0.1219
 9860 -0.1019
 9865 -0.0861
 9870 -0.0712
 9875 -0.0560
 9880 -0.0453
 9885 -0.0334
 9890 -0.0243
 9895 -0.0152
 9900 -0.0079
 9905 -0.0002
 9910 0.0079
 9915 0.0145
 9920 0.0224
 9925 0.0288
 9930 0.0377
 9935 0.0457
 9940 0.0545
 9945 0.0649
 9950 0.0742
 9955 0.0852
 9960 0.0984
 9965 0.1114
 9970 0.1278
 9975 0.1424
 9980 0.1589
 9985 0.1746
 9990 0.1915
 9995 0.2072
10000 0.2239
10005 0.2384
10010 0.2510
10015 0.2617
10020 0.2718
10025 0.2798
10030 0.2884
10035 0.2930
10040 0.2975
10045 0.3009
10050 0.3032
10055 0.3065
10060 0.3101
10065 0.3120
10070 0.3153
10075 0.3184
10080 0.3212
10085 0.3268
10090 0.3305
10095 0.3367
10100 0.3419
10105 0.3506
10110 0.3565
10115 0.3654
10120 0.3730
10125 0.3808
10130 0.3905
10135 0.3987
10140 0.4067
10145 0.4133
10150 0.4178
10155 0.4227
10160 0.4251
10165 0.4274
10170 0.4263
10175 0.4256
10180 0.4216
10185 0.4195
10190 0.4166
10195 0.4152
10200 0.4138
10205 0.4114
10210 0.4122
10215 0.4117
10220 0.4147
10225 0.4167
10230 0.4220
10235 0.4269
10240 0.4320
10245 0.4386
10250 0.4443
10255 0.4523
10260 0.4595
10265 0.4669
10270 0.4738
10275 0.4801
10280 0.4862
10285 0.4933
10290 0.5019
10295 0.5083
10300 0.5159
10305 0.5224
10310 0.5294
10315 0.5383
10320 0.5480
10325 0.5581
10330 0.5667
10335 0.5776
10340 0.5876
10345 0.6012
10350 0.6137
10355 0.6279
10360 0.6407
10365 0.6552
10370 0.6711
10375 0.6883
10380 0.7063
10385 0.7244
10390 0.7443
10395 0.7652
10400 0.7884
10405 0.8130
10410 0.8379
10415 0.8630
10420 0.8900
10425 0.9167
10430 0.9459
10435 0.9727
10440 1.0007
10445 1.0265
10450 1.0534
10455 1.0784
10460 1.1045
10465 1.1274
10470 1.1506
10475 1.1715
10480 1.1929
10485 1.2129
10490 1.2331
10495 1.2512
10500 1.2676
10505 1.2857
10510 1.3015
10515 1.3192
10520 1.3368
10525 1.3517
10530 1.3696
10535 1.3863
10540 1.4045
10545 1.4245
10550 1.4414
10555 1.4622
10560 1.4791
10565 1.4996
10570 1.5192
10575 1.5370
10580 1.5565
10585 1.5715
10590 1.5895
10595 1.6044
10600 1.6203
10605 1.6341
10610 1.6471
10615 1.6600
10620 1.6737
10625 1.6849
10630 1.6974
10635 1.7082
10640 1.7175
10645 1.7281
10650 1.7351
10655 1.7424
10660 1.7454
10665 1.7457
10670 1.7463
10675 1.7409
10680 1.7358
10685 1.7247
10690 1.7117
10695 1.6972
10700 1.6784
10705 1.6615
10710 1.6393
10715 1.6180
10720 1.5943
10725 1.5702
10730 1.5462
10735 1.5219
10740 1.4957
10745 1.4722
10750 1.4457
10755 1.4209
10760 1.3981
10765 1.3732
10770 1.3512
10775 1.3287
10780 1.3094
10785 1.2923
10790 1.2762
10795 1.2650
10800 1.2532
10805 1.2480
10810 1.2431
10815 1.2429
10820 1.2446
10825 1.2466
10830 1.2535
10835 1.2597
10840 1.2684
10845 1.2770
10850 1.2859
10855 1.2937
10860 1.3026
10865 1.3092
10870 1.3183
10875 1.3238
10880 1.3299
10885 1.3381
10890 1.3415
10895 1.3483
10900 1.3532
10905 1.3592
10910 1.3669
10915 1.3711
10920 1.3775
10925 1.3822
10930 1.3879
10935 1.3941
10940 1.3981
10945 1.4019
10950 1.4052
10955 1.4049
10960 1.4071
10965 1.4062
10970 1.4056
10975 1.4054
10980 1.4038
10985 1.4045
10990 1.4054
10995 1.4093
11000 1.4131
11005 1.4200
11010 1.4314
11015 1.4463
11020 1.4629
11025 1.4825
11030 1.5023
11035 1.5260
11040 1.5519
11045 1.5775
11050 1.6028
11055 1.6265
11060 1.6481
11065 1.6705
11070 1.6902
11075 1.7078
11080 1.7230
11085 1.7366
11090 1.7508
11095 1.7622
11100 1.7740
11105 1.7843
11110 1.7957
11115 1.8079
11120 1.8210
11125 1.8346
11130 1.8474
11135 1.8630
11140 1.8776
11145 1.8943
11150 1.9116
11155 1.9268
11160 1.9444
11165 1.9577
11170 1.9734
11175 1.9847
11180 1.9979
11185 2.0068
11190 2.0147
11195 2.0220
11200 2.0261
11205 2.0319
11210 2.0353
11215 2.0400
11220 2.0435
11225 2.0460
11230 2.0503
11235 2.0552
11240 2.0604
11245 2.0660
11250 2.0713
11255 2.0747
11260 2.0806
11265 2.0851
11270 2.0878
11275 2.0908
11280 2.0895
11285 2.0910
11290 2.0893
11295 2.0875
11300 2.0837
11305 2.0791
11310 2.0758
11315 2.0712
11320 2.0673
11325 2.0625
11330 2.0575
11335 2.0529
11340 2.0484
11345 2.0446
11350 2.0396
11355 2.0342
11360 2.0282
11365 2.0221
11370 2.0157
11375 2.0090
11380 1.9989
11385 1.9892
11390 1.9794
11395 1.9694
11400 1.9599
11405 1.9476
11410 1.9352
11415 1.9241
11420 1.9136
11425 1.9026
11430 1.8912
11435 1.8794
11440 1.8697
11445 1.8583
11450 1.8497
11455 1.8381
11460 1.8297
11465 1.8196
11470 1.8103
11475 1.8016
11480 1.7921
11485 1.7832
11490 1.7725
11495 1.7636
11500 1.7539
11505 1.7431
11510 1.7314
11515 1.7186
11520 1.7061
11525 1.6938
11530 1.6801
11535 1.6661
11540 1.6509
11545 1.6374
11550 1.6217
11555 1.6087
11560 1.5936
11565 1.5791
11570 1.5643
11575 1.5489
11580 1.5336
11585 1.5193
11590 1.5031
11595 1.4867
11600 1.4690
11605 1.4514
11610 1.4353
11615 1.4182
11620 1.3999
11625 1.3842
11630 1.3683
11635 1.3539
