    0 0.0623
    5 0.0622
   10 0.0620
   15 0.0618
   20 0.0617
   25 0.0615
   30 0.0613
   35 0.0602
   40 0.0600
   45 0.0588
   50 0.0587
   55 0.0585
   60 0.0583
   65    nan
   70    nan
   75    nan
   80    nan
   85    nan
   90    nan
   95    nan
  100    nan
  105    nan
  110    nan
  115    nan
  120    nan
  125    nan
  130    nan
  135    nan
  140    nan
  145    nan
  150    nan
  155    nan
  160    nan
  165    nan
  170    nan
  175    nan
  180    nan
  185    nan
  190    nan
  195    nan
  200    nan
  205    nan
  210 -0.0357
  215 -0.0399
  220 -0.0441
  225 -0.0462
  230 -0.0484
  235 -0.0496
  240 -0.0507
  245 -0.0509
  250 -0.0511
  255 -0.0513
  260 -0.0514
  265 -0.0516
  270 -0.0538
  275 -0.0550
  280 -0.0561
  285 -0.0593
  290 -0.0605
  295 -0.0636
  300 -0.0668
  305 -0.0690
  310 -0.0722
  315 -0.0763
  320 -0.0795
  325 -0.0837
  330 -0.0868
  335 -0.0910
  340 -0.0952
  345 -0.0974
  350 -0.1015
  355 -0.1047
  360 -0.1069
  365 -0.1101
  370 -0.1112
  375 -0.1134
  380 -0.1136
  385 -0.1148
  390 -0.1149
  395 -0.1161
  400 -0.1153
  405 -0.1164
  410 -0.1166
  415 -0.1168
  420 -0.1180
  425 -0.1191
  430 -0.1223
  435 -0.1245
  440 -0.1287
  445 -0.1328
  450 -0.1380
  455 -0.1432
  460 -0.1494
  465 -0.1555
  470 -0.1627
  475 -0.1689
  480 -0.1771
  485 -0.1843
  490 -0.1924
  495 -0.1996
  500 -0.2068
  505 -0.2140
  510 -0.2211
  515 -0.2273
  520 -0.2345
  525 -0.2397
  530 -0.2448
  535 -0.2490
  540 -0.2532
  545 -0.2584
  550 -0.2606
  555 -0.2657
  560 -0.2679
  565 -0.2721
  570 -0.2753
  575 -0.2804
  580 -0.2826
  585 -0.2878
  590 -0.2910
  595 -0.2961
  600 -0.2993
  605 -0.3045
  610 -0.3077
  615 -0.3129
  620 -0.3160
  625 -0.3192
  630 -0.3234
  635 -0.3256
  640 -0.3298
  645 -0.3329
  650 -0.3361
  655 -0.3393
  660 -0.3445
  665 -0.3487
  670 -0.3538
  675 -0.3600
  680 -0.3662
  685 -0.3734
  690 -0.3816
  695 -0.3887
  700 -0.3969
  705 -0.4051
  710 -0.4123
  715 -0.4215
  720 -0.4296
  725 -0.4388
  730 -0.4470
  735 -0.4552
  740 -0.4634
  745 -0.4705
  750 -0.4757
  755 -0.4839
  760 -0.4891
  765 -0.4953
  770 -0.4994
  775 -0.5036
  780 -0.5058
  785 -0.5070
  790 -0.5082
  795 -0.5074
  800 -0.5055
  805 -0.5017
  810 -0.4979
  815 -0.4921
  820 -0.4873
  825 -0.4795
  830 -0.4726
  835 -0.4638
  840 -0.4560
  845 -0.4462
  850 -0.4374
  855 -0.4276
  860 -0.4177
  865 -0.4079
  870 -0.3971
  875 -0.3853
  880 -0.3745
  885 -0.3607
  890 -0.3488
  895 -0.3340
  900 -0.3202
  905 -0.3064
  910 -0.2916
  915 -0.2768
  920 -0.2619
  925 -0.2481
  930 -0.2333
  935 -0.2195
  940 -0.2057
  945 -0.1919
  950 -0.1770
  955 -0.1642
  960 -0.1494
  965 -0.1356
  970 -0.1218
  975 -0.1070
  980 -0.0932
  985 -0.0783
  990 -0.0635
  995 -0.0477
 1000 -0.0329
 1005 -0.0181
 1010 -0.0023
 1015 0.0135
 1020 0.0293
 1025 0.0462
 1030 0.0630
 1035 0.0808
 1040 0.0976
 1045 0.1154
 1050 0.1322
 1055 0.1510
 1060 0.1699
 1065 0.1897
 1070 0.2095
 1075 0.2313
 1080 0.2531
 1085 0.2759
 1090 0.2977
 1095 0.3225
 1100 0.3464
 1105 0.3712
 1110 0.3970
 1115 0.4218
 1120 0.4476
 1125 0.4744
 1130 0.5002
 1135 0.5260
 1140 0.5529
 1145 0.5777
 1150 0.6045
 1155 0.6293
 1160 0.6561
 1165 0.6819
 1170 0.7087
 1175 0.7345
 1180 0.7613
 1185 0.7862
 1190 0.8110
 1195 0.8348
 1200 0.8556
 1205 0.8774
 1210 0.8962
 1215 0.9130
 1220 0.9268
 1225 0.9386
 1230 0.9474
 1235 0.9543
 1240 0.9591
 1245 0.9619
 1250 0.9627
 1255 0.9625
 1260 0.9603
 1265 0.9581
 1270 0.9539
 1275 0.9507
 1280 0.9445
 1285 0.9394
 1290 0.9332
 1295 0.9260
 1300 0.9188
 1305 0.9096
 1310 0.9004
 1315 0.8892
 1320 0.8780
 1325 0.8658
 1330 0.8536
 1335 0.8384
 1340 0.8242
 1345 0.8091
 1350 0.7919
 1355 0.7757
 1360 0.7585
 1365 0.7413
 1370 0.7241
 1375 0.7069
 1380 0.6897
 1385 0.6735
 1390 0.6583
 1395 0.6461
 1400 0.6379
 1405 0.6327
 1410 0.6335
 1415 0.6414
 1420 0.6572
 1425 0.6850
 1430 0.7238
 1435 0.7776
 1440 0.8484
 1445 0.9372
 1450 1.0470
 1455 1.1808
 1460 1.3366
 1465 1.5194
 1470 1.7282
 1475 1.9620
 1480 2.2238
 1485 2.5076
 1490 2.8134
 1495 3.1373
 1500 3.4761
 1505 3.8229
 1510 4.1737
 1515 4.5185
 1520 4.8543
 1525 5.1701
 1530 5.4599
 1535 5.7157
 1540 5.9325
 1545 6.1043
 1550 6.2241
 1555 6.2899
 1560 6.2997
 1565 6.2505
 1570 6.1463
 1575 5.9861
 1580 5.7749
 1585 5.5167
 1590 5.2165
 1595 4.8814
 1600 4.5192
 1605 4.1350
 1610 3.7408
 1615 3.3416
 1620 2.9474
 1625 2.5672
 1630 2.2080
 1635 1.8788
 1640 1.5866
 1645 1.3384
 1650 1.1382
 1655 0.9920
 1660 0.9038
 1665 0.8716
 1670 0.8974
 1675 0.9762
 1680 1.1050
 1685 1.2768
 1690 1.4836
 1695 1.7144
 1700 1.9632
 1705 2.2130
 1710 2.4568
 1715 2.6856
 1720 2.8864
 1725    nan
 1730    nan
 1735 3.2692
 1740 3.3139
 1745 3.3163
 1750 3.2782
 1755 3.2055
 1760 3.1026
 1765 2.9756
 1770 2.8337
 1775 2.6817
 1780 2.5278
 1785 2.3764
 1790 2.2351
 1795 2.1054
 1800 1.9927
 1805 1.8967
 1810 1.8184
 1815 1.7586
 1820 1.7152
 1825 1.6865
 1830 1.6700
 1835 1.6633
 1840 1.6639
 1845 1.6689
 1850 1.6771
 1855 1.6852
 1860 1.6937
 1865 1.6994
 1870 1.7047
 1875 1.7061
 1880 1.7056
 1885 1.7025
 1890 1.6967
 1895 1.6876
 1900 1.6756
 1905 1.6609
 1910 1.6407
 1915 1.6168
 1920 1.5867
 1925 1.5502
 1930 1.5078
 1935 1.4591
 1940 1.4033
 1945 1.3435
 1950 1.2782
 1955 1.2119
 1960 1.1450
 1965 1.0807
 1970 1.0235
 1975 0.9729
 1980 0.9351
 1985 0.9099
 1990 0.8990
 1995 0.9043
 2000 0.9247
 2005 0.9591
 2010 1.0059
 2015 1.0630
 2020 1.1252
 2025 1.1890
 2030 1.2516
 2035 1.3057
 2040 1.3511
 2045 1.3818
 2050 1.3968
 2055 1.3941
 2060 1.3732
 2065 1.3343
 2070 1.2801
 2075 1.2120
 2080 1.1317
 2085 1.0461
 2090 0.9546
 2095 0.8635
 2100 0.7746
 2105 0.6893
 2110 0.6103
 2115 0.5369
 2120 0.4702
 2125 0.4098
 2130 0.3534
 2135 0.3002
 2140 0.2486
 2145 0.1976
 2150 0.1464
 2155 0.0953
 2160 0.0436
 2165 -0.0049
 2170 -0.0508
 2175 -0.0892
 2180 -0.1194
 2185 -0.1368
 2190 -0.1398
 2195 -0.1248
 2200 -0.0910
 2205 -0.0376
 2210 0.0359
 2215 0.1277
 2220 0.2347
 2225 0.3550
 2230 0.4842
 2235 0.6179
 2240 0.7509
 2245 0.8792
 2250 0.9975
 2255 1.1018
 2260 1.1885
 2265 1.2537
 2270 1.2954
 2275 1.3110
 2280 1.3007
 2285 1.2638
 2290 1.2005
 2295 1.1136
 2300 1.0045
 2305 0.8758
 2310 0.7333
 2315 0.5796
 2320 0.4195
 2325 0.2582
 2330 0.0990
 2335 -0.0529
 2340 -0.1959
 2345 -0.3265
 2350 -0.4431
 2355 -0.5430
 2360 -0.6285
 2365 -0.6972
 2370 -0.7542
 2375 -0.7987
 2380 -0.8341
 2385 -0.8615
 2390 -0.8833
 2395 -0.9008
 2400 -0.9167
 2405 -0.9331
 2410 -0.9506
 2415 -0.9694
 2420 -0.9904
 2425 -1.0124
 2430 -1.0379
 2435 -1.0667
 2440 -1.0970
 2445 -1.1317
 2450 -1.1668
 2455 -1.2046
 2460 -1.2426
 2465 -1.2813
 2470 -1.3191
 2475 -1.3572
 2480 -1.3932
 2485 -1.4308
 2490 -1.4659
 2495 -1.4998
 2500 -1.5326
 2505 -1.5638
 2510 -1.5959
 2515 -1.6284
 2520 -1.6592
 2525 -1.6890
 2530 -1.7142
 2535 -1.7364
 2540 -1.7540
 2545 -1.7651
 2550 -1.7684
 2555 -1.7616
 2560 -1.7448
 2565 -1.7164
 2570 -1.6780
 2575 -1.6314
 2580 -1.5752
 2585 -1.5142
 2590 -1.4471
 2595 -1.3774
 2600 -1.3073
 2605 -1.2358
 2610 -1.1655
 2615 -1.0980
 2620 -1.0317
 2625 -0.9688
 2630 -0.9061
 2635 -0.8461
 2640 -0.7872
 2645 -0.7274
 2650 -0.6699
 2655 -0.6105
 2660 -0.5530
 2665 -0.4937
 2670 -0.4356
 2675 -0.3780
 2680 -0.3199
 2685 -0.2615
 2690 -0.2058
 2695 -0.1514
 2700 -0.0997
 2705 -0.0487
 2710 -0.0015
 2715 0.0423
 2720 0.0846
 2725 0.1236
 2730 0.1571
 2735 0.1869
 2740 0.2124
 2745 0.2322
 2750 0.2467
 2755 0.2585
 2760 0.2673
 2765 0.2701
 2770 0.2683
 2775 0.2618
 2780 0.2540
 2785 0.2409
 2790 0.2278
 2795 0.2134
 2800 0.1964
 2805 0.1767
 2810 0.1568
 2815 0.1374
 2820 0.1211
 2825 0.1065
 2830 0.0957
 2835 0.0893
 2840 0.0850
 2845 0.0830
 2850 0.0867
 2855 0.0953
 2860 0.1058
 2865 0.1184
 2870 0.1317
 2875 0.1412
 2880 0.1471
 2885 0.1493
 2890 0.1456
 2895 0.1324
 2900 0.1119
 2905 0.0820
 2910 0.0409
 2915 -0.0078
 2920 -0.0641
 2925 -0.1275
 2930 -0.1924
 2935 -0.2589
 2940 -0.3267
 2945 -0.3939
 2950 -0.4580
 2955 -0.5192
 2960 -0.5742
 2965 -0.6237
 2970 -0.6688
 2975 -0.7100
 2980 -0.7455
 2985 -0.7759
 2990 -0.8013
 2995 -0.8187
 3000 -0.8314
 3005 -0.8358
 3010 -0.8332
 3015 -0.8216
 3020 -0.8036
 3025 -0.7756
 3030 -0.7407
 3035 -0.6977
 3040 -0.6487
 3045 -0.5944
 3050 -0.5365
 3055 -0.4771
 3060 -0.4159
 3065 -0.3546
 3070 -0.2947
 3075 -0.2342
 3080 -0.1762
 3085 -0.1253
 3090 -0.0780
 3095 -0.0331
 3100 0.0028
 3105 0.0338
 3110 0.0566
 3115 0.0712
 3120 0.0771
 3125 0.0715
 3130 0.0571
 3135 0.0344
 3140 0.0043
 3145 -0.0363
 3150 -0.0801
 3155 -0.1308
 3160 -0.1862
 3165 -0.2403
 3170 -0.2973
 3175 -0.3538
 3180 -0.4074
 3185 -0.4561
 3190 -0.5028
 3195 -0.5451
 3200 -0.5864
 3205 -0.6190
 3210 -0.6471
 3215 -0.6721
 3220 -0.6901
 3225 -0.7059
 3230 -0.7149
 3235 -0.7206
 3240 -0.7225
 3245 -0.7172
 3250 -0.7122
 3255 -0.7017
 3260 -0.6922
 3265 -0.6803
 3270 -0.6706
 3275 -0.6631
 3280 -0.6561
 3285 -0.6569
 3290 -0.6615
 3295 -0.6699
 3300 -0.6859
 3305 -0.7082
 3310 -0.7385
 3315 -0.7707
 3320 -0.8073
 3325 -0.8500
 3330 -0.8933
 3335 -0.9358
 3340 -0.9785
 3345 -1.0193
 3350 -1.0573
 3355 -1.0900
 3360 -1.1189
 3365 -1.1435
 3370 -1.1631
 3375 -1.1794
 3380 -1.1943
 3385 -1.2054
 3390 -1.2150
 3395 -1.2242
 3400 -1.2353
 3405 -1.2466
 3410 -1.2575
 3415 -1.2732
 3420 -1.2880
 3425 -1.3061
 3430 -1.3206
 3435 -1.3406
 3440 -1.3598
 3445 -1.3741
 3450 -1.3876
 3455 -1.3981
 3460 -1.4062
 3465 -1.4079
 3470 -1.4024
 3475 -1.3970
 3480 -1.3824
 3485 -1.3692
 3490 -1.3497
 3495 -1.3291
 3500 -1.3061
 3505 -1.2858
 3510 -1.2701
 3515 -1.2570
 3520 -1.2486
 3525 -1.2479
 3530 -1.2550
 3535 -1.2669
 3540 -1.2877
 3545 -1.3122
 3550 -1.3444
 3555 -1.3765
 3560 -1.4106
 3565 -1.4420
 3570 -1.4715
 3575 -1.4942
 3580 -1.5112
 3585 -1.5204
 3590 -1.5220
 3595 -1.5120
 3600 -1.4956
 3605 -1.4656
 3610 -1.4321
 3615 -1.3897
 3620 -1.3430
 3625 -1.2912
 3630 -1.2346
 3635 -1.1787
 3640 -1.1227
 3645 -1.0670
 3650 -1.0147
 3655 -0.9675
 3660 -0.9224
 3665 -0.8864
 3670 -0.8526
 3675 -0.8266
 3680 -0.8072
 3685 -0.7949
 3690 -0.7874
 3695 -0.7875
 3700 -0.7920
 3705 -0.8010
 3710 -0.8151
 3715 -0.8336
 3720 -0.8545
 3725 -0.8837
 3730 -0.9107
 3735 -0.9426
 3740 -0.9785
 3745 -1.0154
 3750 -1.0551
 3755 -1.0981
 3760 -1.1403
 3765 -1.1845
 3770 -1.2303
 3775 -1.2712
 3780 -1.3147
 3785 -1.3526
 3790 -1.3903
 3795 -1.4203
 3800 -1.4441
 3805 -1.4621
 3810 -1.4717
 3815 -1.4688
 3820 -1.4586
 3825 -1.4354
 3830 -1.4029
 3835 -1.3590
 3840 -1.3058
 3845 -1.2422
 3850 -1.1718
 3855 -1.0953
 3860 -1.0133
 3865 -0.9283
 3870 -0.8445
 3875 -0.7596
 3880 -0.6781
 3885 -0.6007
 3890 -0.5267
 3895 -0.4583
 3900 -0.3984
 3905 -0.3412
 3910 -0.2928
 3915 -0.2502
 3920 -0.2127
 3925 -0.1813
 3930 -0.1538
 3935 -0.1324
 3940 -0.1142
 3945 -0.0988
 3950 -0.0863
 3955 -0.0764
 3960 -0.0673
 3965 -0.0602
 3970 -0.0530
 3975 -0.0459
 3980 -0.0394
 3985 -0.0319
 3990 -0.0246
 3995 -0.0150
 4000 -0.0071
 4005 0.0030
 4010 0.0143
 4015 0.0241
 4020 0.0374
 4025 0.0490
 4030 0.0632
 4035 0.0785
 4040 0.0942
 4045 0.1118
 4050 0.1318
 4055 0.1521
 4060 0.1774
 4065 0.2034
 4070 0.2317
 4075 0.2641
 4080 0.2964
 4085 0.3337
 4090 0.3726
 4095 0.4135
 4100 0.4567
 4105 0.5014
 4110 0.5466
 4115 0.5920
 4120 0.6380
 4125 0.6860
 4130 0.7320
 4135 0.7783
 4140 0.8248
 4145 0.8702
 4150 0.9146
 4155 0.9594
 4160 1.0029
 4165 1.0449
 4170 1.0874
 4175 1.1253
 4180 1.1631
 4185 1.1976
 4190 1.2294
 4195 1.2590
 4200 1.2841
 4205 1.3073
 4210 1.3266
 4215 1.3429
 4220 1.3572
 4225 1.3690
 4230 1.3774
 4235 1.3871
 4240 1.3940
 4245 1.3973
 4250 1.4035
 4255 1.4048
 4260 1.4074
 4265 1.4062
 4270 1.4051
 4275 1.4014
 4280 1.3960
 4285 1.3897
 4290 1.3813
 4295 1.3718
 4300 1.3613
 4305 1.3519
 4310 1.3422
 4315 1.3322
 4320 1.3269
 4325 1.3194
 4330 1.3151
 4335 1.3137
 4340 1.3132
 4345 1.3138
 4350 1.3190
 4355 1.3236
 4360 1.3305
 4365 1.3408
 4370 1.3501
 4375 1.3650
 4380 1.3776
 4385 1.3972
 4390 1.4156
 4395 1.4374
 4400 1.4594
 4405 1.4829
 4410 1.5060
 4415 1.5304
 4420 1.5537
 4425 1.5741
 4430 1.5926
 4435 1.6077
 4440 1.6170
 4445 1.6231
 4450 1.6219
 4455 1.6162
 4460 1.6055
 4465 1.5878
 4470 1.5679
 4475 1.5416
 4480 1.5153
 4485 1.4839
 4490 1.4546
 4495 1.4215
 4500 1.3935
 4505 1.3631
 4510 1.3365
 4515 1.3115
 4520 1.2897
 4525 1.2690
 4530 1.2506
 4535 1.2357
 4540 1.2191
 4545 1.2056
 4550 1.1918
 4555 1.1764
 4560 1.1621
 4565 1.1452
 4570 1.1281
 4575 1.1098
 4580 1.0908
 4585 1.0723
 4590 1.0513
 4595 1.0351
 4600 1.0162
 4605 1.0030
 4610 0.9879
 4615 0.9793
 4620 0.9716
 4625 0.9684
 4630 0.9675
 4635 0.9706
 4640 0.9769
 4645 0.9853
 4650 0.9988
 4655 1.0125
 4660 1.0316
 4665 1.0523
 4670 1.0758
 4675 1.1028
 4680 1.1324
 4685 1.1647
 4690 1.2000
 4695 1.2375
 4700 1.2769
 4705 1.3168
 4710 1.3557
 4715 1.3922
 4720 1.4254
 4725 1.4538
 4730 1.4754
 4735 1.4865
 4740 1.4898
 4745 1.4800
 4750 1.4603
 4755 1.4272
 4760 1.3824
 4765 1.3290
 4770 1.2654
 4775 1.1958
 4780 1.1245
 4785 1.0502
 4790 0.9797
 4795 0.9131
 4800 0.8553
 4805 0.8045
 4810 0.7650
 4815 0.7351
 4820 0.7178
 4825 0.7100
 4830 0.7101
 4835 0.7179
 4840 0.7315
 4845 0.7475
 4850 0.7666
 4855 0.7885
 4860 0.8083
 4865 0.8312
 4870 0.8520
 4875 0.8738
 4880 0.8950
 4885 0.9153
 4890 0.9362
 4895 0.9578
 4900 0.9773
 4905 0.9983
 4910 1.0171
 4915 1.0360
 4920 1.0533
 4925 1.0716
 4930 1.0885
 4935 1.1037
 4940 1.1188
 4945 1.1320
 4950 1.1458
 4955 1.1571
 4960 1.1666
 4965 1.1744
 4970 1.1802
 4975 1.1807
 4980 1.1803
 4985 1.1740
 4990 1.1648
 4995 1.1509
 5000 1.1344
 5005 1.1160
 5010 1.0943
 5015 1.0724
 5020 1.0512
 5025 1.0294
 5030 1.0122
 5035 0.9944
 5040 0.9803
 5045 0.9665
 5050 0.9539
 5055 0.9437
 5060 0.9311
 5065 0.9191
 5070 0.9046
 5075 0.8873
 5080 0.8673
 5085 0.8455
 5090 0.8197
 5095 0.7954
 5100 0.7676
 5105 0.7436
 5110 0.7176
 5115 0.6963
 5120 0.6752
 5125 0.6590
 5130 0.6463
 5135 0.6373
 5140 0.6314
 5145 0.6298
 5150 0.6271
 5155 0.6295
 5160 0.6311
 5165 0.6350
 5170 0.6410
 5175 0.6458
 5180 0.6542
 5185 0.6632
 5190 0.6740
 5195 0.6873
 5200 0.7013
 5205 0.7190
 5210 0.7365
 5215 0.7552
 5220 0.7728
 5225 0.7892
 5230 0.8038
 5235 0.8147
 5240 0.8233
 5245 0.8254
 5250 0.8239
 5255 0.8167
 5260 0.8046
 5265 0.7871
 5270 0.7664
 5275 0.7411
 5280 0.7142
 5285 0.6833
 5290 0.6526
 5295 0.6206
 5300 0.5878
 5305 0.5553
 5310 0.5224
 5315 0.4937
 5320 0.4645
 5325 0.4381
 5330 0.4143
 5335 0.3928
 5340 0.3752
 5345 0.3602
 5350 0.3499
 5355 0.3417
 5360 0.3368
 5365 0.3353
 5370 0.3363
 5375 0.3402
 5380 0.3450
 5385 0.3521
 5390 0.3580
 5395 0.3657
 5400 0.3736
 5405 0.3812
 5410 0.3875
 5415 0.3944
 5420 0.4003
 5425 0.4062
 5430 0.4113
 5435 0.4157
 5440 0.4185
 5445 0.4210
 5450 0.4216
 5455 0.4205
 5460 0.4185
 5465 0.4126
 5470 0.4051
 5475 0.3954
 5480 0.3843
 5485 0.3702
 5490 0.3545
 5495 0.3356
 5500 0.3157
 5505 0.2926
 5510 0.2697
 5515 0.2435
 5520 0.2172
 5525 0.1893
 5530 0.1606
 5535 0.1310
 5540 0.1026
 5545 0.0715
 5550 0.0412
 5555 0.0115
 5560 -0.0190
 5565 -0.0494
 5570 -0.0791
 5575 -0.1103
 5580 -0.1401
 5585 -0.1707
 5590 -0.2005
 5595 -0.2300
 5600 -0.2596
 5605 -0.2873
 5610 -0.3148
 5615 -0.3420
 5620 -0.3691
 5625 -0.3947
 5630 -0.4207
 5635 -0.4457
 5640 -0.4705
 5645 -0.4960
 5650 -0.5198
 5655 -0.5443
 5660 -0.5689
 5665 -0.5918
 5670 -0.6145
 5675 -0.6365
 5680 -0.6568
 5685 -0.6756
 5690 -0.6935
 5695 -0.7079
 5700 -0.7229
 5705 -0.7347
 5710 -0.7456
 5715 -0.7566
 5720 -0.7663
 5725 -0.7775
 5730 -0.7899
 5735 -0.8021
 5740 -0.8163
 5745 -0.8301
 5750 -0.8465
 5755 -0.8616
 5760 -0.8799
 5765 -0.8957
 5770 -0.9144
 5775 -0.9303
 5780 -0.9483
 5785 -0.9645
 5790 -0.9811
 5795 -0.9972
 5800 -1.0121
 5805 -1.0287
 5810 -1.0438
 5815 -1.0574
 5820 -1.0718
 5825 -1.0834
 5830 -1.0959
 5835 -1.1053
 5840 -1.1122
 5845 -1.1177
 5850 -1.1182
 5855 -1.1172
 5860 -1.1108
 5865 -1.1021
 5870 -1.0879
 5875 -1.0726
 5880 -1.0518
 5885 -1.0293
 5890 -1.0045
 5895 -0.9803
 5900 -0.9546
 5905 -0.9310
 5910 -0.9069
 5915 -0.8869
 5920 -0.8704
 5925 -0.8553
 5930 -0.8448
 5935 -0.8371
 5940 -0.8322
 5945 -0.8317
 5950 -0.8326
 5955 -0.8355
 5960 -0.8421
 5965 -0.8486
 5970 -0.8587
 5975 -0.8677
 5980 -0.8796
 5985 -0.8914
 5990 -0.9039
 5995 -0.9162
 6000 -0.9297
 6005 -0.9428
 6010 -0.9570
 6015 -0.9704
 6020 -0.9819
 6025 -0.9934
 6030 -1.0044
 6035 -1.0128
 6040 -1.0189
 6045 -1.0236
 6050 -1.0253
 6055 -1.0251
 6060 -1.0210
 6065 -1.0140
 6070 -1.0040
 6075 -0.9929
 6080 -0.9778
 6085 -0.9611
 6090 -0.9432
 6095 -0.9246
 6100 -0.9047
 6105 -0.8825
 6110 -0.8632
 6115 -0.8405
 6120 -0.8202
 6125 -0.7991
 6130 -0.7771
 6135 -0.7572
 6140 -0.7368
 6145 -0.7152
 6150 -0.6939
 6155 -0.6730
 6160 -0.6531
 6165 -0.6316
 6170 -0.6098
 6175 -0.5874
 6180 -0.5648
 6185 -0.5413
 6190 -0.5178
 6195 -0.4924
 6200 -0.4675
 6205 -0.4393
 6210 -0.4106
 6215 -0.3797
 6220 -0.3477
 6225 -0.3160
 6230 -0.2805
 6235 -0.2475
 6240 -0.2118
 6245 -0.1777
 6250 -0.1446
 6255 -0.1104
 6260 -0.0781
 6265 -0.0478
 6270 -0.0189
 6275 0.0086
 6280 0.0340
 6285 0.0578
 6290 0.0789
 6295 0.0991
 6300 0.1171
 6305 0.1316
 6310 0.1439
 6315 0.1544
 6320 0.1609
 6325 0.1651
 6330 0.1651
 6335 0.1642
 6340 0.1596
 6345 0.1526
 6350 0.1448
 6355 0.1341
 6360 0.1233
 6365 0.1115
 6370 0.0999
 6375 0.0879
 6380 0.0775
 6385 0.0674
 6390 0.0593
 6395 0.0525
 6400 0.0481
 6405 0.0446
 6410 0.0423
 6415 0.0434
 6420 0.0444
 6425 0.0499
 6430 0.0552
 6435 0.0648
 6440 0.0770
 6445 0.0915
 6450 0.1087
 6455 0.1297
 6460 0.1514
 6465 0.1766
 6470 0.2017
 6475 0.2308
 6480 0.2590
 6485 0.2887
 6490 0.3172
 6495 0.3465
 6500 0.3740
 6505 0.4018
 6510 0.4277
 6515 0.4535
 6520 0.4770
 6525 0.4993
 6530 0.5223
 6535 0.5419
 6540 0.5624
 6545 0.5807
 6550 0.6000
 6555 0.6177
 6560 0.6337
 6565 0.6504
 6570 0.6667
 6575 0.6800
 6580 0.6946
 6585 0.7072
 6590 0.7194
 6595 0.7301
 6600 0.7394
 6605 0.7488
 6610 0.7564
 6615 0.7635
 6620 0.7700
 6625 0.7758
 6630 0.7812
 6635 0.7862
 6640 0.7900
 6645 0.7956
 6650 0.7996
 6655 0.8051
 6660 0.8109
 6665 0.8173
 6670 0.8232
 6675 0.8298
 6680 0.8371
 6685 0.8430
 6690 0.8493
 6695 0.8553
 6700 0.8616
 6705 0.8667
 6710 0.8723
 6715 0.8771
 6720 0.8836
 6725 0.8882
 6730 0.8949
 6735 0.9014
 6740 0.9081
 6745 0.9164
 6750 0.9232
 6755 0.9314
 6760 0.9392
 6765 0.9465
 6770 0.9544
 6775 0.9606
 6780 0.9673
 6785 0.9714
 6790 0.9757
 6795 0.9771
 6800 0.9764
 6805 0.9744
 6810 0.9699
 6815 0.9634
 6820 0.9544
 6825 0.9417
 6830 0.9273
 6835 0.9117
 6840 0.8923
 6845 0.8719
 6850 0.8498
 6855 0.8266
 6860 0.8031
 6865 0.7789
 6870 0.7563
 6875 0.7330
 6880 0.7114
 6885 0.6908
 6890 0.6723
 6895 0.6551
 6900 0.6389
 6905 0.6256
 6910 0.6128
 6915 0.6027
 6920 0.5941
 6925 0.5873
 6930 0.5829
 6935 0.5797
 6940 0.5785
 6945 0.5808
 6950 0.5839
 6955 0.5894
 6960 0.5964
 6965 0.6053
 6970 0.6154
 6975 0.6261
 6980 0.6365
 6985 0.6470
 6990 0.6559
 6995 0.6641
 7000 0.6693
 7005 0.6732
 7010 0.6743
 7015 0.6737
 7020 0.6722
 7025 0.6693
 7030 0.6662
 7035 0.6624
 7040 0.6589
 7045 0.6553
 7050 0.6523
 7055 0.6505
 7060 0.6479
 7065 0.6458
 7070 0.6438
 7075 0.6421
 7080 0.6382
 7085 0.6348
 7090 0.6295
 7095 0.6252
 7100 0.6187
 7105 0.6138
 7110 0.6067
 7115 0.6001
 7120 0.5934
 7125 0.5872
 7130 0.5828
 7135 0.5778
 7140 0.5735
 7145 0.5710
 7150 0.5674
 7155 0.5659
 7160 0.5629
 7165 0.5617
 7170 0.5591
 7175 0.5568
 7180 0.5545
 7185 0.5507
 7190 0.5482
 7195 0.5427
 7200 0.5395
 7205 0.5344
 7210 0.5301
 7215 0.5248
 7220 0.5216
 7225 0.5179
 7230 0.5159
 7235 0.5146
 7240 0.5152
 7245 0.5166
 7250 0.5179
 7255 0.5220
 7260 0.5258
 7265 0.5300
 7270 0.5359
 7275 0.5398
 7280 0.5454
 7285 0.5502
 7290 0.5548
 7295 0.5591
 7300 0.5624
 7305 0.5672
 7310 0.5704
 7315 0.5745
 7320 0.5772
 7325 0.5802
 7330 0.5832
 7335 0.5865
 7340 0.5899
 7345 0.5922
 7350 0.5949
 7355 0.5966
 7360 0.5988
 7365 0.5997
 7370 0.6016
 7375 0.6016
 7380 0.6022
 7385 0.6032
 7390 0.6030
 7395 0.6040
 7400 0.6045
 7405 0.6048
 7410 0.6061
 7415 0.6075
 7420 0.6092
 7425 0.6108
 7430 0.6123
 7435 0.6149
 7440 0.6166
 7445 0.6188
 7450 0.6208
 7455 0.6214
 7460 0.6218
 7465 0.6217
 7470 0.6203
 7475 0.6192
 7480 0.6166
 7485 0.6143
 7490 0.6111
 7495 0.6077
 7500 0.6050
 7505 0.6007
 7510 0.5986
 7515 0.5953
 7520 0.5917
 7525 0.5895
 7530 0.5870
 7535 0.5847
 7540 0.5837
 7545 0.5824
 7550 0.5815
 7555 0.5808
 7560 0.5800
 7565 0.5793
 7570 0.5799
 7575 0.5808
 7580 0.5820
 7585 0.5836
 7590 0.5846
 7595 0.5857
 7600 0.5877
 7605 0.5885
 7610 0.5888
 7615 0.5886
 7620 0.5865
 7625 0.5855
 7630 0.5811
 7635 0.5779
 7640 0.5728
 7645 0.5672
 7650 0.5615
 7655 0.5531
 7660 0.5477
 7665 0.5392
 7670 0.5333
 7675 0.5270
 7680 0.5209
 7685 0.5172
 7690 0.5130
 7695 0.5108
 7700 0.5098
 7705 0.5102
 7710 0.5116
 7715 0.5149
 7720 0.5187
 7725 0.5232
 7730 0.5299
 7735 0.5370
 7740 0.5456
 7745 0.5539
 7750 0.5655
 7755 0.5752
 7760 0.5871
 7765 0.5989
 7770 0.6110
 7775 0.6256
 7780 0.6378
 7785 0.6530
 7790 0.6670
 7795 0.6804
 7800 0.6944
 7805 0.7059
 7810 0.7174
 7815 0.7282
 7820 0.7366
 7825 0.7434
 7830 0.7484
 7835 0.7517
 7840 0.7536
 7845 0.7540
 7850 0.7523
 7855 0.7499
 7860 0.7461
 7865 0.7419
 7870 0.7371
 7875 0.7328
 7880 0.7262
 7885 0.7214
 7890 0.7157
 7895 0.7102
 7900 0.7059
 7905 0.7010
 7910 0.6979
 7915 0.6950
 7920 0.6934
 7925 0.6931
 7930 0.6924
 7935 0.6938
 7940 0.6943
 7945 0.6958
 7950 0.6985
 7955 0.6987
 7960 0.7009
 7965 0.7017
 7970 0.7029
 7975 0.7035
 7980 0.7038
 7985 0.7047
 7990 0.7060
 7995 0.7065
 8000 0.7110
 8005 0.7131
 8010 0.7180
 8015 0.7240
 8020 0.7298
 8025 0.7376
 8030 0.7443
 8035 0.7529
 8040 0.7606
 8045 0.7678
 8050 0.7753
 8055 0.7810
 8060 0.7863
 8065 0.7896
 8070 0.7915
 8075 0.7919
 8080 0.7912
 8085 0.7882
 8090 0.7840
 8095 0.7775
 8100 0.7704
 8105 0.7606
 8110 0.7506
 8115 0.7385
 8120 0.7245
 8125 0.7107
 8130 0.6966
 8135 0.6819
 8140 0.6680
 8145 0.6558
 8150 0.6439
 8155 0.6342
 8160 0.6258
 8165 0.6186
 8170 0.6130
 8175 0.6091
 8180 0.6061
 8185 0.6050
 8190 0.6036
 8195 0.6031
 8200 0.6027
 8205 0.6017
 8210 0.6020
 8215 0.6002
 8220 0.5991
 8225 0.5978
 8230 0.5956
 8235 0.5950
 8240 0.5934
 8245 0.5921
 8250 0.5919
 8255 0.5926
 8260 0.5945
 8265 0.5974
 8270 0.6023
 8275 0.6075
 8280 0.6147
 8285 0.6227
 8290 0.6311
 8295 0.6416
 8300 0.6514
 8305 0.6621
 8310 0.6708
 8315 0.6796
 8320 0.6847
 8325 0.6890
 8330 0.6894
 8335 0.6878
 8340 0.6837
 8345 0.6762
 8350 0.6675
 8355 0.6542
 8360 0.6417
 8365 0.6254
 8370 0.6086
 8375 0.5919
 8380 0.5741
 8385 0.5572
 8390 0.5413
 8395 0.5263
 8400 0.5117
 8405 0.4999
 8410 0.4894
 8415 0.4799
 8420 0.4716
 8425 0.4637
 8430 0.4568
 8435 0.4504
 8440 0.4443
 8445 0.4377
 8450 0.4299
 8455 0.4209
 8460 0.4092
 8465 0.3957
 8470 0.3795
 8475 0.3623
 8480 0.3427
 8485 0.3223
 8490 0.2989
 8495 0.2762
 8500 0.2517
 8505 0.2268
 8510 0.2030
 8515 0.1784
 8520 0.1561
 8525 0.1334
 8530 0.1122
 8535 0.0917
 8540 0.0718
 8545 0.0538
 8550 0.0361
 8555 0.0183
 8560 0.0003
 8565 -0.0173
 8570 -0.0355
 8575 -0.0542
 8580 -0.0724
 8585 -0.0925
 8590 -0.1131
 8595 -0.1343
 8600 -0.1564
 8605 -0.1791
 8610 -0.2028
 8615 -0.2268
 8620 -0.2512
 8625 -0.2760
 8630 -0.3013
 8635 -0.3263
 8640 -0.3509
 8645 -0.3753
 8650 -0.3991
 8655 -0.4220
 8660 -0.4422
 8665 -0.4616
 8670 -0.4784
 8675 -0.4921
 8680 -0.5039
 8685 -0.5120
 8690 -0.5186
 8695 -0.5226
 8700 -0.5250
 8705 -0.5253
 8710 -0.5233
 8715 -0.5214
 8720 -0.5179
 8725 -0.5163
 8730 -0.5152
 8735 -0.5152
 8740 -0.5184
 8745 -0.5221
 8750 -0.5284
 8755 -0.5363
 8760 -0.5462
 8765 -0.5577
 8770 -0.5712
 8775 -0.5842
 8780 -0.5990
 8785 -0.6120
 8790 -0.6255
 8795 -0.6388
 8800 -0.6522
 8805 -0.6648
 8810 -0.6783
 8815 -0.6907
 8820 -0.7030
 8825 -0.7167
 8830 -0.7304
 8835 -0.7448
 8840 -0.7596
 8845 -0.7772
 8850 -0.7938
 8855 -0.8134
 8860 -0.8321
 8865 -0.8507
 8870 -0.8703
 8875 -0.8889
 8880 -0.9080
 8885 -0.9257
 8890 -0.9422
 8895 -0.9580
 8900 -0.9717
 8905 -0.9854
 8910 -0.9959
 8915 -1.0079
 8920 -1.0174
 8925 -1.0280
 8930 -1.0369
 8935 -1.0455
 8940 -1.0537
 8945 -1.0617
 8950 -1.0695
 8955 -1.0787
 8960 -1.0872
 8965 -1.0960
 8970 -1.1049
 8975 -1.1136
 8980 -1.1213
 8985 -1.1297
 8990 -1.1362
 8995 -1.1425
 9000 -1.1472
 9005 -1.1504
 9010 -1.1525
 9015 -1.1514
 9020 -1.1513
 9025 -1.1478
 9030 -1.1445
 9035 -1.1382
 9040 -1.1314
 9045 -1.1232
 9050 -1.1127
 9055 -1.1030
 9060 -1.0914
 9065 -1.0797
 9070 -1.0684
 9075 -1.0559
 9080 -1.0448
 9085 -1.0328
 9090 -1.0211
 9095 -1.0103
 9100 -0.9995
 9105 -0.9899
 9110 -0.9798
 9115 -0.9710
 9120 -0.9621
 9125 -0.9539
 9130 -0.9463
 9135 -0.9405
 9140 -0.9337
 9145 -0.9292
 9150 -0.9240
 9155 -0.9212
 9160 -0.9181
 9165 -0.9148
 9170 -0.9123
 9175 -0.9089
 9180 -0.9067
 9185 -0.9025
 9190 -0.8974
 9195 -0.8924
 9200 -0.8843
 9205 -0.8774
 9210 -0.8684
 9215 -0.8573
 9220 -0.8452
 9225 -0.8329
 9230 -0.8194
 9235 -0.8072
 9240 -0.7941
 9245 -0.7830
 9250 -0.7721
 9255 -0.7621
 9260 -0.7537
 9265 -0.7455
 9270 -0.7380
 9275 -0.7312
 9280 -0.7234
 9285 -0.7173
 9290 -0.7102
 9295 -0.7025
 9300 -0.6947
 9305 -0.6845
 9310 -0.6744
 9315 -0.6620
 9320 -0.6500
 9325 -0.6352
 9330 -0.6195
 9335 -0.6040
 9340 -0.5862
 9345 -0.5698
 9350 -0.5525
 9355 -0.5350
 9360 -0.5182
 9365 -0.5015
 9370 -0.4848
 9375 -0.4687
 9380 -0.4516
 9385 -0.4353
 9390 -0.4190
 9395 -0.4022
 9400 -0.3861
 9405 -0.3700
 9410 -0.3536
 9415 -0.3374
 9420 -0.3210
 9425 -0.3053
 9430 -0.2909
 9435 -0.2760
 9440 -0.2631
 9445 -0.2501
 9450 -0.2378
 9455 -0.2268
 9460 -0.2171
 9465 -0.2069
 9470 -0.1999
 9475 -0.1925
 9480 -0.1856
 9485 -0.1795
 9490 -0.1735
 9495 -0.1678
 9500 -0.1623
 9505 -0.1556
 9510 -0.1497
 9515 -0.1414
 9520 -0.1336
 9525 -0.1238
 9530 -0.1124
 9535 -0.1015
 9540 -0.0872
 9545 -0.0750
 9550 -0.0589
 9555 -0.0452
 9560 -0.0295
 9565 -0.0151
 9570 -0.0014
 9575 0.0114
 9580 0.0234
 9585 0.0327
 9590 0.0419
 9595 0.0483
 9600 0.0544
 9605 0.0586
 9610 0.0625
 9615 0.0657
 9620 0.0680
 9625 0.0709
 9630 0.0740
 9635 0.0786
 9640 0.0851
 9645 0.0911
 9650 0.1015
 9655 0.1127
 9660 0.1270
 9665 0.1449
 9670 0.1632
 9675 0.1857
 9680 0.2085
 9685 0.2339
 9690 0.2597
 9695 0.2866
 9700 0.3124
 9705 0.3384
 9710 0.3627
 9715 0.3853
 9720 0.4052
 9725 0.4240
 9730 0.4393
 9735 0.4541
 9740 0.4669
 9745 0.4773
 9750 0.4894
 9755 0.4988
 9760 0.5104
 9765 0.5223
 9770 0.5341
 9775 0.5488
 9780 0.5625
 9785 0.5779
 9790 0.5935
 9795 0.6091
 9800 0.6255
 9805 0.6407
 9810 0.6553
 9815 0.6688
 9820 0.6804
 9825 0.6902
 9830 0.6989
 9835 0.7052
 9840 0.7105
 9845 0.7147
 9850 0.7175
 9855 0.7197
 9860 0.7212
 9865 0.7235
 9870 0.7245
 9875 0.7275
 9880 0.7304
 9885 0.7340
 9890 0.7386
 9895 0.7429
 9900 0.7494
 9905 0.7563
 9910 0.7629
 9915 0.7700
 9920 0.7768
 9925 0.7831
 9930 0.7907
 9935 0.7966
 9940 0.8028
 9945 0.8097
 9950 0.8139
 9955 0.8200
 9960 0.8245
 9965 0.8287
 9970 0.8338
 9975 0.8371
 9980 0.8417
 9985 0.8450
 9990 0.8476
 9995 0.8514
10000 0.8526
10005 0.8557
10010 0.8571
10015 0.8607
10020 0.8621
10025 0.8645
10030 0.8673
10035 0.8691
10040 0.8736
10045 0.8780
10050 0.8833
10055 0.8893
10060 0.8975
10065 0.9048
10070 0.9158
10075 0.9259
10080 0.9382
10085 0.9508
10090 0.9637
10095 0.9770
10100 0.9897
10105 1.0026
10110 1.0154
10115 1.0253
10120 1.0362
10125 1.0440
10130 1.0526
10135 1.0573
10140 1.0635
10145 1.0659
10150 1.0685
10155 1.0715
10160 1.0722
10165 1.0743
10170 1.0745
10175 1.0759
10180 1.0760
10185 1.0763
10190 1.0762
10195 1.0757
10200 1.0736
10205 1.0707
10210 1.0657
10215 1.0602
10220 1.0527
10225 1.0442
10230 1.0347
10235 1.0237
10240 1.0125
10245 1.0005
10250 0.9873
10255 0.9755
10260 0.9616
10265 0.9498
10270 0.9366
10275 0.9241
10280 0.9128
10285 0.8999
10290 0.8898
10295 0.8785
10300 0.8679
10305 0.8587
10310 0.8490
10315 0.8404
10320 0.8322
10325 0.8236
10330 0.8169
10335 0.8100
10340 0.8036
10345 0.7999
10350 0.7935
10355 0.7924
10360 0.7878
10365 0.7877
10370 0.7864
10375 0.7855
10380 0.7850
10385 0.7850
10390 0.7853
10395 0.7854
10400 0.7856
10405 0.7857
10410 0.7851
10415 0.7836
10420 0.7814
10425 0.7791
10430 0.7755
10435 0.7718
10440 0.7664
10445 0.7611
10450 0.7556
10455 0.7496
10460 0.7442
10465 0.7384
10470 0.7341
10475 0.7287
10480 0.7261
10485 0.7223
10490 0.7203
10495 0.7172
10500 0.7157
10505 0.7129
10510 0.7106
10515 0.7087
10520 0.7057
10525 0.7035
10530 0.7002
10535 0.6965
10540 0.6932
10545 0.6876
10550 0.6833
10555 0.6769
10560 0.6701
10565 0.6628
10570 0.6540
10575 0.6435
10580 0.6322
10585 0.6183
10590 0.6034
10595 0.5858
10600 0.5657
10605 0.5437
10610 0.5197
10615 0.4934
10620 0.4655
10625 0.4368
10630 0.4074
10635 0.3774
10640 0.3484
10645 0.3200
10650 0.2923
10655 0.2670
10660 0.2419
10665 0.2203
10670 0.1996
10675 0.1823
10680 0.1659
10685 0.1515
10690 0.1380
10695 0.1269
10700 0.1158
10705 0.1064
10710 0.0975
10715 0.0892
10720 0.0822
10725 0.0750
10730 0.0677
10735 0.0621
10740 0.0551
10745 0.0491
10750 0.0436
10755 0.0371
10760 0.0336
10765 0.0295
10770 0.0265
10775 0.0256
10780 0.0254
10785 0.0269
10790 0.0295
10795 0.0330
10800 0.0388
10805 0.0450
10810 0.0514
10815 0.0587
10820 0.0655
10825 0.0728
10830 0.0793
10835 0.0848
10840 0.0884
10845 0.0918
10850 0.0935
10855 0.0941
10860 0.0933
10865 0.0924
10870 0.0895
10875 0.0867
10880 0.0833
10885 0.0795
10890 0.0774
10895 0.0723
10900 0.0692
10905 0.0663
10910 0.0628
10915 0.0614
10920 0.0582
10925 0.0568
10930 0.0545
10935 0.0514
10940 0.0495
10945 0.0454
10950 0.0417
10955 0.0373
10960 0.0327
10965 0.0264
10970 0.0224
10975 0.0159
10980 0.0114
10985 0.0048
10990 -0.0002
10995 -0.0048
11000 -0.0096
11005 -0.0124
11010 -0.0168
11015 -0.0183
11020 -0.0204
11025 -0.0219
11030 -0.0223
11035 -0.0242
11040 -0.0243
11045 -0.0260
11050 -0.0283
11055 -0.0305
11060 -0.0335
11065 -0.0364
11070 -0.0401
11075 -0.0428
11080 -0.0464
11085 -0.0477
11090 -0.0502
11095 -0.0509
11100 -0.0509
11105 -0.0502
11110 -0.0471
11115 -0.0451
11120 -0.0407
11125 -0.0365
11130 -0.0312
11135 -0.0259
11140 -0.0200
11145 -0.0151
11150 -0.0095
11155 -0.0050
11160 -0.0005
11165 0.0033
11170 0.0075
11175 0.0098
11180 0.0138
11185 0.0149
11190 0.0176
11195 0.0188
11200 0.0199
11205 0.0208
11210 0.0223
11215 0.0237
11220 0.0261
11225 0.0292
11230 0.0318
11235 0.0368
11240 0.0419
11245 0.0479
11250 0.0554
11255 0.0634
11260 0.0726
11265 0.0829
11270 0.0929
11275 0.1046
11280 0.1156
11285 0.1278
11290 0.1381
11295 0.1493
11300 0.1583
11305 0.1677
11310 0.1755
11315 0.1827
11320 0.1889
11325 0.1937
11330 0.1986
11335 0.2014
11340 0.2050
11345 0.2070
11350 0.2099
11355 0.2120
11360 0.2145
11365 0.2177
11370 0.2231
11375 0.2273
11380 0.2343
11385 0.2409
11390 0.2500
11395 0.2598
11400 0.2711
11405 0.2840
11410 0.2975
11415 0.3120
11420 0.3257
11425 0.3410
11430 0.3550
11435 0.3699
11440 0.3837
11445 0.3985
11450 0.4115
11455 0.4254
11460 0.4384
11465 0.4516
11470 0.4649
11475 0.4783
11480 0.4925
11485 0.5067
11490 0.5201
11495 0.5352
11500 0.5476
11505 0.5628
11510 0.5755
11515 0.5888
11520 0.6015
11525 0.6119
11530 0.6225
11535 0.6306
11540 0.6388
11545 0.6443
11550 0.6493
11555 0.6525
11560 0.6556
11565 0.6578
11570 0.6604
11575 0.6620
11580 0.6643
11585 0.6667
11590 0.6695
11595 0.6706
11600 0.6746
11605 0.6765
11610 0.6795
11615 0.6805
11620 0.6828
11625 0.6815
11630 0.6806
11635 0.6774
