    0 -0.0441
    5 -0.0443
   10 -0.0434
   15 -0.0435
   20 -0.0427
   25 -0.0438
   30 -0.0419
   35 -0.0430
   40 -0.0442
   45 -0.0443
   50 -0.0464
   55 -0.0466
   60 -0.0487
   65 -0.0518
   70 -0.0529
   75 -0.0561
   80    nan
   85    nan
   90    nan
   95    nan
  100    nan
  105    nan
  110    nan
  115    nan
  120    nan
  125    nan
  130    nan
  135    nan
  140    nan
  145    nan
  150    nan
  155    nan
  160    nan
  165    nan
  170    nan
  175    nan
  180    nan
  185    nan
  190    nan
  195    nan
  200    nan
  205    nan
  210    nan
  215    nan
  220    nan
  225    nan
  230    nan
  235    nan
  240    nan
  245    nan
  250    nan
  255    nan
  260 -0.0470
  265 -0.0451
  270 -0.0453
  275 -0.0434
  280 -0.0416
  285 -0.0417
  290 -0.0388
  295 -0.0400
  300 -0.0381
  305 -0.0382
  310 -0.0364
  315 -0.0345
  320 -0.0347
  325 -0.0328
  330 -0.0319
  335 -0.0301
  340 -0.0282
  345 -0.0274
  350 -0.0255
  355 -0.0226
  360 -0.0218
  365 -0.0199
  370 -0.0171
  375 -0.0152
  380 -0.0133
  385 -0.0105
  390 -0.0086
  395 -0.0068
  400 -0.0049
  405 -0.0020
  410 -0.0012
  415 0.0027
  420 0.0045
  425 0.0064
  430 0.0082
  435 0.0111
  440 0.0140
  445 0.0158
  450 0.0187
  455 0.0215
  460 0.0244
  465 0.0272
  470 0.0301
  475 0.0330
  480 0.0368
  485 0.0377
  490 0.0415
  495 0.0444
  500 0.0462
  505 0.0491
  510 0.0509
  515 0.0548
  520 0.0557
  525 0.0595
  530 0.0624
  535 0.0652
  540 0.0691
  545 0.0729
  550 0.0758
  555 0.0796
  560 0.0835
  565 0.0883
  570 0.0922
  575 0.0970
  580 0.1019
  585 0.1067
  590 0.1116
  595 0.1165
  600 0.1223
  605 0.1292
  610 0.1330
  615 0.1389
  620 0.1447
  625 0.1496
  630 0.1574
  635 0.1613
  640 0.1671
  645 0.1730
  650 0.1778
  655 0.1847
  660 0.1885
  665 0.1954
  670 0.2022
  675 0.2071
  680 0.2149
  685 0.2208
  690 0.2266
  695 0.2345
  700 0.2413
  705 0.2492
  710 0.2560
  715 0.2639
  720 0.2717
  725 0.2795
  730 0.2874
  735 0.2952
  740 0.3041
  745 0.3129
  750 0.3218
  755 0.3316
  760 0.3415
  765 0.3513
  770 0.3622
  775 0.3730
  780 0.3849
  785 0.3957
  790 0.4056
  795 0.4184
  800 0.4282
  805 0.4391
  810 0.4499
  815 0.4588
  820 0.4696
  825 0.4805
  830 0.4893
  835 0.5012
  840 0.5110
  845 0.5218
  850 0.5327
  855 0.5445
  860 0.5554
  865 0.5662
  870 0.5781
  875 0.5879
  880 0.5997
  885 0.6106
  890 0.6214
  895 0.6333
  900 0.6431
  905 0.6540
  910 0.6648
  915 0.6756
  920 0.6865
  925 0.6993
  930 0.7102
  935 0.7220
  940 0.7348
  945 0.7487
  950 0.7635
  955 0.7764
  960 0.7912
  965 0.8060
  970 0.8189
  975 0.8347
  980 0.8476
  985 0.8614
  990 0.8742
  995 0.8861
 1000 0.8969
 1005 0.9068
 1010 0.9166
 1015 0.9234
 1020 0.9313
 1025 0.9381
 1030 0.9439
 1035 0.9498
 1040 0.9536
 1045 0.9564
 1050 0.9603
 1055 0.9611
 1060 0.9640
 1065 0.9628
 1070 0.9646
 1075 0.9625
 1080 0.9623
 1085 0.9611
 1090 0.9590
 1095 0.9558
 1100 0.9536
 1105 0.9505
 1110 0.9473
 1115 0.9431
 1120 0.9390
 1125 0.9348
 1130 0.9307
 1135 0.9255
 1140 0.9193
 1145 0.9142
 1150 0.9080
 1155 0.9028
 1160 0.8977
 1165 0.8925
 1170 0.8873
 1175 0.8832
 1180 0.8780
 1185 0.8748
 1190 0.8707
 1195 0.8675
 1200 0.8653
 1205 0.8611
 1210 0.8600
 1215 0.8548
 1220 0.8516
 1225 0.8485
 1230 0.8433
 1235 0.8401
 1240 0.8340
 1245 0.8278
 1250 0.8236
 1255 0.8175
 1260 0.8103
 1265 0.8041
 1270 0.7949
 1275 0.7878
 1280 0.7796
 1285 0.7684
 1290 0.7593
 1295 0.7471
 1300 0.7349
 1305 0.7218
 1310 0.7076
 1315 0.6924
 1320 0.6762
 1325 0.6591
 1330 0.6429
 1335 0.6247
 1340 0.6076
 1345 0.5894
 1350 0.5722
 1355 0.5540
 1360 0.5369
 1365 0.5207
 1370 0.5035
 1375 0.4873
 1380 0.4722
 1385 0.4570
 1390 0.4418
 1395 0.4287
 1400 0.4135
 1405 0.4013
 1410 0.3891
 1415 0.3770
 1420 0.3678
 1425 0.3566
 1430 0.3464
 1435 0.3403
 1440 0.3301
 1445 0.3249
 1450 0.3177
 1455 0.3126
 1460 0.3074
 1465 0.3022
 1470 0.2970
 1475 0.2929
 1480 0.2857
 1485 0.2805
 1490 0.2723
 1495 0.2641
 1500 0.2550
 1505 0.2438
 1510 0.2326
 1515 0.2194
 1520 0.2043
 1525 0.1911
 1530 0.1749
 1535 0.1617
 1540 0.1466
 1545 0.1344
 1550 0.1252
 1555 0.1160
 1560 0.1138
 1565 0.1137
 1570 0.1185
 1575 0.1273
 1580 0.1431
 1585 0.1620
 1590 0.1878
 1595 0.2196
 1600 0.2544
 1605 0.2952
 1610 0.3381
 1615 0.3859
 1620 0.4367
 1625 0.4885
 1630 0.5433
 1635 0.5992
 1640 0.6580
 1645 0.7158
 1650 0.7786
 1655 0.8424
 1660 0.9083
 1665 0.9781
 1670 1.0509
 1675 1.1297
 1680 1.2115
 1685 1.2993
 1690 1.3912
 1695 1.4880
 1700 1.5878
 1705 1.6916
 1710 1.7964
 1715 1.9003
 1720 2.0031
 1725    nan
 1730    nan
 1735 2.2789
 1740 2.3561
 1745 2.4268
 1750 2.4856
 1755 2.5339
 1760 2.5722
 1765 2.5982
 1770 2.6143
 1775 2.6201
 1780 2.6162
 1785 2.6054
 1790 2.5860
 1795 2.5617
 1800 2.5316
 1805 2.4986
 1810 2.4627
 1815 2.4261
 1820 2.3892
 1825 2.3531
 1830 2.3192
 1835 2.2884
 1840 2.2601
 1845 2.2376
 1850 2.2188
 1855 2.2047
 1860 2.1954
 1865 2.1901
 1870 2.1901
 1875 2.1938
 1880 2.2012
 1885 2.2118
 1890 2.2241
 1895 2.2376
 1900 2.2528
 1905 2.2649
 1910 2.2797
 1915 2.2889
 1920 2.2980
 1925 2.3034
 1930 2.3035
 1935 2.3013
 1940 2.2927
 1945 2.2818
 1950 2.2661
 1955 2.2463
 1960 2.2250
 1965 2.1985
 1970 2.1719
 1975 2.1432
 1980 2.1153
 1985 2.0886
 1990 2.0617
 1995 2.0378
 2000 2.0174
 2005 1.9991
 2010 1.9862
 2015 1.9767
 2020 1.9722
 2025 1.9739
 2030 1.9763
 2035 1.9870
 2040 1.9992
 2045 2.0134
 2050 2.0325
 2055 2.0503
 2060 2.0693
 2065 2.0873
 2070 2.1025
 2075 2.1165
 2080 2.1240
 2085 2.1276
 2090 2.1265
 2095 2.1186
 2100 2.1048
 2105 2.0847
 2110 2.0598
 2115 2.0297
 2120 1.9945
 2125 1.9587
 2130 1.9183
 2135 1.8778
 2140 1.8391
 2145 1.7986
 2150 1.7645
 2155 1.7306
 2160 1.7035
 2165 1.6814
 2170 1.6629
 2175 1.6520
 2180 1.6453
 2185 1.6428
 2190 1.6457
 2195 1.6516
 2200 1.6594
 2205 1.6684
 2210 1.6779
 2215 1.6847
 2220 1.6907
 2225 1.6924
 2230 1.6902
 2235 1.6837
 2240 1.6717
 2245 1.6547
 2250 1.6348
 2255 1.6089
 2260 1.5805
 2265 1.5511
 2270 1.5186
 2275 1.4865
 2280 1.4555
 2285 1.4247
 2290 1.3980
 2295 1.3734
 2300 1.3531
 2305 1.3362
 2310 1.3239
 2315 1.3144
 2320 1.3106
 2325 1.3074
 2330 1.3077
 2335 1.3100
 2340 1.3126
 2345 1.3154
 2350 1.3183
 2355 1.3195
 2360 1.3186
 2365 1.3175
 2370 1.3116
 2375 1.3066
 2380 1.2965
 2385 1.2862
 2390 1.2745
 2395 1.2598
 2400 1.2444
 2405 1.2290
 2410 1.2109
 2415 1.1941
 2420 1.1755
 2425 1.1581
 2430 1.1396
 2435 1.1208
 2440 1.1025
 2445 1.0848
 2450 1.0651
 2455 1.0479
 2460 1.0290
 2465 1.0115
 2470 0.9947
 2475 0.9774
 2480 0.9613
 2485 0.9453
 2490 0.9300
 2495 0.9155
 2500 0.9007
 2505 0.8867
 2510 0.8724
 2515 0.8586
 2520 0.8444
 2525 0.8293
 2530 0.8141
 2535 0.7977
 2540 0.7802
 2545 0.7632
 2550 0.7428
 2555 0.7244
 2560 0.7033
 2565 0.6812
 2570 0.6609
 2575 0.6372
 2580 0.6155
 2585 0.5932
 2590 0.5707
 2595 0.5504
 2600 0.5305
 2605 0.5109
 2610 0.4959
 2615 0.4795
 2620 0.4674
 2625 0.4581
 2630 0.4496
 2635 0.4451
 2640 0.4417
 2645 0.4400
 2650 0.4412
 2655 0.4406
 2660 0.4434
 2665 0.4428
 2670 0.4443
 2675 0.4424
 2680 0.4391
 2685 0.4352
 2690 0.4263
 2695 0.4161
 2700 0.4030
 2705 0.3869
 2710 0.3688
 2715 0.3492
 2720 0.3259
 2725 0.3043
 2730 0.2792
 2735 0.2551
 2740 0.2316
 2745 0.2053
 2750 0.1849
 2755 0.1619
 2760 0.1424
 2765 0.1252
 2770 0.1086
 2775 0.0969
 2780 0.0858
 2785 0.0780
 2790 0.0732
 2795 0.0698
 2800 0.0695
 2805 0.0690
 2810 0.0728
 2815 0.0763
 2820 0.0812
 2825 0.0863
 2830 0.0911
 2835 0.0960
 2840 0.1005
 2845 0.1036
 2850 0.1060
 2855 0.1081
 2860 0.1076
 2865 0.1078
 2870 0.1052
 2875 0.1019
 2880 0.0973
 2885 0.0919
 2890 0.0845
 2895 0.0766
 2900 0.0680
 2905 0.0589
 2910 0.0480
 2915 0.0384
 2920 0.0273
 2925 0.0173
 2930 0.0069
 2935 -0.0026
 2940 -0.0112
 2945 -0.0198
 2950 -0.0268
 2955 -0.0326
 2960 -0.0382
 2965 -0.0423
 2970 -0.0448
 2975 -0.0462
 2980 -0.0461
 2985 -0.0455
 2990 -0.0431
 2995 -0.0384
 3000 -0.0329
 3005 -0.0268
 3010 -0.0174
 3015 -0.0072
 3020 0.0035
 3025 0.0181
 3030 0.0322
 3035 0.0475
 3040 0.0650
 3045 0.0821
 3050 0.1009
 3055 0.1201
 3060 0.1394
 3065 0.1608
 3070 0.1817
 3075 0.2018
 3080 0.2258
 3085 0.2478
 3090 0.2724
 3095 0.2975
 3100 0.3232
 3105 0.3497
 3110 0.3779
 3115 0.4043
 3120 0.4329
 3125 0.4614
 3130 0.4882
 3135 0.5152
 3140 0.5418
 3145 0.5677
 3150 0.5923
 3155 0.6177
 3160 0.6397
 3165 0.6641
 3170 0.6855
 3175 0.7064
 3180 0.7271
 3185 0.7459
 3190 0.7651
 3195 0.7818
 3200 0.7965
 3205 0.8109
 3210 0.8227
 3215 0.8333
 3220 0.8411
 3225 0.8482
 3230 0.8517
 3235 0.8545
 3240 0.8557
 3245 0.8543
 3250 0.8540
 3255 0.8496
 3260 0.8460
 3265 0.8389
 3270 0.8323
 3275 0.8234
 3280 0.8134
 3285 0.8026
 3290 0.7899
 3295 0.7769
 3300 0.7607
 3305 0.7440
 3310 0.7249
 3315 0.7048
 3320 0.6843
 3325 0.6610
 3330 0.6397
 3335 0.6170
 3340 0.5947
 3345 0.5729
 3350 0.5541
 3355 0.5376
 3360 0.5234
 3365 0.5138
 3370 0.5080
 3375 0.5064
 3380 0.5095
 3385 0.5182
 3390 0.5298
 3395 0.5461
 3400 0.5654
 3405 0.5851
 3410 0.6082
 3415 0.6302
 3420 0.6516
 3425 0.6729
 3430 0.6896
 3435 0.7085
 3440 0.7210
 3445 0.7322
 3450 0.7408
 3455 0.7459
 3460 0.7520
 3465 0.7530
 3470 0.7511
 3475 0.7498
 3480 0.7431
 3485 0.7359
 3490 0.7251
 3495 0.7121
 3500 0.6975
 3505 0.6796
 3510 0.6590
 3515 0.6397
 3520 0.6170
 3525 0.5974
 3530 0.5764
 3535 0.5583
 3540 0.5426
 3545 0.5259
 3550 0.5168
 3555 0.5066
 3560 0.4987
 3565 0.4954
 3570 0.4883
 3575 0.4858
 3580 0.4783
 3585 0.4720
 3590 0.4660
 3595 0.4548
 3600 0.4429
 3605 0.4299
 3610 0.4136
 3615 0.3961
 3620 0.3765
 3625 0.3550
 3630 0.3336
 3635 0.3095
 3640 0.2849
 3645 0.2612
 3650 0.2335
 3655 0.2093
 3660 0.1817
 3665 0.1577
 3670 0.1321
 3675 0.1054
 3680 0.0839
 3685 0.0582
 3690 0.0385
 3695 0.0170
 3700 -0.0014
 3705 -0.0170
 3710 -0.0337
 3715 -0.0475
 3720 -0.0595
 3725 -0.0705
 3730 -0.0827
 3735 -0.0920
 3740 -0.1035
 3745 -0.1136
 3750 -0.1241
 3755 -0.1369
 3760 -0.1489
 3765 -0.1648
 3770 -0.1763
 3775 -0.1931
 3780 -0.2102
 3785 -0.2266
 3790 -0.2463
 3795 -0.2647
 3800 -0.2849
 3805 -0.3047
 3810 -0.3253
 3815 -0.3453
 3820 -0.3630
 3825 -0.3823
 3830 -0.3996
 3835 -0.4141
 3840 -0.4297
 3845 -0.4424
 3850 -0.4516
 3855 -0.4621
 3860 -0.4701
 3865 -0.4782
 3870 -0.4847
 3875 -0.4895
 3880 -0.4961
 3885 -0.5001
 3890 -0.5049
 3895 -0.5090
 3900 -0.5099
 3905 -0.5132
 3910 -0.5130
 3915 -0.5121
 3920 -0.5087
 3925 -0.5041
 3930 -0.4980
 3935 -0.4894
 3940 -0.4811
 3945 -0.4710
 3950 -0.4586
 3955 -0.4492
 3960 -0.4373
 3965 -0.4276
 3970 -0.4188
 3975 -0.4098
 3980 -0.4034
 3985 -0.3976
 3990 -0.3900
 3995 -0.3889
 4000 -0.3830
 4005 -0.3806
 4010 -0.3809
 4015 -0.3757
 4020 -0.3770
 4025 -0.3740
 4030 -0.3737
 4035 -0.3747
 4040 -0.3746
 4045 -0.3772
 4050 -0.3778
 4055 -0.3826
 4060 -0.3871
 4065 -0.3918
 4070 -0.3996
 4075 -0.4082
 4080 -0.4179
 4085 -0.4291
 4090 -0.4397
 4095 -0.4520
 4100 -0.4649
 4105 -0.4761
 4110 -0.4915
 4115 -0.5025
 4120 -0.5160
 4125 -0.5299
 4130 -0.5386
 4135 -0.5530
 4140 -0.5624
 4145 -0.5741
 4150 -0.5844
 4155 -0.5928
 4160 -0.6036
 4165 -0.6112
 4170 -0.6193
 4175 -0.6269
 4180 -0.6326
 4185 -0.6385
 4190 -0.6439
 4195 -0.6454
 4200 -0.6496
 4205 -0.6497
 4210 -0.6500
 4215 -0.6506
 4220 -0.6485
 4225 -0.6477
 4230 -0.6450
 4235 -0.6418
 4240 -0.6411
 4245 -0.6371
 4250 -0.6350
 4255 -0.6338
 4260 -0.6309
 4265 -0.6292
 4270 -0.6271
 4275 -0.6263
 4280 -0.6252
 4285 -0.6236
 4290 -0.6227
 4295 -0.6197
 4300 -0.6193
 4305 -0.6151
 4310 -0.6117
 4315 -0.6057
 4320 -0.5984
 4325 -0.5903
 4330 -0.5793
 4335 -0.5641
 4340 -0.5497
 4345 -0.5306
 4350 -0.5097
 4355 -0.4871
 4360 -0.4613
 4365 -0.4381
 4370 -0.4130
 4375 -0.3886
 4380 -0.3680
 4385 -0.3482
 4390 -0.3342
 4395 -0.3219
 4400 -0.3151
 4405 -0.3110
 4410 -0.3112
 4415 -0.3136
 4420 -0.3165
 4425 -0.3200
 4430 -0.3227
 4435 -0.3244
 4440 -0.3225
 4445 -0.3167
 4450 -0.3075
 4455 -0.2945
 4460 -0.2769
 4465 -0.2552
 4470 -0.2298
 4475 -0.2009
 4480 -0.1709
 4485 -0.1356
 4490 -0.1012
 4495 -0.0654
 4500 -0.0262
 4505 0.0110
 4510 0.0525
 4515 0.0919
 4520 0.1303
 4525 0.1678
 4530 0.2040
 4535 0.2361
 4540 0.2660
 4545 0.2915
 4550 0.3133
 4555 0.3312
 4560 0.3423
 4565 0.3515
 4570 0.3568
 4575 0.3600
 4580 0.3612
 4585 0.3620
 4590 0.3602
 4595 0.3599
 4600 0.3589
 4605 0.3588
 4610 0.3585
 4615 0.3579
 4620 0.3585
 4625 0.3563
 4630 0.3553
 4635 0.3510
 4640 0.3460
 4645 0.3401
 4650 0.3311
 4655 0.3238
 4660 0.3158
 4665 0.3052
 4670 0.2953
 4675 0.2845
 4680 0.2766
 4685 0.2666
 4690 0.2556
 4695 0.2452
 4700 0.2349
 4705 0.2238
 4710 0.2142
 4715 0.2048
 4720 0.1948
 4725 0.1850
 4730 0.1757
 4735 0.1697
 4740 0.1619
 4745 0.1577
 4750 0.1513
 4755 0.1487
 4760 0.1447
 4765 0.1440
 4770 0.1428
 4775 0.1431
 4780 0.1423
 4785 0.1434
 4790 0.1438
 4795 0.1449
 4800 0.1447
 4805 0.1464
 4810 0.1464
 4815 0.1482
 4820 0.1486
 4825 0.1498
 4830 0.1501
 4835 0.1525
 4840 0.1540
 4845 0.1593
 4850 0.1621
 4855 0.1682
 4860 0.1740
 4865 0.1820
 4870 0.1902
 4875 0.1983
 4880 0.2077
 4885 0.2162
 4890 0.2256
 4895 0.2333
 4900 0.2414
 4905 0.2491
 4910 0.2541
 4915 0.2610
 4920 0.2652
 4925 0.2695
 4930 0.2745
 4935 0.2780
 4940 0.2819
 4945 0.2854
 4950 0.2909
 4955 0.2942
 4960 0.2989
 4965 0.3017
 4970 0.3047
 4975 0.3061
 4980 0.3057
 4985 0.3040
 4990 0.3004
 4995 0.2954
 5000 0.2874
 5005 0.2790
 5010 0.2693
 5015 0.2576
 5020 0.2454
 5025 0.2321
 5030 0.2219
 5035 0.2101
 5040 0.1991
 5045 0.1887
 5050 0.1797
 5055 0.1752
 5060 0.1699
 5065 0.1675
 5070 0.1673
 5075 0.1674
 5080 0.1714
 5085 0.1767
 5090 0.1823
 5095 0.1895
 5100 0.1967
 5105 0.2020
 5110 0.2070
 5115 0.2084
 5120 0.2103
 5125 0.2066
 5130 0.2017
 5135 0.1943
 5140 0.1831
 5145 0.1723
 5150 0.1574
 5155 0.1458
 5160 0.1334
 5165 0.1217
 5170 0.1139
 5175 0.1050
 5180 0.1034
 5185 0.1016
 5190 0.1046
 5195 0.1115
 5200 0.1183
 5205 0.1282
 5210 0.1387
 5215 0.1503
 5220 0.1624
 5225 0.1740
 5230 0.1839
 5235 0.1925
 5240 0.1972
 5245 0.2022
 5250 0.2027
 5255 0.2020
 5260 0.1967
 5265 0.1893
 5270 0.1799
 5275 0.1672
 5280 0.1536
 5285 0.1381
 5290 0.1205
 5295 0.1050
 5300 0.0860
 5305 0.0698
 5310 0.0536
 5315 0.0384
 5320 0.0254
 5325 0.0157
 5330 0.0032
 5335 -0.0013
 5340 -0.0078
 5345 -0.0118
 5350 -0.0130
 5355 -0.0136
 5360 -0.0098
 5365 -0.0088
 5370 -0.0035
 5375 0.0024
 5380 0.0081
 5385 0.0147
 5390 0.0234
 5395 0.0310
 5400 0.0388
 5405 0.0484
 5410 0.0576
 5415 0.0661
 5420 0.0753
 5425 0.0848
 5430 0.0945
 5435 0.1022
 5440 0.1108
 5445 0.1182
 5450 0.1270
 5455 0.1316
 5460 0.1390
 5465 0.1463
 5470 0.1501
 5475 0.1562
 5480 0.1590
 5485 0.1627
 5490 0.1646
 5495 0.1648
 5500 0.1647
 5505 0.1645
 5510 0.1615
 5515 0.1565
 5520 0.1521
 5525 0.1454
 5530 0.1372
 5535 0.1298
 5540 0.1199
 5545 0.1104
 5550 0.1009
 5555 0.0896
 5560 0.0821
 5565 0.0738
 5570 0.0676
 5575 0.0632
 5580 0.0607
 5585 0.0606
 5590 0.0634
 5595 0.0682
 5600 0.0769
 5605 0.0859
 5610 0.0988
 5615 0.1140
 5620 0.1299
 5625 0.1464
 5630 0.1664
 5635 0.1877
 5640 0.2072
 5645 0.2310
 5650 0.2542
 5655 0.2779
 5660 0.3037
 5665 0.3303
 5670 0.3573
 5675 0.3848
 5680 0.4113
 5685 0.4395
 5690 0.4652
 5695 0.4913
 5700 0.5136
 5705 0.5363
 5710 0.5566
 5715 0.5742
 5720 0.5894
 5725 0.6029
 5730 0.6124
 5735 0.6223
 5740 0.6281
 5745 0.6355
 5750 0.6383
 5755 0.6408
 5760 0.6448
 5765 0.6460
 5770 0.6459
 5775 0.6488
 5780 0.6502
 5785 0.6527
 5790 0.6556
 5795 0.6615
 5800 0.6683
 5805 0.6753
 5810 0.6890
 5815 0.7023
 5820 0.7197
 5825 0.7408
 5830 0.7610
 5835 0.7857
 5840 0.8092
 5845 0.8335
 5850 0.8571
 5855 0.8762
 5860 0.8957
 5865 0.9085
 5870 0.9176
 5875 0.9238
 5880 0.9213
 5885 0.9144
 5890 0.9057
 5895 0.8890
 5900 0.8687
 5905 0.8466
 5910 0.8216
 5915 0.7936
 5920 0.7662
 5925 0.7385
 5930 0.7114
 5935 0.6842
 5940 0.6611
 5945 0.6382
 5950 0.6193
 5955 0.6027
 5960 0.5880
 5965 0.5774
 5970 0.5678
 5975 0.5613
 5980 0.5552
 5985 0.5522
 5990 0.5502
 5995 0.5477
 6000 0.5451
 6005 0.5420
 6010 0.5364
 6015 0.5313
 6020 0.5204
 6025 0.5103
 6030 0.4963
 6035 0.4827
 6040 0.4648
 6045 0.4474
 6050 0.4301
 6055 0.4139
 6060 0.3989
 6065 0.3859
 6070 0.3774
 6075 0.3721
 6080 0.3722
 6085 0.3746
 6090 0.3823
 6095 0.3947
 6100 0.4098
 6105 0.4255
 6110 0.4432
 6115 0.4618
 6120 0.4814
 6125 0.4992
 6130 0.5170
 6135 0.5326
 6140 0.5484
 6145 0.5631
 6150 0.5770
 6155 0.5929
 6160 0.6088
 6165 0.6260
 6170 0.6439
 6175 0.6659
 6180 0.6879
 6185 0.7124
 6190 0.7387
 6195 0.7643
 6200 0.7939
 6205 0.8216
 6210 0.8499
 6215 0.8777
 6220 0.9043
 6225 0.9299
 6230 0.9543
 6235 0.9746
 6240 0.9935
 6245 1.0081
 6250 1.0197
 6255 1.0279
 6260 1.0304
 6265 1.0284
 6270 1.0213
 6275 1.0090
 6280 0.9918
 6285 0.9680
 6290 0.9413
 6295 0.9077
 6300 0.8732
 6305 0.8344
 6310 0.7919
 6315 0.7508
 6320 0.7063
 6325 0.6639
 6330 0.6212
 6335 0.5797
 6340 0.5400
 6345 0.5038
 6350 0.4663
 6355 0.4343
 6360 0.4034
 6365 0.3726
 6370 0.3458
 6375 0.3159
 6380 0.2915
 6385 0.2623
 6390 0.2354
 6395 0.2070
 6400 0.1777
 6405 0.1489
 6410 0.1158
 6415 0.0839
 6420 0.0502
 6425 0.0158
 6430 -0.0194
 6435 -0.0532
 6440 -0.0861
 6445 -0.1177
 6450 -0.1456
 6455 -0.1721
 6460 -0.1924
 6465 -0.2103
 6470 -0.2193
 6475 -0.2258
 6480 -0.2274
 6485 -0.2207
 6490 -0.2127
 6495 -0.1973
 6500 -0.1811
 6505 -0.1602
 6510 -0.1403
 6515 -0.1190
 6520 -0.0981
 6525 -0.0813
 6530 -0.0646
 6535 -0.0530
 6540 -0.0440
 6545 -0.0396
 6550 -0.0372
 6555 -0.0399
 6560 -0.0442
 6565 -0.0498
 6570 -0.0597
 6575 -0.0671
 6580 -0.0778
 6585 -0.0867
 6590 -0.0969
 6595 -0.1055
 6600 -0.1114
 6605 -0.1209
 6610 -0.1265
 6615 -0.1331
 6620 -0.1380
 6625 -0.1430
 6630 -0.1478
 6635 -0.1505
 6640 -0.1539
 6645 -0.1561
 6650 -0.1588
 6655 -0.1582
 6660 -0.1565
 6665 -0.1528
 6670 -0.1457
 6675 -0.1384
 6680 -0.1236
 6685 -0.1089
 6690 -0.0873
 6695 -0.0623
 6700 -0.0349
 6705 0.0004
 6710 0.0369
 6715 0.0794
 6720 0.1237
 6725 0.1729
 6730 0.2249
 6735 0.2777
 6740 0.3344
 6745 0.3919
 6750 0.4486
 6755 0.5069
 6760 0.5634
 6765 0.6204
 6770 0.6746
 6775 0.7266
 6780 0.7749
 6785 0.8216
 6790 0.8617
 6795 0.9003
 6800 0.9301
 6805 0.9585
 6810 0.9791
 6815 0.9951
 6820 1.0083
 6825 1.0132
 6830 1.0183
 6835 1.0187
 6840 1.0171
 6845 1.0148
 6850 1.0111
 6855 1.0084
 6860 1.0063
 6865 1.0051
 6870 1.0070
 6875 1.0110
 6880 1.0172
 6885 1.0263
 6890 1.0380
 6895 1.0523
 6900 1.0679
 6905 1.0869
 6910 1.1065
 6915 1.1278
 6920 1.1496
 6925 1.1697
 6930 1.1932
 6935 1.2150
 6940 1.2376
 6945 1.2619
 6950 1.2833
 6955 1.3079
 6960 1.3318
 6965 1.3573
 6970 1.3822
 6975 1.4089
 6980 1.4343
 6985 1.4592
 6990 1.4843
 6995 1.5063
 7000 1.5270
 7005 1.5442
 7010 1.5582
 7015 1.5680
 7020 1.5743
 7025 1.5753
 7030 1.5741
 7035 1.5652
 7040 1.5554
 7045 1.5403
 7050 1.5207
 7055 1.5006
 7060 1.4743
 7065 1.4490
 7070 1.4211
 7075 1.3912
 7080 1.3615
 7085 1.3306
 7090 1.3023
 7095 1.2738
 7100 1.2481
 7105 1.2245
 7110 1.2025
 7115 1.1859
 7120 1.1701
 7125 1.1567
 7130 1.1493
 7135 1.1414
 7140 1.1368
 7145 1.1344
 7150 1.1319
 7155 1.1344
 7160 1.1333
 7165 1.1358
 7170 1.1395
 7175 1.1407
 7180 1.1463
 7185 1.1478
 7190 1.1512
 7195 1.1535
 7200 1.1529
 7205 1.1522
 7210 1.1480
 7215 1.1404
 7220 1.1324
 7225 1.1184
 7230 1.1036
 7235 1.0840
 7240 1.0624
 7245 1.0395
 7250 1.0122
 7255 0.9872
 7260 0.9591
 7265 0.9316
 7270 0.9055
 7275 0.8779
 7280 0.8536
 7285 0.8287
 7290 0.8043
 7295 0.7822
 7300 0.7594
 7305 0.7371
 7310 0.7148
 7315 0.6916
 7320 0.6696
 7325 0.6456
 7330 0.6220
 7335 0.5987
 7340 0.5763
 7345 0.5545
 7350 0.5354
 7355 0.5179
 7360 0.5052
 7365 0.4937
 7370 0.4889
 7375 0.4855
 7380 0.4860
 7385 0.4920
 7390 0.4987
 7395 0.5102
 7400 0.5212
 7405 0.5342
 7410 0.5444
 7415 0.5519
 7420 0.5592
 7425 0.5592
 7430 0.5577
 7435 0.5505
 7440 0.5383
 7445 0.5238
 7450 0.5032
 7455 0.4836
 7460 0.4606
 7465 0.4386
 7470 0.4182
 7475 0.3966
 7480 0.3804
 7485 0.3656
 7490 0.3536
 7495 0.3448
 7500 0.3391
 7505 0.3332
 7510 0.3306
 7515 0.3264
 7520 0.3232
 7525 0.3183
 7530 0.3141
 7535 0.3078
 7540 0.2980
 7545 0.2919
 7550 0.2808
 7555 0.2723
 7560 0.2640
 7565 0.2559
 7570 0.2525
 7575 0.2464
 7580 0.2466
 7585 0.2485
 7590 0.2527
 7595 0.2608
 7600 0.2710
 7605 0.2844
 7610 0.2994
 7615 0.3174
 7620 0.3363
 7625 0.3582
 7630 0.3786
 7635 0.4035
 7640 0.4275
 7645 0.4533
 7650 0.4799
 7655 0.5070
 7660 0.5358
 7665 0.5640
 7670 0.5945
 7675 0.6225
 7680 0.6519
 7685 0.6806
 7690 0.7062
 7695 0.7331
 7700 0.7556
 7705 0.7771
 7710 0.7976
 7715 0.8151
 7720 0.8299
 7725 0.8423
 7730 0.8557
 7735 0.8633
 7740 0.8727
 7745 0.8783
 7750 0.8845
 7755 0.8896
 7760 0.8927
 7765 0.8972
 7770 0.8986
 7775 0.9003
 7780 0.8997
 7785 0.8979
 7790 0.8939
 7795 0.8885
 7800 0.8795
 7805 0.8681
 7810 0.8543
 7815 0.8387
 7820 0.8204
 7825 0.8005
 7830 0.7795
 7835 0.7579
 7840 0.7354
 7845 0.7139
 7850 0.6929
 7855 0.6743
 7860 0.6562
 7865 0.6408
 7870 0.6265
 7875 0.6148
 7880 0.6053
 7885 0.5957
 7890 0.5897
 7895 0.5816
 7900 0.5758
 7905 0.5692
 7910 0.5626
 7915 0.5552
 7920 0.5473
 7925 0.5371
 7930 0.5276
 7935 0.5140
 7940 0.5011
 7945 0.4867
 7950 0.4708
 7955 0.4547
 7960 0.4377
 7965 0.4220
 7970 0.4062
 7975 0.3932
 7980 0.3831
 7985 0.3740
 7990 0.3692
 7995 0.3662
 8000 0.3666
 8005 0.3695
 8010 0.3741
 8015 0.3795
 8020 0.3858
 8025 0.3923
 8030 0.3964
 8035 0.4005
 8040 0.4014
 8045 0.4011
 8050 0.3979
 8055 0.3925
 8060 0.3850
 8065 0.3754
 8070 0.3647
 8075 0.3536
 8080 0.3438
 8085 0.3331
 8090 0.3256
 8095 0.3181
 8100 0.3117
 8105 0.3098
 8110 0.3056
 8115 0.3044
 8120 0.3028
 8125 0.3014
 8130 0.2992
 8135 0.2967
 8140 0.2931
 8145 0.2874
 8150 0.2823
 8155 0.2757
 8160 0.2678
 8165 0.2605
 8170 0.2510
 8175 0.2434
 8180 0.2346
 8185 0.2272
 8190 0.2198
 8195 0.2130
 8200 0.2056
 8205 0.1989
 8210 0.1922
 8215 0.1845
 8220 0.1792
 8225 0.1708
 8230 0.1651
 8235 0.1563
 8240 0.1499
 8245 0.1427
 8250 0.1368
 8255 0.1280
 8260 0.1219
 8265 0.1140
 8270 0.1081
 8275 0.0999
 8280 0.0941
 8285 0.0866
 8290 0.0828
 8295 0.0783
 8300 0.0758
 8305 0.0748
 8310 0.0751
 8315 0.0787
 8320 0.0835
 8325 0.0912
 8330 0.0992
 8335 0.1100
 8340 0.1180
 8345 0.1284
 8350 0.1367
 8355 0.1453
 8360 0.1515
 8365 0.1553
 8370 0.1587
 8375 0.1601
 8380 0.1619
 8385 0.1623
 8390 0.1622
 8395 0.1644
 8400 0.1658
 8405 0.1714
 8410 0.1751
 8415 0.1815
 8420 0.1903
 8425 0.1997
 8430 0.2126
 8435 0.2241
 8440 0.2377
 8445 0.2505
 8450 0.2653
 8455 0.2794
 8460 0.2945
 8465 0.3098
 8470 0.3259
 8475 0.3422
 8480 0.3605
 8485 0.3781
 8490 0.3957
 8495 0.4156
 8500 0.4339
 8505 0.4539
 8510 0.4731
 8515 0.4912
 8520 0.5083
 8525 0.5239
 8530 0.5405
 8535 0.5546
 8540 0.5685
 8545 0.5798
 8550 0.5912
 8555 0.6017
 8560 0.6116
 8565 0.6222
 8570 0.6327
 8575 0.6435
 8580 0.6565
 8585 0.6696
 8590 0.6839
 8595 0.6995
 8600 0.7159
 8605 0.7342
 8610 0.7521
 8615 0.7698
 8620 0.7876
 8625 0.8039
 8630 0.8206
 8635 0.8346
 8640 0.8489
 8645 0.8601
 8650 0.8682
 8655 0.8762
 8660 0.8808
 8665 0.8841
 8670 0.8851
 8675 0.8841
 8680 0.8817
 8685 0.8776
 8690 0.8733
 8695 0.8681
 8700 0.8623
 8705 0.8564
 8710 0.8522
 8715 0.8496
 8720 0.8477
 8725 0.8485
 8730 0.8500
 8735 0.8547
 8740 0.8614
 8745 0.8696
 8750 0.8789
 8755 0.8890
 8760 0.8977
 8765 0.9088
 8770 0.9173
 8775 0.9245
 8780 0.9301
 8785 0.9322
 8790 0.9339
 8795 0.9311
 8800 0.9269
 8805 0.9210
 8810 0.9126
 8815 0.9038
 8820 0.8934
 8825 0.8821
 8830 0.8684
 8835 0.8557
 8840 0.8417
 8845 0.8279
 8850 0.8132
 8855 0.7992
 8860 0.7834
 8865 0.7701
 8870 0.7581
 8875 0.7457
 8880 0.7382
 8885 0.7304
 8890 0.7272
 8895 0.7278
 8900 0.7290
 8905 0.7363
 8910 0.7435
 8915 0.7545
 8920 0.7679
 8925 0.7788
 8930 0.7945
 8935 0.8052
 8940 0.8182
 8945 0.8284
 8950 0.8376
 8955 0.8442
 8960 0.8510
 8965 0.8565
 8970 0.8618
 8975 0.8680
 8980 0.8746
 8985 0.8819
 8990 0.8904
 8995 0.9024
 9000 0.9156
 9005 0.9317
 9010 0.9505
 9015 0.9685
 9020 0.9929
 9025 1.0151
 9030 1.0417
 9035 1.0685
 9040 1.0940
 9045 1.1241
 9050 1.1504
 9055 1.1796
 9060 1.2053
 9065 1.2293
 9070 1.2519
 9075 1.2677
 9080 1.2825
 9085 1.2908
 9090 1.2937
 9095 1.2908
 9100 1.2821
 9105 1.2665
 9110 1.2443
 9115 1.2162
 9120 1.1808
 9125 1.1403
 9130 1.0915
 9135 1.0391
 9140 0.9798
 9145 0.9160
 9150 0.8477
 9155 0.7772
 9160 0.7045
 9165 0.6311
 9170 0.5593
 9175 0.4905
 9180 0.4276
 9185 0.3718
 9190 0.3230
 9195 0.2857
 9200 0.2562
 9205 0.2372
 9210 0.2273
 9215 0.2238
 9220 0.2261
 9225 0.2306
 9230 0.2332
 9235 0.2360
 9240 0.2322
 9245 0.2231
 9250 0.2070
 9255 0.1830
 9260 0.1544
 9265 0.1187
 9270 0.0823
 9275 0.0443
 9280 0.0083
 9285 -0.0245
 9290 -0.0524
 9295 -0.0746
 9300 -0.0918
 9305 -0.1027
 9310 -0.1095
 9315 -0.1124
 9320 -0.1142
 9325 -0.1145
 9330 -0.1141
 9335 -0.1137
 9340 -0.1139
 9345 -0.1140
 9350 -0.1131
 9355 -0.1111
 9360 -0.1079
 9365 -0.1013
 9370 -0.0937
 9375 -0.0816
 9380 -0.0679
 9385 -0.0520
 9390 -0.0343
 9395 -0.0157
 9400 0.0033
 9405 0.0227
 9410 0.0413
 9415 0.0577
 9420 0.0771
 9425 0.0903
 9430 0.1069
 9435 0.1221
 9440 0.1370
 9445 0.1515
 9450 0.1646
 9455 0.1781
 9460 0.1920
 9465 0.2031
 9470 0.2142
 9475 0.2236
 9480 0.2322
 9485 0.2398
 9490 0.2461
 9495 0.2534
 9500 0.2591
 9505 0.2658
 9510 0.2738
 9515 0.2808
 9520 0.2895
 9525 0.2998
 9530 0.3076
 9535 0.3208
 9540 0.3305
 9545 0.3456
 9550 0.3596
 9555 0.3741
 9560 0.3913
 9565 0.4094
 9570 0.4270
 9575 0.4459
 9580 0.4637
 9585 0.4821
 9590 0.4997
 9595 0.5143
 9600 0.5292
 9605 0.5417
 9610 0.5509
 9615 0.5581
 9620 0.5640
 9625 0.5661
 9630 0.5667
 9635 0.5661
 9640 0.5642
 9645 0.5615
 9650 0.5597
 9655 0.5563
 9660 0.5569
 9665 0.5559
 9670 0.5579
 9675 0.5619
 9680 0.5662
 9685 0.5730
 9690 0.5817
 9695 0.5903
 9700 0.5994
 9705 0.6110
 9710 0.6202
 9715 0.6340
 9720 0.6453
 9725 0.6576
 9730 0.6719
 9735 0.6854
 9740 0.7003
 9745 0.7171
 9750 0.7336
 9755 0.7536
 9760 0.7733
 9765 0.7956
 9770 0.8178
 9775 0.8402
 9780 0.8635
 9785 0.8857
 9790 0.9072
 9795 0.9262
 9800 0.9448
 9805 0.9590
 9810 0.9721
 9815 0.9828
 9820 0.9915
 9825 0.9972
 9830 1.0022
 9835 1.0042
 9840 1.0058
 9845 1.0075
 9850 1.0063
 9855 1.0070
 9860 1.0055
 9865 1.0052
 9870 1.0034
 9875 1.0012
 9880 1.0010
 9885 0.9969
 9890 0.9958
 9895 0.9927
 9900 0.9882
 9905 0.9841
 9910 0.9800
 9915 0.9742
 9920 0.9699
 9925 0.9630
 9930 0.9579
 9935 0.9514
 9940 0.9450
 9945 0.9404
 9950 0.9345
 9955 0.9294
 9960 0.9255
 9965 0.9199
 9970 0.9169
 9975 0.9145
 9980 0.9121
 9985 0.9114
 9990 0.9139
 9995 0.9182
10000 0.9250
10005 0.9352
10010 0.9466
10015 0.9625
10020 0.9805
10025 0.9990
10030 1.0197
10035 1.0414
10040 1.0619
10045 1.0806
10050 1.0973
10055 1.1097
10060 1.1207
10065 1.1266
10070 1.1294
10075 1.1304
10080 1.1253
10085 1.1196
10090 1.1107
10095 1.0988
10100 1.0885
10105 1.0750
10110 1.0635
10115 1.0517
10120 1.0399
10125 1.0306
10130 1.0222
10135 1.0157
10140 1.0120
10145 1.0098
10150 1.0118
10155 1.0119
10160 1.0165
10165 1.0205
10170 1.0242
10175 1.0305
10180 1.0337
10185 1.0364
10190 1.0392
10195 1.0375
10200 1.0362
10205 1.0324
10210 1.0268
10215 1.0196
10220 1.0111
10225 1.0023
10230 0.9899
10235 0.9775
10240 0.9621
10245 0.9454
10250 0.9284
10255 0.9089
10260 0.8883
10265 0.8658
10270 0.8419
10275 0.8180
10280 0.7926
10285 0.7693
10290 0.7445
10295 0.7226
10300 0.6990
10305 0.6786
10310 0.6594
10315 0.6393
10320 0.6218
10325 0.6030
10330 0.5846
10335 0.5666
10340 0.5462
10345 0.5249
10350 0.5049
10355 0.4819
10360 0.4615
10365 0.4388
10370 0.4182
10375 0.3991
10380 0.3815
10385 0.3687
10390 0.3579
10395 0.3511
10400 0.3503
10405 0.3507
10410 0.3576
10415 0.3655
10420 0.3785
10425 0.3909
10430 0.4053
10435 0.4191
10440 0.4313
10445 0.4414
10450 0.4491
10455 0.4522
10460 0.4521
10465 0.4492
10470 0.4404
10475 0.4309
10480 0.4169
10485 0.4028
10490 0.3863
10495 0.3687
10500 0.3500
10505 0.3343
10510 0.3178
10515 0.3022
10520 0.2875
10525 0.2742
10530 0.2627
10535 0.2504
10540 0.2409
10545 0.2326
10550 0.2238
10555 0.2175
10560 0.2129
10565 0.2088
10570 0.2067
10575 0.2072
10580 0.2086
10585 0.2119
10590 0.2164
10595 0.2221
10600 0.2283
10605 0.2355
10610 0.2425
10615 0.2482
10620 0.2541
10625 0.2583
10630 0.2602
10635 0.2615
10640 0.2596
10645 0.2560
10650 0.2509
10655 0.2423
10660 0.2321
10665 0.2209
10670 0.2076
10675 0.1947
10680 0.1791
10685 0.1650
10690 0.1510
10695 0.1355
10700 0.1231
10705 0.1098
10710 0.0990
10715 0.0896
10720 0.0792
10725 0.0716
10730 0.0629
10735 0.0553
10740 0.0490
10745 0.0412
10750 0.0340
10755 0.0265
10760 0.0195
10765 0.0127
10770 0.0062
10775 0.0016
10780 -0.0038
10785 -0.0081
10790 -0.0103
10795 -0.0126
10800 -0.0137
10805 -0.0136
10810 -0.0137
10815 -0.0135
10820 -0.0151
10825 -0.0156
10830 -0.0188
10835 -0.0223
10840 -0.0276
10845 -0.0346
10850 -0.0429
10855 -0.0524
10860 -0.0617
10865 -0.0718
10870 -0.0809
10875 -0.0884
10880 -0.0952
10885 -0.0981
10890 -0.0989
10895 -0.0980
10900 -0.0912
10905 -0.0830
10910 -0.0696
10915 -0.0542
10920 -0.0351
10925 -0.0118
10930 0.0121
10935 0.0413
10940 0.0702
10945 0.1021
10950 0.1342
10955 0.1676
10960 0.2008
10965 0.2355
10970 0.2668
10975 0.2993
10980 0.3271
10985 0.3537
10990 0.3773
10995 0.3948
11000 0.4077
11005 0.4147
11010 0.4139
11015 0.4079
11020 0.3909
11025 0.3680
11030 0.3373
11035 0.2979
11040 0.2526
11045 0.2008
11050 0.1470
11055 0.0881
11060 0.0311
11065 -0.0279
11070 -0.0813
11075 -0.1316
11080 -0.1748
11085 -0.2114
11090 -0.2379
11095 -0.2572
11100 -0.2680
11105 -0.2699
11110 -0.2675
11115 -0.2571
11120 -0.2444
11125 -0.2316
11130 -0.2166
11135 -0.2064
11140 -0.1988
11145 -0.1966
11150 -0.2013
11155 -0.2085
11160 -0.2233
11165 -0.2400
11170 -0.2610
11175 -0.2820
11180 -0.3028
11185 -0.3214
11190 -0.3373
11195 -0.3496
11200 -0.3576
11205 -0.3613
11210 -0.3611
11215 -0.3570
11220 -0.3495
11225 -0.3402
11230 -0.3289
11235 -0.3176
11240 -0.3055
11245 -0.2919
11250 -0.2810
11255 -0.2685
11260 -0.2564
11265 -0.2440
11270 -0.2333
11275 -0.2218
11280 -0.2102
11285 -0.1996
11290 -0.1880
11295 -0.1771
11300 -0.1666
11305 -0.1561
11310 -0.1476
11315 -0.1386
11320 -0.1327
11325 -0.1264
11330 -0.1232
11335 -0.1203
11340 -0.1188
11345 -0.1194
11350 -0.1205
11355 -0.1226
11360 -0.1265
11365 -0.1319
11370 -0.1376
11375 -0.1442
11380 -0.1514
11385 -0.1605
11390 -0.1654
11395 -0.1740
11400 -0.1790
11405 -0.1840
11410 -0.1860
11415 -0.1873
11420 -0.1865
11425 -0.1804
11430 -0.1753
11435 -0.1668
11440 -0.1549
11445 -0.1423
11450 -0.1275
11455 -0.1135
11460 -0.0993
11465 -0.0866
11470 -0.0756
11475 -0.0678
11480 -0.0615
11485 -0.0591
11490 -0.0604
11495 -0.0639
11500 -0.0694
11505 -0.0763
11510 -0.0850
11515 -0.0925
11520 -0.1017
11525 -0.1095
11530 -0.1158
11535 -0.1224
11540 -0.1270
11545 -0.1317
11550 -0.1332
11555 -0.1363
11560 -0.1380
11565 -0.1403
11570 -0.1420
11575 -0.1435
11580 -0.1458
11585 -0.1480
11590 -0.1492
11595 -0.1503
11600 -0.1530
11605 -0.1513
11610 -0.1508
11615 -0.1479
11620 -0.1435
11625 -0.1403
11630 -0.1348
11635 -0.1301
