    0 -0.0655
    5 -0.0647
   10 -0.0638
   15 -0.0630
   20 -0.0622
   25 -0.0624
   30 -0.0616
   35 -0.0627
   40 -0.0619
   45 -0.0621
   50 -0.0623
   55 -0.0625
   60 -0.0626
   65 -0.0628
   70 -0.0630
   75 -0.0642
   80 -0.0674
   85 -0.0685
   90 -0.0707
   95 -0.0739
  100    nan
  105    nan
  110    nan
  115    nan
  120    nan
  125    nan
  130    nan
  135    nan
  140    nan
  145    nan
  150    nan
  155    nan
  160    nan
  165    nan
  170    nan
  175    nan
  180    nan
  185    nan
  190    nan
  195    nan
  200    nan
  205    nan
  210    nan
  215    nan
  220    nan
  225    nan
  230 -0.1018
  235 -0.1000
  240 -0.0992
  245 -0.0964
  250 -0.0966
  255 -0.0957
  260 -0.0959
  265 -0.0951
  270 -0.0943
  275 -0.0945
  280 -0.0937
  285 -0.0948
  290 -0.0940
  295 -0.0932
  300 -0.0944
  305 -0.0936
  310 -0.0938
  315 -0.0950
  320 -0.0951
  325 -0.0963
  330 -0.0955
  335 -0.0967
  340 -0.0969
  345 -0.0981
  350 -0.0993
  355 -0.0984
  360 -0.0986
  365 -0.0988
  370 -0.0980
  375 -0.0982
  380 -0.0964
  385 -0.0956
  390 -0.0967
  395 -0.0949
  400 -0.0941
  405 -0.0933
  410 -0.0925
  415 -0.0927
  420 -0.0909
  425 -0.0911
  430 -0.0913
  435 -0.0904
  440 -0.0906
  445 -0.0898
  450 -0.0890
  455 -0.0872
  460 -0.0864
  465 -0.0856
  470 -0.0848
  475 -0.0849
  480 -0.0831
  485 -0.0823
  490 -0.0805
  495 -0.0797
  500 -0.0789
  505 -0.0781
  510 -0.0773
  515 -0.0765
  520 -0.0747
  525 -0.0728
  530 -0.0730
  535 -0.0702
  540 -0.0714
  545 -0.0706
  550 -0.0698
  555 -0.0690
  560 -0.0682
  565 -0.0694
  570 -0.0696
  575 -0.0707
  580 -0.0709
  585 -0.0721
  590 -0.0743
  595 -0.0755
  600 -0.0777
  605 -0.0789
  610 -0.0811
  615 -0.0813
  620 -0.0835
  625 -0.0857
  630 -0.0879
  635 -0.0900
  640 -0.0922
  645 -0.0944
  650 -0.0976
  655 -0.0998
  660 -0.1020
  665 -0.1032
  670 -0.1054
  675 -0.1066
  680 -0.1088
  685 -0.1100
  690 -0.1102
  695 -0.1114
  700 -0.1105
  705 -0.1117
  710 -0.1119
  715 -0.1121
  720 -0.1123
  725 -0.1125
  730 -0.1137
  735 -0.1139
  740 -0.1161
  745 -0.1173
  750 -0.1185
  755 -0.1207
  760 -0.1219
  765 -0.1261
  770 -0.1273
  775 -0.1295
  780 -0.1317
  785 -0.1328
  790 -0.1360
  795 -0.1372
  800 -0.1384
  805 -0.1386
  810 -0.1398
  815 -0.1400
  820 -0.1402
  825 -0.1404
  830 -0.1406
  835 -0.1418
  840 -0.1410
  845 -0.1422
  850 -0.1414
  855 -0.1426
  860 -0.1428
  865 -0.1450
  870 -0.1452
  875 -0.1454
  880 -0.1486
  885 -0.1488
  890 -0.1510
  895 -0.1532
  900 -0.1544
  905 -0.1566
  910 -0.1568
  915 -0.1579
  920 -0.1571
  925 -0.1593
  930 -0.1595
  935 -0.1597
  940 -0.1599
  945 -0.1601
  950 -0.1593
  955 -0.1585
  960 -0.1587
  965 -0.1579
  970 -0.1581
  975 -0.1583
  980 -0.1585
  985 -0.1587
  990 -0.1599
  995 -0.1611
 1000 -0.1623
 1005 -0.1645
 1010 -0.1657
 1015 -0.1689
 1020 -0.1711
 1025 -0.1743
 1030 -0.1775
 1035 -0.1807
 1040 -0.1849
 1045 -0.1881
 1050 -0.1933
 1055 -0.1965
 1060 -0.2007
 1065 -0.2039
 1070 -0.2061
 1075 -0.2093
 1080 -0.2125
 1085 -0.2147
 1090 -0.2159
 1095 -0.2161
 1100 -0.2183
 1105 -0.2185
 1110 -0.2187
 1115 -0.2199
 1120 -0.2201
 1125 -0.2213
 1130 -0.2215
 1135 -0.2247
 1140 -0.2259
 1145 -0.2281
 1150 -0.2303
 1155 -0.2325
 1160 -0.2357
 1165 -0.2399
 1170 -0.2431
 1175 -0.2463
 1180 -0.2505
 1185 -0.2548
 1190 -0.2590
 1195 -0.2632
 1200 -0.2674
 1205 -0.2706
 1210 -0.2738
 1215 -0.2780
 1220 -0.2812
 1225 -0.2844
 1230 -0.2876
 1235 -0.2898
 1240 -0.2940
 1245 -0.2962
 1250 -0.2994
 1255 -0.3006
 1260 -0.3038
 1265 -0.3060
 1270 -0.3092
 1275 -0.3134
 1280 -0.3156
 1285 -0.3188
 1290 -0.3220
 1295 -0.3262
 1300 -0.3304
 1305 -0.3336
 1310 -0.3388
 1315 -0.3420
 1320 -0.3472
 1325 -0.3515
 1330 -0.3567
 1335 -0.3619
 1340 -0.3681
 1345 -0.3733
 1350 -0.3795
 1355 -0.3857
 1360 -0.3929
 1365 -0.3991
 1370 -0.4053
 1375 -0.4135
 1380 -0.4207
 1385 -0.4289
 1390 -0.4361
 1395 -0.4443
 1400 -0.4515
 1405 -0.4577
 1410 -0.4639
 1415 -0.4691
 1420 -0.4744
 1425 -0.4776
 1430 -0.4808
 1435 -0.4850
 1440 -0.4862
 1445 -0.4884
 1450 -0.4906
 1455 -0.4908
 1460 -0.4920
 1465 -0.4922
 1470 -0.4924
 1475 -0.4926
 1480 -0.4918
 1485 -0.4910
 1490 -0.4903
 1495 -0.4885
 1500 -0.4857
 1505 -0.4819
 1510 -0.4791
 1515 -0.4743
 1520 -0.4685
 1525 -0.4627
 1530 -0.4549
 1535 -0.4481
 1540 -0.4403
 1545 -0.4305
 1550 -0.4218
 1555 -0.4100
 1560 -0.4002
 1565 -0.3894
 1570 -0.3776
 1575 -0.3668
 1580 -0.3560
 1585 -0.3452
 1590 -0.3334
 1595 -0.3226
 1600 -0.3108
 1605 -0.3001
 1610 -0.2883
 1615 -0.2765
 1620 -0.2657
 1625 -0.2539
 1630 -0.2421
 1635 -0.2283
 1640 -0.2165
 1645 -0.2027
 1650 -0.1889
 1655 -0.1752
 1660 -0.1604
 1665 -0.1466
 1670 -0.1318
 1675 -0.1180
 1680 -0.1052
 1685 -0.0914
 1690 -0.0816
 1695 -0.0698
 1700 -0.0590
 1705 -0.0503
 1710 -0.0425
 1715 -0.0357
 1720 -0.0319
 1725    nan
 1730    nan
 1735 -0.0368
 1740 -0.0368
 1745 -0.0402
 1750 -0.0438
 1755 -0.0490
 1760 -0.0571
 1765 -0.0645
 1770 -0.0748
 1775 -0.0851
 1780 -0.0957
 1785 -0.1070
 1790 -0.1186
 1795 -0.1310
 1800 -0.1411
 1805 -0.1522
 1810 -0.1605
 1815 -0.1693
 1820 -0.1764
 1825 -0.1826
 1830 -0.1867
 1835 -0.1890
 1840 -0.1891
 1845 -0.1871
 1850 -0.1818
 1855 -0.1734
 1860 -0.1596
 1865 -0.1420
 1870 -0.1156
 1875 -0.0830
 1880 -0.0381
 1885 0.0172
 1890 0.0867
 1895 0.1719
 1900 0.2738
 1905 0.3941
 1910 0.5343
 1915 0.6975
 1920 0.8786
 1925 1.0817
 1930 1.3018
 1935 1.5393
 1940 1.7892
 1945 2.0498
 1950 2.3135
 1955 2.5773
 1960 2.8347
 1965 3.0797
 1970 3.3062
 1975 3.5097
 1980 3.6834
 1985 3.8250
 1990 3.9295
 1995 3.9954
 2000 4.0212
 2005 4.0050
 2010 3.9502
 2015 3.8574
 2020 3.7303
 2025 3.5709
 2030 3.3849
 2035 3.1751
 2040 2.9448
 2045 2.7001
 2050 2.4440
 2055 2.1806
 2060 1.9148
 2065 1.6492
 2070 1.3904
 2075 1.1402
 2080 0.9023
 2085 0.6826
 2090 0.4841
 2095 0.3127
 2100 0.1714
 2105 0.0652
 2110 -0.0035
 2115 -0.0321
 2120 -0.0190
 2125 0.0351
 2130 0.1305
 2135 0.2617
 2140 0.4259
 2145 0.6160
 2150 0.8251
 2155 1.0441
 2160 1.2673
 2165 1.4840
 2170 1.6881
 2175 1.8723
 2180 2.0316
 2185 2.1607
 2190 2.2581
 2195 2.3224
 2200 2.3551
 2205 2.3581
 2210 2.3347
 2215 2.2875
 2220 2.2212
 2225 2.1406
 2230 2.0489
 2235 1.9505
 2240 1.8488
 2245 1.7466
 2250 1.6472
 2255 1.5505
 2260 1.4605
 2265 1.3781
 2270 1.3053
 2275 1.2416
 2280 1.1893
 2285 1.1497
 2290 1.1217
 2295 1.1087
 2300 1.1074
 2305 1.1215
 2310 1.1476
 2315 1.1858
 2320 1.2354
 2325 1.2925
 2330 1.3561
 2335 1.4223
 2340 1.4896
 2345 1.5527
 2350 1.6090
 2355 1.6559
 2360 1.6890
 2365 1.7086
 2370 1.7094
 2375 1.6954
 2380 1.6624
 2385 1.6150
 2390 1.5532
 2395 1.4802
 2400 1.3990
 2405 1.3128
 2410 1.2285
 2415 1.1457
 2420 1.0728
 2425 1.0077
 2430 0.9574
 2435 0.9209
 2440 0.8979
 2445 0.8900
 2450 0.8949
 2455 0.9099
 2460 0.9319
 2465 0.9571
 2470 0.9840
 2475 1.0064
 2480 1.0240
 2485 1.0309
 2490 1.0298
 2495 1.0165
 2500 0.9939
 2505 0.9630
 2510 0.9229
 2515 0.8815
 2520 0.8380
 2525 0.7973
 2530 0.7614
 2535 0.7325
 2540 0.7127
 2545 0.7035
 2550 0.7027
 2555 0.7124
 2560 0.7275
 2565 0.7477
 2570 0.7684
 2575 0.7877
 2580 0.8032
 2585 0.8121
 2590 0.8103
 2595 0.8003
 2600 0.7781
 2605 0.7477
 2610 0.7075
 2615 0.6600
 2620 0.6080
 2625 0.5522
 2630 0.4973
 2635 0.4426
 2640 0.3933
 2645 0.3490
 2650 0.3077
 2655 0.2747
 2660 0.2462
 2665 0.2224
 2670 0.2029
 2675 0.1848
 2680 0.1685
 2685 0.1518
 2690 0.1352
 2695 0.1171
 2700 0.0984
 2705 0.0798
 2710 0.0616
 2715 0.0456
 2720 0.0335
 2725 0.0248
 2730 0.0235
 2735 0.0293
 2740 0.0448
 2745 0.0699
 2750 0.1063
 2755 0.1533
 2760 0.2122
 2765 0.2817
 2770 0.3623
 2775 0.4498
 2780 0.5456
 2785 0.6451
 2790 0.7468
 2795 0.8483
 2800 0.9460
 2805 1.0380
 2810 1.1201
 2815 1.1919
 2820 1.2507
 2825 1.2954
 2830 1.3254
 2835 1.3415
 2840 1.3409
 2845 1.3295
 2850 1.3049
 2855 1.2697
 2860 1.2271
 2865 1.1773
 2870 1.1237
 2875 1.0671
 2880 1.0083
 2885 0.9475
 2890 0.8862
 2895 0.8243
 2900 0.7602
 2905 0.6976
 2910 0.6345
 2915 0.5701
 2920 0.5051
 2925 0.4408
 2930 0.3745
 2935 0.3102
 2940 0.2460
 2945 0.1841
 2950 0.1245
 2955 0.0685
 2960 0.0168
 2965 -0.0286
 2970 -0.0692
 2975 -0.1039
 2980 -0.1309
 2985 -0.1519
 2990 -0.1655
 2995 -0.1712
 3000 -0.1707
 3005 -0.1617
 3010 -0.1465
 3015 -0.1228
 3020 -0.0907
 3025 -0.0501
 3030 -0.0007
 3035 0.0572
 3040 0.1236
 3045 0.1960
 3050 0.2775
 3055 0.3642
 3060 0.4586
 3065 0.5604
 3070 0.6697
 3075 0.7844
 3080 0.9084
 3085 1.0404
 3090 1.1780
 3095 1.3219
 3100 1.4679
 3105 1.6147
 3110 1.7556
 3115 1.8867
 3120 2.0031
 3125 2.0989
 3130 2.1692
 3135 2.2106
 3140 2.2208
 3145 2.1988
 3150 2.1444
 3155 2.0608
 3160 1.9497
 3165 1.8178
 3170 1.6689
 3175 1.5106
 3180 1.3480
 3185 1.1869
 3190 1.0314
 3195 0.8851
 3200 0.7482
 3205 0.6264
 3210 0.5165
 3215 0.4198
 3220 0.3329
 3225 0.2525
 3230 0.1792
 3235 0.1101
 3240 0.0455
 3245 -0.0179
 3250 -0.0812
 3255 -0.1478
 3260 -0.2143
 3265 -0.2829
 3270 -0.3510
 3275 -0.4191
 3280 -0.4861
 3285 -0.5468
 3290 -0.6020
 3295 -0.6512
 3300 -0.6901
 3305 -0.7213
 3310 -0.7390
 3315 -0.7459
 3320 -0.7417
 3325 -0.7293
 3330 -0.7111
 3335 -0.6847
 3340 -0.6573
 3345 -0.6249
 3350 -0.5893
 3355 -0.5539
 3360 -0.5161
 3365 -0.4770
 3370 -0.4347
 3375 -0.3852
 3380 -0.3304
 3385 -0.2655
 3390 -0.1882
 3395 -0.1000
 3400 0.0021
 3405 0.1137
 3410 0.2363
 3415 0.3677
 3420 0.5016
 3425 0.6336
 3430 0.7582
 3435 0.8719
 3440 0.9690
 3445 1.0449
 3450 1.0974
 3455 1.1258
 3460 1.1303
 3465 1.1135
 3470 1.0751
 3475 1.0242
 3480 0.9623
 3485 0.8939
 3490 0.8235
 3495 0.7509
 3500 0.6811
 3505 0.6112
 3510 0.5412
 3515 0.4703
 3520 0.3940
 3525 0.3101
 3530 0.2149
 3535 0.1044
 3540 -0.0197
 3545 -0.1570
 3550 -0.3048
 3555 -0.4639
 3560 -0.6324
 3565 -0.8049
 3570 -0.9756
 3575 -1.1410
 3580 -1.2967
 3585 -1.4406
 3590 -1.5678
 3595 -1.6793
 3600 -1.7723
 3605 -1.8456
 3610 -1.8982
 3615 -1.9305
 3620 -1.9443
 3625 -1.9438
 3630 -1.9275
 3635 -1.8976
 3640 -1.8588
 3645 -1.8152
 3650 -1.7704
 3655 -1.7228
 3660 -1.6757
 3665 -1.6359
 3670 -1.6080
 3675 -1.5963
 3680 -1.5957
 3685 -1.6061
 3690 -1.6313
 3695 -1.6744
 3700 -1.7319
 3705 -1.7993
 3710 -1.8721
 3715 -1.9499
 3720 -2.0280
 3725 -2.1033
 3730 -2.1722
 3735 -2.2350
 3740 -2.2874
 3745 -2.3259
 3750 -2.3518
 3755 -2.3726
 3760 -2.3872
 3765 -2.3920
 3770 -2.3899
 3775 -2.3869
 3780 -2.3881
 3785 -2.3903
 3790 -2.3925
 3795 -2.3963
 3800 -2.4038
 3805 -2.4147
 3810 -2.4259
 3815 -2.4363
 3820 -2.4446
 3825 -2.4508
 3830 -2.4569
 3835 -2.4584
 3840 -2.4546
 3845 -2.4462
 3850 -2.4351
 3855 -2.4234
 3860 -2.4052
 3865 -2.3831
 3870 -2.3675
 3875 -2.3515
 3880 -2.3318
 3885 -2.3140
 3890 -2.3015
 3895 -2.2917
 3900 -2.2811
 3905 -2.2770
 3910 -2.2772
 3915 -2.2776
 3920 -2.2803
 3925 -2.2907
 3930 -2.3057
 3935 -2.3208
 3940 -2.3417
 3945 -2.3700
 3950 -2.4001
 3955 -2.4341
 3960 -2.4731
 3965 -2.5153
 3970 -2.5604
 3975 -2.6042
 3980 -2.6450
 3985 -2.6853
 3990 -2.7204
 3995 -2.7479
 4000 -2.7674
 4005 -2.7809
 4010 -2.7854
 4015 -2.7815
 4020 -2.7702
 4025 -2.7547
 4030 -2.7331
 4035 -2.7114
 4040 -2.6924
 4045 -2.6686
 4050 -2.6483
 4055 -2.6343
 4060 -2.6206
 4065 -2.6043
 4070 -2.5955
 4075 -2.5877
 4080 -2.5735
 4085 -2.5633
 4090 -2.5530
 4095 -2.5367
 4100 -2.5195
 4105 -2.5047
 4110 -2.4844
 4115 -2.4628
 4120 -2.4428
 4125 -2.4198
 4130 -2.3993
 4135 -2.3771
 4140 -2.3533
 4145 -2.3304
 4150 -2.3067
 4155 -2.2822
 4160 -2.2579
 4165 -2.2364
 4170 -2.2091
 4175 -2.1824
 4180 -2.1586
 4185 -2.1362
 4190 -2.1147
 4195 -2.0937
 4200 -2.0798
 4205 -2.0668
 4210 -2.0566
 4215 -2.0516
 4220 -2.0489
 4225 -2.0480
 4230 -2.0496
 4235 -2.0541
 4240 -2.0559
 4245 -2.0594
 4250 -2.0636
 4255 -2.0613
 4260 -2.0627
 4265 -2.0621
 4270 -2.0572
 4275 -2.0543
 4280 -2.0538
 4285 -2.0470
 4290 -2.0486
 4295 -2.0518
 4300 -2.0540
 4305 -2.0583
 4310 -2.0675
 4315 -2.0745
 4320 -2.0845
 4325 -2.0968
 4330 -2.1066
 4335 -2.1156
 4340 -2.1228
 4345 -2.1275
 4350 -2.1268
 4355 -2.1217
 4360 -2.1124
 4365 -2.0988
 4370 -2.0743
 4375 -2.0491
 4380 -2.0153
 4385 -1.9740
 4390 -1.9303
 4395 -1.8795
 4400 -1.8210
 4405 -1.7633
 4410 -1.6987
 4415 -1.6337
 4420 -1.5651
 4425 -1.4981
 4430 -1.4310
 4435 -1.3654
 4440 -1.3023
 4445 -1.2405
 4450 -1.1818
 4455 -1.1261
 4460 -1.0744
 4465 -1.0253
 4470 -0.9799
 4475 -0.9371
 4480 -0.8969
 4485 -0.8590
 4490 -0.8279
 4495 -0.7948
 4500 -0.7694
 4505 -0.7464
 4510 -0.7219
 4515 -0.7066
 4520 -0.6921
 4525 -0.6791
 4530 -0.6726
 4535 -0.6643
 4540 -0.6594
 4545 -0.6581
 4550 -0.6549
 4555 -0.6552
 4560 -0.6547
 4565 -0.6558
 4570 -0.6563
 4575 -0.6573
 4580 -0.6598
 4585 -0.6572
 4590 -0.6589
 4595 -0.6608
 4600 -0.6619
 4605 -0.6658
 4610 -0.6698
 4615 -0.6755
 4620 -0.6833
 4625 -0.6907
 4630 -0.7023
 4635 -0.7116
 4640 -0.7238
 4645 -0.7387
 4650 -0.7518
 4655 -0.7671
 4660 -0.7807
 4665 -0.7955
 4670 -0.8092
 4675 -0.8220
 4680 -0.8321
 4685 -0.8427
 4690 -0.8506
 4695 -0.8568
 4700 -0.8599
 4705 -0.8616
 4710 -0.8627
 4715 -0.8594
 4720 -0.8555
 4725 -0.8498
 4730 -0.8399
 4735 -0.8322
 4740 -0.8186
 4745 -0.8056
 4750 -0.7891
 4755 -0.7720
 4760 -0.7519
 4765 -0.7302
 4770 -0.7049
 4775 -0.6776
 4780 -0.6493
 4785 -0.6168
 4790 -0.5844
 4795 -0.5467
 4800 -0.5097
 4805 -0.4686
 4810 -0.4235
 4815 -0.3800
 4820 -0.3289
 4825 -0.2818
 4830 -0.2264
 4835 -0.1702
 4840 -0.1129
 4845 -0.0509
 4850 0.0078
 4855 0.0701
 4860 0.1295
 4865 0.1908
 4870 0.2482
 4875 0.3062
 4880 0.3589
 4885 0.4094
 4890 0.4559
 4895 0.4968
 4900 0.5332
 4905 0.5635
 4910 0.5880
 4915 0.6078
 4920 0.6223
 4925 0.6323
 4930 0.6364
 4935 0.6383
 4940 0.6355
 4945 0.6316
 4950 0.6257
 4955 0.6160
 4960 0.6099
 4965 0.6010
 4970 0.5944
 4975 0.5891
 4980 0.5862
 4985 0.5851
 4990 0.5881
 4995 0.5939
 5000 0.6027
 5005 0.6166
 5010 0.6319
 5015 0.6507
 5020 0.6707
 5025 0.6938
 5030 0.7154
 5035 0.7396
 5040 0.7599
 5045 0.7829
 5050 0.8000
 5055 0.8192
 5060 0.8323
 5065 0.8477
 5070 0.8557
 5075 0.8664
 5080 0.8695
 5085 0.8743
 5090 0.8751
 5095 0.8740
 5100 0.8724
 5105 0.8661
 5110 0.8601
 5115 0.8496
 5120 0.8381
 5125 0.8234
 5130 0.8060
 5135 0.7870
 5140 0.7666
 5145 0.7427
 5150 0.7199
 5155 0.6941
 5160 0.6701
 5165 0.6448
 5170 0.6214
 5175 0.5981
 5180 0.5780
 5185 0.5584
 5190 0.5423
 5195 0.5278
 5200 0.5181
 5205 0.5110
 5210 0.5085
 5215 0.5088
 5220 0.5111
 5225 0.5168
 5230 0.5226
 5235 0.5320
 5240 0.5415
 5245 0.5520
 5250 0.5631
 5255 0.5725
 5260 0.5829
 5265 0.5930
 5270 0.6022
 5275 0.6131
 5280 0.6232
 5285 0.6331
 5290 0.6443
 5295 0.6547
 5300 0.6663
 5305 0.6778
 5310 0.6904
 5315 0.7025
 5320 0.7156
 5325 0.7259
 5330 0.7385
 5335 0.7488
 5340 0.7595
 5345 0.7692
 5350 0.7809
 5355 0.7910
 5360 0.8013
 5365 0.8136
 5370 0.8268
 5375 0.8421
 5380 0.8589
 5385 0.8767
 5390 0.8991
 5395 0.9216
 5400 0.9457
 5405 0.9712
 5410 0.9956
 5415 1.0205
 5420 1.0438
 5425 1.0641
 5430 1.0838
 5435 1.1020
 5440 1.1170
 5445 1.1313
 5450 1.1392
 5455 1.1509
 5460 1.1568
 5465 1.1641
 5470 1.1685
 5475 1.1728
 5480 1.1779
 5485 1.1803
 5490 1.1838
 5495 1.1877
 5500 1.1896
 5505 1.1944
 5510 1.1952
 5515 1.1987
 5520 1.2030
 5525 1.2060
 5530 1.2108
 5535 1.2128
 5540 1.2164
 5545 1.2203
 5550 1.2241
 5555 1.2285
 5560 1.2330
 5565 1.2383
 5570 1.2453
 5575 1.2501
 5580 1.2582
 5585 1.2664
 5590 1.2788
 5595 1.2910
 5600 1.3059
 5605 1.3233
 5610 1.3391
 5615 1.3581
 5620 1.3780
 5625 1.3973
 5630 1.4167
 5635 1.4342
 5640 1.4503
 5645 1.4641
 5650 1.4762
 5655 1.4876
 5660 1.4965
 5665 1.5055
 5670 1.5140
 5675 1.5219
 5680 1.5309
 5685 1.5417
 5690 1.5518
 5695 1.5662
 5700 1.5790
 5705 1.5934
 5710 1.6079
 5715 1.6237
 5720 1.6390
 5725 1.6522
 5730 1.6668
 5735 1.6763
 5740 1.6846
 5745 1.6912
 5750 1.6968
 5755 1.6994
 5760 1.6996
 5765 1.7021
 5770 1.6992
 5775 1.6997
 5780 1.6977
 5785 1.6965
 5790 1.6951
 5795 1.6937
 5800 1.6908
 5805 1.6868
 5810 1.6816
 5815 1.6742
 5820 1.6634
 5825 1.6522
 5830 1.6385
 5835 1.6234
 5840 1.6061
 5845 1.5891
 5850 1.5698
 5855 1.5503
 5860 1.5336
 5865 1.5157
 5870 1.4987
 5875 1.4829
 5880 1.4686
 5885 1.4524
 5890 1.4387
 5895 1.4237
 5900 1.4087
 5905 1.3941
 5910 1.3776
 5915 1.3617
 5920 1.3453
 5925 1.3285
 5930 1.3124
 5935 1.2954
 5940 1.2814
 5945 1.2661
 5950 1.2521
 5955 1.2402
 5960 1.2284
 5965 1.2175
 5970 1.2086
 5975 1.1991
 5980 1.1909
 5985 1.1816
 5990 1.1749
 5995 1.1675
 6000 1.1601
 6005 1.1528
 6010 1.1452
 6015 1.1377
 6020 1.1323
 6025 1.1264
 6030 1.1209
 6035 1.1156
 6040 1.1094
 6045 1.1061
 6050 1.1021
 6055 1.0998
 6060 1.0971
 6065 1.0952
 6070 1.0940
 6075 1.0952
 6080 1.0969
 6085 1.1002
 6090 1.1039
 6095 1.1109
 6100 1.1169
 6105 1.1241
 6110 1.1304
 6115 1.1369
 6120 1.1443
 6125 1.1479
 6130 1.1507
 6135 1.1517
 6140 1.1484
 6145 1.1429
 6150 1.1331
 6155 1.1199
 6160 1.1038
 6165 1.0844
 6170 1.0635
 6175 1.0396
 6180 1.0151
 6185 0.9880
 6190 0.9623
 6195 0.9349
 6200 0.9090
 6205 0.8855
 6210 0.8626
 6215 0.8426
 6220 0.8263
 6225 0.8144
 6230 0.8052
 6235 0.7999
 6240 0.7936
 6245 0.7913
 6250 0.7889
 6255 0.7868
 6260 0.7828
 6265 0.7789
 6270 0.7742
 6275 0.7666
 6280 0.7569
 6285 0.7449
 6290 0.7317
 6295 0.7156
 6300 0.6992
 6305 0.6816
 6310 0.6623
 6315 0.6428
 6320 0.6243
 6325 0.6054
 6330 0.5868
 6335 0.5674
 6340 0.5491
 6345 0.5315
 6350 0.5152
 6355 0.4981
 6360 0.4826
 6365 0.4665
 6370 0.4522
 6375 0.4379
 6380 0.4255
 6385 0.4101
 6390 0.3961
 6395 0.3818
 6400 0.3671
 6405 0.3533
 6410 0.3376
 6415 0.3235
 6420 0.3077
 6425 0.2932
 6430 0.2797
 6435 0.2670
 6440 0.2558
 6445 0.2443
 6450 0.2341
 6455 0.2245
 6460 0.2156
 6465 0.2071
 6470 0.1991
 6475 0.1911
 6480 0.1833
 6485 0.1739
 6490 0.1653
 6495 0.1552
 6500 0.1427
 6505 0.1320
 6510 0.1181
 6515 0.1019
 6520 0.0860
 6525 0.0660
 6530 0.0471
 6535 0.0250
 6540 0.0001
 6545 -0.0260
 6550 -0.0541
 6555 -0.0817
 6560 -0.1106
 6565 -0.1398
 6570 -0.1672
 6575 -0.1940
 6580 -0.2199
 6585 -0.2418
 6590 -0.2626
 6595 -0.2803
 6600 -0.2970
 6605 -0.3096
 6610 -0.3212
 6615 -0.3303
 6620 -0.3372
 6625 -0.3442
 6630 -0.3492
 6635 -0.3537
 6640 -0.3569
 6645 -0.3588
 6650 -0.3605
 6655 -0.3601
 6660 -0.3575
 6665 -0.3531
 6670 -0.3466
 6675 -0.3394
 6680 -0.3274
 6685 -0.3149
 6690 -0.2995
 6695 -0.2849
 6700 -0.2703
 6705 -0.2582
 6710 -0.2483
 6715 -0.2411
 6720 -0.2394
 6725 -0.2413
 6730 -0.2492
 6735 -0.2628
 6740 -0.2809
 6745 -0.3039
 6750 -0.3299
 6755 -0.3589
 6760 -0.3898
 6765 -0.4210
 6770 -0.4513
 6775 -0.4807
 6780 -0.5066
 6785 -0.5282
 6790 -0.5449
 6795 -0.5563
 6800 -0.5641
 6805 -0.5652
 6810 -0.5638
 6815 -0.5577
 6820 -0.5477
 6825 -0.5358
 6830 -0.5211
 6835 -0.5059
 6840 -0.4889
 6845 -0.4718
 6850 -0.4539
 6855 -0.4357
 6860 -0.4180
 6865 -0.4002
 6870 -0.3843
 6875 -0.3706
 6880 -0.3581
 6885 -0.3475
 6890 -0.3399
 6895 -0.3333
 6900 -0.3295
 6905 -0.3268
 6910 -0.3269
 6915 -0.3290
 6920 -0.3324
 6925 -0.3374
 6930 -0.3432
 6935 -0.3501
 6940 -0.3582
 6945 -0.3659
 6950 -0.3753
 6955 -0.3829
 6960 -0.3922
 6965 -0.3995
 6970 -0.4063
 6975 -0.4125
 6980 -0.4175
 6985 -0.4228
 6990 -0.4273
 6995 -0.4305
 7000 -0.4329
 7005 -0.4368
 7010 -0.4376
 7015 -0.4417
 7020 -0.4447
 7025 -0.4491
 7030 -0.4549
 7035 -0.4620
 7040 -0.4700
 7045 -0.4793
 7050 -0.4918
 7055 -0.5062
 7060 -0.5226
 7065 -0.5422
 7070 -0.5639
 7075 -0.5902
 7080 -0.6181
 7085 -0.6477
 7090 -0.6811
 7095 -0.7145
 7100 -0.7506
 7105 -0.7862
 7110 -0.8204
 7115 -0.8524
 7120 -0.8831
 7125 -0.9084
 7130 -0.9313
 7135 -0.9494
 7140 -0.9643
 7145 -0.9758
 7150 -0.9837
 7155 -0.9885
 7160 -0.9923
 7165 -0.9942
 7170 -0.9960
 7175 -0.9962
 7180 -0.9968
 7185 -0.9963
 7190 -0.9967
 7195 -0.9961
 7200 -0.9959
 7205 -0.9956
 7210 -0.9950
 7215 -0.9937
 7220 -0.9925
 7225 -0.9904
 7230 -0.9871
 7235 -0.9834
 7240 -0.9801
 7245 -0.9779
 7250 -0.9753
 7255 -0.9743
 7260 -0.9740
 7265 -0.9755
 7270 -0.9788
 7275 -0.9842
 7280 -0.9922
 7285 -1.0027
 7290 -1.0155
 7295 -1.0316
 7300 -1.0483
 7305 -1.0688
 7310 -1.0919
 7315 -1.1159
 7320 -1.1422
 7325 -1.1683
 7330 -1.1952
 7335 -1.2235
 7340 -1.2526
 7345 -1.2828
 7350 -1.3135
 7355 -1.3438
 7360 -1.3750
 7365 -1.4055
 7370 -1.4382
 7375 -1.4708
 7380 -1.5045
 7385 -1.5384
 7390 -1.5740
 7395 -1.6100
 7400 -1.6469
 7405 -1.6835
 7410 -1.7203
 7415 -1.7572
 7420 -1.7923
 7425 -1.8276
 7430 -1.8601
 7435 -1.8908
 7440 -1.9198
 7445 -1.9444
 7450 -1.9685
 7455 -1.9875
 7460 -2.0045
 7465 -2.0177
 7470 -2.0271
 7475 -2.0342
 7480 -2.0376
 7485 -2.0400
 7490 -2.0391
 7495 -2.0366
 7500 -2.0322
 7505 -2.0260
 7510 -2.0189
 7515 -2.0098
 7520 -1.9988
 7525 -1.9860
 7530 -1.9720
 7535 -1.9571
 7540 -1.9415
 7545 -1.9258
 7550 -1.9077
 7555 -1.8900
 7560 -1.8701
 7565 -1.8521
 7570 -1.8331
 7575 -1.8141
 7580 -1.7957
 7585 -1.7788
 7590 -1.7629
 7595 -1.7473
 7600 -1.7338
 7605 -1.7202
 7610 -1.7091
 7615 -1.6973
 7620 -1.6862
 7625 -1.6751
 7630 -1.6648
 7635 -1.6528
 7640 -1.6424
 7645 -1.6300
 7650 -1.6180
 7655 -1.6028
 7660 -1.5877
 7665 -1.5714
 7670 -1.5541
 7675 -1.5362
 7680 -1.5173
 7685 -1.4986
 7690 -1.4788
 7695 -1.4600
 7700 -1.4424
 7705 -1.4243
 7710 -1.4091
 7715 -1.3934
 7720 -1.3793
 7725 -1.3653
 7730 -1.3502
 7735 -1.3370
 7740 -1.3225
 7745 -1.3107
 7750 -1.2972
 7755 -1.2844
 7760 -1.2712
 7765 -1.2601
 7770 -1.2488
 7775 -1.2395
 7780 -1.2316
 7785 -1.2232
 7790 -1.2195
 7795 -1.2144
 7800 -1.2137
 7805 -1.2125
 7810 -1.2127
 7815 -1.2147
 7820 -1.2157
 7825 -1.2178
 7830 -1.2187
 7835 -1.2192
 7840 -1.2200
 7845 -1.2177
 7850 -1.2165
 7855 -1.2116
 7860 -1.2071
 7865 -1.1992
 7870 -1.1880
 7875 -1.1747
 7880 -1.1599
 7885 -1.1417
 7890 -1.1222
 7895 -1.1000
 7900 -1.0748
 7905 -1.0484
 7910 -1.0199
 7915 -0.9907
 7920 -0.9605
 7925 -0.9296
 7930 -0.8983
 7935 -0.8673
 7940 -0.8367
 7945 -0.8073
 7950 -0.7779
 7955 -0.7503
 7960 -0.7236
 7965 -0.6984
 7970 -0.6741
 7975 -0.6512
 7980 -0.6288
 7985 -0.6076
 7990 -0.5886
 7995 -0.5703
 8000 -0.5518
 8005 -0.5345
 8010 -0.5173
 8015 -0.4989
 8020 -0.4830
 8025 -0.4653
 8030 -0.4474
 8035 -0.4285
 8040 -0.4098
 8045 -0.3896
 8050 -0.3709
 8055 -0.3516
 8060 -0.3327
 8065 -0.3139
 8070 -0.2938
 8075 -0.2764
 8080 -0.2566
 8085 -0.2376
 8090 -0.2180
 8095 -0.1978
 8100 -0.1774
 8105 -0.1563
 8110 -0.1354
 8115 -0.1141
 8120 -0.0934
 8125 -0.0734
 8130 -0.0544
 8135 -0.0380
 8140 -0.0231
 8145 -0.0106
 8150 0.0002
 8155 0.0081
 8160 0.0146
 8165 0.0192
 8170 0.0238
 8175 0.0277
 8180 0.0324
 8185 0.0369
 8190 0.0432
 8195 0.0506
 8200 0.0603
 8205 0.0703
 8210 0.0835
 8215 0.0973
 8220 0.1126
 8225 0.1296
 8230 0.1470
 8235 0.1656
 8240 0.1853
 8245 0.2051
 8250 0.2258
 8255 0.2469
 8260 0.2701
 8265 0.2914
 8270 0.3157
 8275 0.3391
 8280 0.3638
 8285 0.3885
 8290 0.4134
 8295 0.4380
 8300 0.4622
 8305 0.4874
 8310 0.5104
 8315 0.5328
 8320 0.5528
 8325 0.5728
 8330 0.5894
 8335 0.6048
 8340 0.6184
 8345 0.6292
 8350 0.6383
 8355 0.6439
 8360 0.6465
 8365 0.6478
 8370 0.6453
 8375 0.6406
 8380 0.6324
 8385 0.6224
 8390 0.6098
 8395 0.5936
 8400 0.5757
 8405 0.5538
 8410 0.5294
 8415 0.5038
 8420 0.4761
 8425 0.4476
 8430 0.4165
 8435 0.3867
 8440 0.3568
 8445 0.3277
 8450 0.3013
 8455 0.2756
 8460 0.2529
 8465 0.2328
 8470 0.2161
 8475 0.2025
 8480 0.1924
 8485 0.1846
 8490 0.1796
 8495 0.1780
 8500 0.1776
 8505 0.1786
 8510 0.1814
 8515 0.1855
 8520 0.1910
 8525 0.1968
 8530 0.2040
 8535 0.2120
 8540 0.2191
 8545 0.2278
 8550 0.2353
 8555 0.2442
 8560 0.2530
 8565 0.2623
 8570 0.2715
 8575 0.2827
 8580 0.2933
 8585 0.3059
 8590 0.3186
 8595 0.3331
 8600 0.3473
 8605 0.3622
 8610 0.3787
 8615 0.3933
 8620 0.4095
 8625 0.4247
 8630 0.4395
 8635 0.4555
 8640 0.4691
 8645 0.4844
 8650 0.4975
 8655 0.5107
 8660 0.5243
 8665 0.5357
 8670 0.5484
 8675 0.5598
 8680 0.5706
 8685 0.5811
 8690 0.5915
 8695 0.6015
 8700 0.6112
 8705 0.6188
 8710 0.6273
 8715 0.6328
 8720 0.6408
 8725 0.6478
 8730 0.6548
 8735 0.6630
 8740 0.6707
 8745 0.6807
 8750 0.6914
 8755 0.7030
 8760 0.7172
 8765 0.7293
 8770 0.7435
 8775 0.7579
 8780 0.7722
 8785 0.7876
 8790 0.8024
 8795 0.8177
 8800 0.8329
 8805 0.8464
 8810 0.8613
 8815 0.8744
 8820 0.8877
 8825 0.9003
 8830 0.9107
 8835 0.9223
 8840 0.9315
 8845 0.9409
 8850 0.9491
 8855 0.9566
 8860 0.9629
 8865 0.9662
 8870 0.9679
 8875 0.9669
 8880 0.9636
 8885 0.9598
 8890 0.9525
 8895 0.9446
 8900 0.9343
 8905 0.9228
 8910 0.9102
 8915 0.8971
 8920 0.8835
 8925 0.8694
 8930 0.8559
 8935 0.8421
 8940 0.8289
 8945 0.8157
 8950 0.8037
 8955 0.7908
 8960 0.7796
 8965 0.7681
 8970 0.7560
 8975 0.7438
 8980 0.7315
 8985 0.7196
 8990 0.7059
 8995 0.6936
 9000 0.6801
 9005 0.6661
 9010 0.6519
 9015 0.6346
 9020 0.6187
 9025 0.5994
 9030 0.5800
 9035 0.5594
 9040 0.5382
 9045 0.5177
 9050 0.4971
 9055 0.4787
 9060 0.4609
 9065 0.4471
 9070 0.4351
 9075 0.4286
 9080 0.4237
 9085 0.4221
 9090 0.4250
 9095 0.4290
 9100 0.4378
 9105 0.4454
 9110 0.4547
 9115 0.4631
 9120 0.4693
 9125 0.4742
 9130 0.4766
 9135 0.4753
 9140 0.4706
 9145 0.4630
 9150 0.4528
 9155 0.4407
 9160 0.4282
 9165 0.4158
 9170 0.4037
 9175 0.3930
 9180 0.3855
 9185 0.3802
 9190 0.3796
 9195 0.3819
 9200 0.3891
 9205 0.3994
 9210 0.4117
 9215 0.4271
 9220 0.4421
 9225 0.4575
 9230 0.4718
 9235 0.4831
 9240 0.4928
 9245 0.4976
 9250 0.4987
 9255 0.4955
 9260 0.4884
 9265 0.4776
 9270 0.4644
 9275 0.4484
 9280 0.4296
 9285 0.4092
 9290 0.3868
 9295 0.3644
 9300 0.3415
 9305 0.3205
 9310 0.3002
 9315 0.2822
 9320 0.2658
 9325 0.2509
 9330 0.2392
 9335 0.2285
 9340 0.2220
 9345 0.2179
 9350 0.2167
 9355 0.2173
 9360 0.2191
 9365 0.2234
 9370 0.2279
 9375 0.2349
 9380 0.2411
 9385 0.2488
 9390 0.2558
 9395 0.2627
 9400 0.2709
 9405 0.2775
 9410 0.2858
 9415 0.2960
 9420 0.3061
 9425 0.3184
 9430 0.3310
 9435 0.3443
 9440 0.3585
 9445 0.3734
 9450 0.3887
 9455 0.4059
 9460 0.4228
 9465 0.4406
 9470 0.4585
 9475 0.4763
 9480 0.4939
 9485 0.5116
 9490 0.5305
 9495 0.5493
 9500 0.5683
 9505 0.5882
 9510 0.6078
 9515 0.6298
 9520 0.6501
 9525 0.6722
 9530 0.6926
 9535 0.7130
 9540 0.7330
 9545 0.7508
 9550 0.7662
 9555 0.7800
 9560 0.7902
 9565 0.7988
 9570 0.8048
 9575 0.8062
 9580 0.8053
 9585 0.7994
 9590 0.7919
 9595 0.7797
 9600 0.7657
 9605 0.7487
 9610 0.7307
 9615 0.7128
 9620 0.6945
 9625 0.6758
 9630 0.6595
 9635 0.6423
 9640 0.6298
 9645 0.6164
 9650 0.6071
 9655 0.5987
 9660 0.5918
 9665 0.5884
 9670 0.5861
 9675 0.5841
 9680 0.5829
 9685 0.5815
 9690 0.5795
 9695 0.5779
 9700 0.5749
 9705 0.5723
 9710 0.5668
 9715 0.5612
 9720 0.5535
 9725 0.5454
 9730 0.5359
 9735 0.5251
 9740 0.5127
 9745 0.4998
 9750 0.4846
 9755 0.4686
 9760 0.4480
 9765 0.4269
 9770 0.4012
 9775 0.3738
 9780 0.3429
 9785 0.3087
 9790 0.2723
 9795 0.2355
 9800 0.1985
 9805 0.1628
 9810 0.1309
 9815 0.1012
 9820 0.0767
 9825 0.0561
 9830 0.0406
 9835 0.0293
 9840 0.0208
 9845 0.0151
 9850 0.0096
 9855 0.0045
 9860 -0.0018
 9865 -0.0134
 9870 -0.0272
 9875 -0.0473
 9880 -0.0705
 9885 -0.0993
 9890 -0.1305
 9895 -0.1647
 9900 -0.2003
 9905 -0.2358
 9910 -0.2725
 9915 -0.3066
 9920 -0.3401
 9925 -0.3698
 9930 -0.3987
 9935 -0.4241
 9940 -0.4466
 9945 -0.4659
 9950 -0.4832
 9955 -0.4980
 9960 -0.5104
 9965 -0.5208
 9970 -0.5296
 9975 -0.5367
 9980 -0.5435
 9985 -0.5489
 9990 -0.5525
 9995 -0.5576
10000 -0.5612
10005 -0.5653
10010 -0.5707
10015 -0.5758
10020 -0.5830
10025 -0.5912
10030 -0.6012
10035 -0.6123
10040 -0.6243
10045 -0.6377
10050 -0.6517
10055 -0.6662
10060 -0.6818
10065 -0.6968
10070 -0.7121
10075 -0.7275
10080 -0.7414
10085 -0.7549
10090 -0.7661
10095 -0.7773
10100 -0.7866
10105 -0.7932
10110 -0.8001
10115 -0.8029
10120 -0.8055
10125 -0.8064
10130 -0.8051
10135 -0.8045
10140 -0.7983
10145 -0.7938
10150 -0.7838
10155 -0.7724
10160 -0.7575
10165 -0.7393
10170 -0.7178
10175 -0.6932
10180 -0.6647
10185 -0.6350
10190 -0.6008
10195 -0.5667
10200 -0.5307
10205 -0.4944
10210 -0.4593
10215 -0.4250
10220 -0.3929
10225 -0.3633
10230 -0.3364
10235 -0.3133
10240 -0.2923
10245 -0.2749
10250 -0.2603
10255 -0.2460
10260 -0.2348
10265 -0.2235
10270 -0.2156
10275 -0.2078
10280 -0.2008
10285 -0.1946
10290 -0.1876
10295 -0.1813
10300 -0.1749
10305 -0.1671
10310 -0.1602
10315 -0.1532
10320 -0.1461
10325 -0.1394
10330 -0.1319
10335 -0.1250
10340 -0.1173
10345 -0.1094
10350 -0.1027
10355 -0.0935
10360 -0.0866
10365 -0.0770
10370 -0.0682
10375 -0.0586
10380 -0.0500
10385 -0.0418
10390 -0.0337
10395 -0.0277
10400 -0.0224
10405 -0.0176
10410 -0.0149
10415 -0.0125
10420 -0.0121
10425 -0.0125
10430 -0.0148
10435 -0.0155
10440 -0.0175
10445 -0.0186
10450 -0.0200
10455 -0.0201
10460 -0.0196
10465 -0.0191
10470 -0.0183
10475 -0.0177
10480 -0.0174
10485 -0.0186
10490 -0.0205
10495 -0.0250
10500 -0.0298
10505 -0.0357
10510 -0.0445
10515 -0.0526
10520 -0.0632
10525 -0.0737
10530 -0.0850
10535 -0.0980
10540 -0.1103
10545 -0.1244
10550 -0.1373
10555 -0.1507
10560 -0.1650
10565 -0.1779
10570 -0.1902
10575 -0.2012
10580 -0.2117
10585 -0.2210
10590 -0.2288
10595 -0.2343
10600 -0.2380
10605 -0.2393
10610 -0.2401
10615 -0.2374
10620 -0.2348
10625 -0.2301
10630 -0.2245
10635 -0.2195
10640 -0.2143
10645 -0.2096
10650 -0.2066
10655 -0.2035
10660 -0.2033
10665 -0.2018
10670 -0.2036
10675 -0.2044
10680 -0.2054
10685 -0.2074
10690 -0.2079
10695 -0.2090
10700 -0.2072
10705 -0.2048
10710 -0.2012
10715 -0.1954
10720 -0.1895
10725 -0.1824
10730 -0.1733
10735 -0.1660
10740 -0.1580
10745 -0.1510
10750 -0.1457
10755 -0.1410
10760 -0.1393
10765 -0.1400
10770 -0.1423
10775 -0.1480
10780 -0.1544
10785 -0.1644
10790 -0.1753
10795 -0.1883
10800 -0.2032
10805 -0.2183
10810 -0.2334
10815 -0.2499
10820 -0.2650
10825 -0.2811
10830 -0.2951
10835 -0.3092
10840 -0.3213
10845 -0.3319
10850 -0.3428
10855 -0.3509
10860 -0.3595
10865 -0.3665
10870 -0.3731
10875 -0.3784
10880 -0.3835
10885 -0.3882
10890 -0.3925
10895 -0.3962
10900 -0.4004
10905 -0.4045
10910 -0.4081
10915 -0.4122
10920 -0.4139
10925 -0.4180
10930 -0.4216
10935 -0.4253
10940 -0.4302
10945 -0.4359
10950 -0.4430
10955 -0.4516
10960 -0.4610
10965 -0.4722
10970 -0.4843
10975 -0.4989
10980 -0.5130
10985 -0.5281
10990 -0.5424
10995 -0.5567
11000 -0.5695
11005 -0.5821
11010 -0.5932
11015 -0.6024
11020 -0.6111
11025 -0.6172
11030 -0.6226
11035 -0.6249
11040 -0.6285
11045 -0.6289
11050 -0.6313
11055 -0.6319
11060 -0.6332
11065 -0.6340
11070 -0.6350
11075 -0.6368
11080 -0.6374
11085 -0.6382
11090 -0.6387
11095 -0.6373
11100 -0.6354
11105 -0.6306
11110 -0.6263
11115 -0.6190
11120 -0.6110
11125 -0.6008
11130 -0.5909
11135 -0.5794
11140 -0.5678
11145 -0.5569
11150 -0.5455
11155 -0.5364
11160 -0.5267
11165 -0.5190
11170 -0.5109
11175 -0.5048
11180 -0.4994
11185 -0.4950
11190 -0.4919
11195 -0.4904
11200 -0.4899
11205 -0.4894
11210 -0.4898
11215 -0.4892
11220 -0.4917
11225 -0.4926
11230 -0.4948
11235 -0.4969
11240 -0.4976
11245 -0.4980
11250 -0.4953
11255 -0.4924
11260 -0.4861
11265 -0.4779
11270 -0.4674
11275 -0.4532
11280 -0.4376
11285 -0.4186
11290 -0.3998
11295 -0.3796
11300 -0.3599
11305 -0.3395
11310 -0.3214
11315 -0.3053
11320 -0.2915
11325 -0.2820
11330 -0.2738
11335 -0.2721
11340 -0.2727
11345 -0.2779
11350 -0.2865
11355 -0.2981
11360 -0.3138
11365 -0.3308
11370 -0.3496
11375 -0.3701
11380 -0.3910
11385 -0.4125
11390 -0.4339
11395 -0.4554
11400 -0.4736
11405 -0.4925
11410 -0.5078
11415 -0.5214
11420 -0.5324
11425 -0.5402
11430 -0.5455
11435 -0.5477
11440 -0.5467
11445 -0.5429
11450 -0.5361
11455 -0.5266
11460 -0.5154
11465 -0.5018
11470 -0.4883
11475 -0.4742
11480 -0.4607
11485 -0.4479
11490 -0.4377
11495 -0.4295
11500 -0.4244
11505 -0.4217
11510 -0.4224
11515 -0.4263
11520 -0.4333
11525 -0.4431
11530 -0.4550
11535 -0.4679
11540 -0.4823
11545 -0.4963
11550 -0.5116
11555 -0.5268
11560 -0.5415
11565 -0.5563
11570 -0.5705
11575 -0.5855
11580 -0.6001
11585 -0.6142
11590 -0.6301
11595 -0.6458
11600 -0.6622
11605 -0.6806
11610 -0.6972
11615 -0.7168
11620 -0.7353
11625 -0.7556
11630 -0.7732
11635 -0.7914
