    0 0.0230
    5 0.0240
   10 0.0230
   15 0.0230
   20 0.0210
   25 0.0210
   30 0.0200
   35 0.0190
   40 0.0190
   45 0.0180
   50 0.0170
   55 0.0160
   60 0.0160
   65 0.0160
   70 0.0150
   75 0.0160
   80 0.0150
   85 0.0150
   90 0.0160
   95 0.0160
  100 0.0160
  105 0.0170
  110 0.0180
  115 0.0180
  120 0.0190
  125 0.0200
  130 0.0210
  135 0.0220
  140 0.0220
  145 0.0230
  150 0.0240
  155 0.0240
  160 0.0240
  165 0.0240
  170 0.0240
  175 0.0240
  180 0.0240
  185 0.0230
  190 0.0230
  195 0.0230
  200 0.0230
  205 0.0230
  210 0.0230
  215 0.0240
  220 0.0240
  225 0.0240
  230 0.0240
  235 0.0240
  240 0.0250
  245 0.0250
  250 0.0250
  255 0.0250
  260 0.0250
  265 0.0250
  270 0.0240
  275 0.0240
  280 0.0240
  285 0.0240
  290 0.0240
  295 0.0240
  300 0.0240
  305 0.0240
  310 0.0240
  315 0.0250
  320 0.0240
  325 0.0240
  330 0.0250
  335 0.0240
  340 0.0240
  345 0.0250
  350 0.0240
  355 0.0250
  360 0.0250
  365 0.0250
  370 0.0260
  375 0.0260
  380 0.0270
  385 0.0280
  390 0.0280
  395 0.0290
  400 0.0310
  405 0.0320
  410 0.0330
  415 0.0340
  420 0.0360
  425 0.0370
  430 0.0380
  435 0.0390
  440 0.0400
  445 0.0400
  450 0.0410
  455 0.0420
  460 0.0420
  465 0.0420
  470 0.0410
  475 0.0410
  480 0.0400
  485 0.0390
  490 0.0380
  495 0.0360
  500 0.0350
  505 0.0340
  510 0.0330
  515 0.0320
  520 0.0310
  525 0.0310
  530 0.0300
  535 0.0300
  540 0.0300
  545 0.0300
  550 0.0290
  555 0.0290
  560 0.0290
  565 0.0290
  570 0.0280
  575 0.0280
  580 0.0270
  585 0.0260
  590 0.0260
  595 0.0260
  600 0.0260
  605 0.0260
  610 0.0260
  615 0.0260
  620 0.0260
  625 0.0260
  630 0.0260
  635 0.0260
  640 0.0260
  645 0.0260
  650 0.0260
  655 0.0250
  660 0.0250
  665 0.0250
  670 0.0240
  675 0.0240
  680 0.0240
  685 0.0240
  690 0.0240
  695 0.0230
  700 0.0230
  705 0.0230
  710 0.0230
  715 0.0230
  720 0.0230
  725 0.0230
  730 0.0230
  735 0.0230
  740 0.0230
  745 0.0230
  750 0.0230
  755 0.0230
  760 0.0230
  765 0.0240
  770 0.0240
  775 0.0240
  780 0.0240
  785 0.0250
  790 0.0250
  795 0.0250
  800 0.0250
  805 0.0260
  810 0.0260
  815 0.0270
  820 0.0260
  825 0.0270
  830 0.0260
  835 0.0270
  840 0.0260
  845 0.0250
  850 0.0250
  855 0.0250
  860 0.0250
  865 0.0240
  870 0.0230
  875 0.0230
  880 0.0220
  885 0.0210
  890 0.0200
  895 0.0180
  900 0.0170
  905 0.0160
  910 0.0150
  915 0.0130
  920 0.0120
  925 0.0100
  930 0.0100
  935 0.0080
  940 0.0080
  945 0.0080
  950 0.0070
  955 0.0070
  960 0.0080
  965 0.0090
  970 0.0090
  975 0.0100
  980 0.0100
  985 0.0100
  990 0.0110
  995 0.0110
 1000 0.0110
 1005 0.0110
 1010 0.0120
 1015 0.0110
 1020 0.0110
 1025 0.0110
 1030 0.0100
 1035 0.0100
 1040 0.0100
 1045 0.0090
 1050 0.0090
 1055 0.0090
 1060 0.0090
 1065 0.0080
 1070 0.0080
 1075 0.0080
 1080 0.0080
 1085 0.0090
 1090 0.0100
 1095 0.0100
 1100 0.0120
 1105 0.0130
 1110 0.0140
 1115 0.0150
 1120 0.0160
 1125 0.0170
 1130 0.0180
 1135 0.0190
 1140 0.0190
 1145 0.0200
 1150 0.0200
 1155 0.0210
 1160 0.0220
 1165 0.0210
 1170 0.0220
 1175 0.0220
 1180 0.0220
 1185 0.0210
 1190 0.0210
 1195 0.0200
 1200 0.0200
 1205 0.0190
 1210 0.0180
 1215 0.0170
 1220 0.0160
 1225 0.0150
 1230 0.0140
 1235 0.0140
 1240 0.0130
 1245 0.0130
 1250 0.0130
 1255 0.0120
 1260 0.0120
 1265 0.0120
 1270 0.0120
 1275 0.0120
 1280 0.0110
 1285 0.0110
 1290 0.0110
 1295 0.0110
 1300 0.0100
 1305 0.0100
 1310 0.0090
 1315 0.0090
 1320 0.0080
 1325 0.0080
 1330 0.0070
 1335 0.0060
 1340 0.0060
 1345 0.0060
 1350 0.0050
 1355 0.0050
 1360 0.0040
 1365 0.0050
 1370 0.0050
 1375 0.0040
 1380 0.0040
 1385 0.0040
 1390 0.0040
 1395 0.0040
 1400 0.0040
 1405 0.0040
 1410 0.0040
 1415 0.0040
 1420 0.0040
 1425 0.0040
 1430 0.0050
 1435 0.0040
 1440 0.0050
 1445 0.0050
 1450 0.0060
 1455 0.0060
 1460 0.0060
 1465 0.0070
 1470 0.0070
 1475 0.0070
 1480 0.0080
 1485 0.0080
 1490 0.0090
 1495 0.0090
 1500 0.0090
 1505 0.0100
 1510 0.0090
 1515 0.0090
 1520 0.0100
 1525 0.0100
 1530 0.0100
 1535 0.0100
 1540 0.0100
 1545 0.0100
 1550 0.0110
 1555 0.0100
 1560 0.0100
 1565 0.0100
 1570 0.0100
 1575 0.0100
 1580 0.0090
 1585 0.0090
 1590 0.0090
 1595 0.0090
 1600 0.0080
 1605 0.0080
 1610 0.0090
 1615 0.0090
 1620 0.0090
 1625 0.0100
 1630 0.0100
 1635 0.0110
 1640 0.0120
 1645 0.0120
 1650 0.0130
 1655 0.0130
 1660 0.0140
 1665 0.0140
 1670 0.0140
 1675 0.0140
 1680 0.0140
 1685 0.0140
 1690 0.0150
 1695 0.0150
 1700 0.0150
 1705 0.0150
 1710 0.0150
 1715 0.0160
 1720 0.0150
 1725 0.0150
 1730 0.0150
 1735 0.0150
 1740 0.0140
 1745 0.0140
 1750 0.0140
 1755 0.0130
 1760 0.0130
 1765 0.0130
 1770 0.0130
 1775 0.0130
 1780 0.0130
 1785 0.0130
 1790 0.0130
 1795 0.0140
 1800 0.0140
 1805 0.0150
 1810 0.0150
 1815 0.0150
 1820 0.0150
 1825 0.0150
 1830 0.0150
 1835 0.0140
 1840 0.0140
 1845 0.0130
 1850 0.0120
 1855 0.0110
 1860 0.0110
 1865 0.0090
 1870 0.0080
 1875 0.0070
 1880 0.0060
 1885 0.0060
 1890 0.0060
 1895 0.0050
 1900 0.0050
 1905 0.0060
 1910 0.0070
 1915 0.0070
 1920 0.0080
 1925 0.0100
 1930 0.0100
 1935 0.0120
 1940 0.0120
 1945 0.0130
 1950 0.0140
 1955 0.0150
 1960 0.0150
 1965 0.0150
 1970 0.0150
 1975 0.0150
 1980 0.0140
 1985 0.0130
 1990 0.0120
 1995 0.0120
 2000 0.0100
 2005 0.0100
 2010 0.0090
 2015 0.0080
 2020 0.0080
 2025 0.0080
 2030 0.0080
 2035 0.0080
 2040 0.0090
 2045 0.0090
 2050 0.0100
 2055 0.0120
 2060 0.0130
 2065 0.0140
 2070 0.0160
 2075 0.0170
 2080 0.0180
 2085 0.0180
 2090 0.0190
 2095 0.0190
 2100 0.0200
 2105 0.0200
 2110 0.0200
 2115 0.0200
 2120 0.0200
 2125 0.0190
 2130 0.0190
 2135 0.0190
 2140 0.0190
 2145 0.0200
 2150 0.0200
 2155 0.0200
 2160 0.0210
 2165 0.0220
 2170 0.0220
 2175 0.0220
 2180 0.0230
 2185 0.0230
 2190 0.0230
 2195 0.0230
 2200 0.0230
 2205 0.0230
 2210 0.0220
 2215 0.0220
 2220 0.0210
 2225 0.0210
 2230 0.0210
 2235 0.0200
 2240 0.0200
 2245 0.0200
 2250 0.0200
 2255 0.0200
 2260 0.0210
 2265 0.0200
 2270 0.0200
 2275 0.0200
 2280 0.0200
 2285 0.0210
 2290 0.0210
 2295 0.0210
 2300 0.0210
 2305 0.0210
 2310 0.0210
 2315 0.0200
 2320 0.0200
 2325 0.0190
 2330 0.0180
 2335 0.0170
 2340 0.0160
 2345 0.0150
 2350 0.0150
 2355 0.0140
 2360 0.0140
 2365 0.0140
 2370 0.0130
 2375 0.0140
 2380 0.0140
 2385 0.0150
 2390 0.0160
 2395 0.0160
 2400 0.0180
 2405 0.0190
 2410 0.0200
 2415 0.0210
 2420 0.0210
 2425 0.0220
 2430 0.0220
 2435 0.0230
 2440 0.0220
 2445 0.0220
 2450 0.0210
 2455 0.0200
 2460 0.0190
 2465 0.0170
 2470 0.0160
 2475 0.0150
 2480 0.0130
 2485 0.0110
 2490 0.0110
 2495 0.0100
 2500 0.0100
 2505 0.0090
 2510 0.0090
 2515 0.0100
 2520 0.0100
 2525 0.0100
 2530 0.0100
 2535 0.0110
 2540 0.0110
 2545 0.0120
 2550 0.0110
 2555 0.0120
 2560 0.0120
 2565 0.0130
 2570 0.0140
 2575 0.0150
 2580 0.0170
 2585 0.0180
 2590 0.0200
 2595 0.0220
 2600 0.0230
 2605 0.0250
 2610 0.0260
 2615 0.0280
 2620 0.0280
 2625 0.0280
 2630 0.0280
 2635 0.0260
 2640 0.0250
 2645 0.0220
 2650 0.0210
 2655 0.0180
 2660 0.0160
 2665 0.0140
 2670 0.0120
 2675 0.0110
 2680 0.0090
 2685 0.0080
 2690 0.0080
 2695 0.0070
 2700 0.0070
 2705 0.0080
 2710 0.0080
 2715 0.0080
 2720 0.0090
 2725 0.0100
 2730 0.0100
 2735 0.0100
 2740 0.0110
 2745 0.0100
 2750 0.0100
 2755 0.0100
 2760 0.0100
 2765 0.0090
 2770 0.0080
 2775 0.0080
 2780 0.0080
 2785 0.0070
 2790 0.0070
 2795 0.0060
 2800 0.0060
 2805 0.0060
 2810 0.0060
 2815 0.0050
 2820 0.0050
 2825 0.0050
 2830 0.0060
 2835 0.0060
 2840 0.0060
 2845 0.0060
 2850 0.0070
 2855 0.0080
 2860 0.0090
 2865 0.0100
 2870 0.0110
 2875 0.0130
 2880 0.0140
 2885 0.0150
 2890 0.0170
 2895 0.0170
 2900 0.0180
 2905 0.0180
 2910 0.0180
 2915 0.0170
 2920 0.0170
 2925 0.0160
 2930 0.0140
 2935 0.0130
 2940 0.0120
 2945 0.0110
 2950 0.0090
 2955 0.0090
 2960 0.0080
 2965 0.0070
 2970 0.0070
 2975 0.0060
 2980 0.0050
 2985 0.0050
 2990 0.0040
 2995 0.0040
 3000 0.0030
 3005 0.0030
 3010 0.0030
 3015 0.0030
 3020 0.0040
 3025 0.0040
 3030 0.0050
 3035 0.0060
 3040 0.0070
 3045 0.0080
 3050 0.0090
 3055 0.0110
 3060 0.0110
 3065 0.0130
 3070 0.0130
 3075 0.0130
 3080 0.0140
 3085 0.0140
 3090 0.0130
 3095 0.0130
 3100 0.0120
 3105 0.0110
 3110 0.0110
 3115 0.0100
 3120 0.0090
 3125 0.0080
 3130 0.0080
 3135 0.0080
 3140 0.0070
 3145 0.0080
 3150 0.0080
 3155 0.0080
 3160 0.0090
 3165 0.0100
 3170 0.0100
 3175 0.0100
 3180 0.0100
 3185 0.0100
 3190 0.0110
 3195 0.0100
 3200 0.0100
 3205 0.0090
 3210 0.0090
 3215 0.0080
 3220 0.0080
 3225 0.0070
 3230 0.0070
 3235 0.0070
 3240 0.0060
 3245 0.0070
 3250 0.0070
 3255 0.0070
 3260 0.0070
 3265 0.0070
 3270 0.0080
 3275 0.0080
 3280 0.0080
 3285 0.0080
 3290 0.0090
 3295 0.0080
 3300 0.0080
 3305 0.0080
 3310 0.0090
 3315 0.0090
 3320 0.0090
 3325 0.0100
 3330 0.0100
 3335 0.0100
 3340 0.0110
 3345 0.0110
 3350 0.0120
 3355 0.0120
 3360 0.0120
 3365 0.0120
 3370 0.0120
 3375 0.0120
 3380 0.0120
 3385 0.0110
 3390 0.0100
 3395 0.0090
 3400 0.0090
 3405 0.0080
 3410 0.0070
 3415 0.0060
 3420 0.0050
 3425 0.0050
 3430 0.0050
 3435 0.0040
 3440 0.0040
 3445 0.0040
 3450 0.0040
 3455 0.0050
 3460 0.0040
 3465 0.0050
 3470 0.0050
 3475 0.0060
 3480 0.0060
 3485 0.0060
 3490 0.0070
 3495 0.0070
 3500 0.0070
 3505 0.0070
 3510 0.0070
 3515 0.0080
 3520 0.0080
 3525 0.0080
 3530 0.0080
 3535 0.0080
 3540 0.0070
 3545 0.0070
 3550 0.0060
 3555 0.0060
 3560 0.0050
 3565 0.0040
 3570 0.0030
 3575 0.0020
 3580 0.0010
 3585 -0.0010
 3590 -0.0020
 3595 -0.0030
 3600 -0.0040
 3605 -0.0050
 3610 -0.0050
 3615 -0.0060
 3620 -0.0060
 3625 -0.0060
 3630 -0.0060
 3635 -0.0050
 3640 -0.0050
 3645 -0.0040
 3650 -0.0030
 3655 -0.0030
 3660 -0.0020
 3665 -0.0020
 3670 -0.0010
 3675 0.0000
 3680 0.0000
 3685 0.0000
 3690 0.0010
 3695 0.0010
 3700 0.0020
 3705 0.0020
 3710 0.0020
 3715 0.0020
 3720 0.0030
 3725 0.0030
 3730 0.0030
 3735 0.0030
 3740 0.0040
 3745 0.0040
 3750 0.0040
 3755 0.0050
 3760 0.0050
 3765 0.0060
 3770 0.0060
 3775 0.0070
 3780 0.0070
 3785 0.0080
 3790 0.0090
 3795 0.0090
 3800 0.0100
 3805 0.0100
 3810 0.0100
 3815 0.0100
 3820 0.0100
 3825 0.0090
 3830 0.0090
 3835 0.0080
 3840 0.0070
 3845 0.0060
 3850 0.0040
 3855 0.0020
 3860 0.0020
 3865 -0.0010
 3870 -0.0020
 3875 -0.0030
 3880 -0.0050
 3885 -0.0060
 3890 -0.0080
 3895 -0.0090
 3900 -0.0090
 3905 -0.0100
 3910 -0.0100
 3915 -0.0100
 3920 -0.0100
 3925 -0.0090
 3930 -0.0090
 3935 -0.0080
 3940 -0.0060
 3945 -0.0050
 3950 -0.0040
 3955 -0.0020
 3960 -0.0010
 3965 0.0010
 3970 0.0030
 3975 0.0040
 3980 0.0050
 3985 0.0070
 3990 0.0080
 3995 0.0080
 4000 0.0090
 4005 0.0100
 4010 0.0100
 4015 0.0100
 4020 0.0110
 4025 0.0100
 4030 0.0100
 4035 0.0090
 4040 0.0090
 4045 0.0090
 4050 0.0080
 4055 0.0070
 4060 0.0070
 4065 0.0060
 4070 0.0050
 4075 0.0050
 4080 0.0050
 4085 0.0040
 4090 0.0040
 4095 0.0050
 4100 0.0050
 4105 0.0060
 4110 0.0070
 4115 0.0090
 4120 0.0110
 4125 0.0140
 4130 0.0160
 4135 0.0190
 4140 0.0210
 4145 0.0240
 4150 0.0260
 4155 0.0300
 4160 0.0310
 4165 0.0320
 4170 0.0340
 4175 0.0340
 4180 0.0350
 4185 0.0350
 4190 0.0350
 4195 0.0340
 4200 0.0330
 4205 0.0320
 4210 0.0300
 4215 0.0290
 4220 0.0290
 4225 0.0270
 4230 0.0260
 4235 0.0250
 4240 0.0240
 4245 0.0230
 4250 0.0230
 4255 0.0220
 4260 0.0220
 4265 0.0220
 4270 0.0210
 4275 0.0210
 4280 0.0210
 4285 0.0210
 4290 0.0200
 4295 0.0200
 4300 0.0190
 4305 0.0190
 4310 0.0180
 4315 0.0170
 4320 0.0160
 4325 0.0150
 4330 0.0140
 4335 0.0130
 4340 0.0120
 4345 0.0110
 4350 0.0100
 4355 0.0090
 4360 0.0090
 4365 0.0090
 4370 0.0080
 4375 0.0090
 4380 0.0090
 4385 0.0080
 4390 0.0090
 4395 0.0090
 4400 0.0090
 4405 0.0090
 4410 0.0100
 4415 0.0100
 4420 0.0110
 4425 0.0110
 4430 0.0130
 4435 0.0140
 4440 0.0140
 4445 0.0160
 4450 0.0170
 4455 0.0190
 4460 0.0200
 4465 0.0210
 4470 0.0220
 4475 0.0230
 4480 0.0230
 4485 0.0240
 4490 0.0240
 4495 0.0230
 4500 0.0230
 4505 0.0220
 4510 0.0210
 4515 0.0210
 4520 0.0200
 4525 0.0190
 4530 0.0180
 4535 0.0170
 4540 0.0160
 4545 0.0150
 4550 0.0150
 4555 0.0150
 4560 0.0150
 4565 0.0140
 4570 0.0150
 4575 0.0150
 4580 0.0150
 4585 0.0150
 4590 0.0150
 4595 0.0150
 4600 0.0160
 4605 0.0150
 4610 0.0140
 4615 0.0140
 4620 0.0130
 4625 0.0120
 4630 0.0100
 4635 0.0090
 4640 0.0080
 4645 0.0080
 4650 0.0070
 4655 0.0070
 4660 0.0060
 4665 0.0060
 4670 0.0060
 4675 0.0060
 4680 0.0070
 4685 0.0070
 4690 0.0070
 4695 0.0070
 4700 0.0080
 4705 0.0070
 4710 0.0080
 4715 0.0070
 4720 0.0070
 4725 0.0070
 4730 0.0070
 4735 0.0070
 4740 0.0070
 4745 0.0070
 4750 0.0070
 4755 0.0080
 4760 0.0070
 4765 0.0080
 4770 0.0090
 4775 0.0090
 4780 0.0090
 4785 0.0090
 4790 0.0100
 4795 0.0100
 4800 0.0100
 4805 0.0100
 4810 0.0090
 4815 0.0090
 4820 0.0090
 4825 0.0090
 4830 0.0080
 4835 0.0090
 4840 0.0080
 4845 0.0080
 4850 0.0090
 4855 0.0080
 4860 0.0080
 4865 0.0070
 4870 0.0070
 4875 0.0070
 4880 0.0060
 4885 0.0060
 4890 0.0050
 4895 0.0050
 4900 0.0040
 4905 0.0030
 4910 0.0030
 4915 0.0020
 4920 0.0020
 4925 0.0010
 4930 0.0000
 4935 0.0000
 4940 0.0000
 4945 -0.0010
 4950 -0.0010
 4955 -0.0020
 4960 -0.0010
 4965 -0.0020
 4970 -0.0020
 4975 -0.0020
 4980 -0.0020
 4985 -0.0010
 4990 -0.0020
 4995 -0.0020
 5000 -0.0020
 5005 -0.0030
 5010 -0.0020
 5015 -0.0030
 5020 -0.0030
 5025 -0.0030
 5030 -0.0030
 5035 -0.0030
 5040 -0.0030
 5045 -0.0030
 5050 -0.0030
 5055 -0.0030
 5060 -0.0030
 5065 -0.0030
 5070 -0.0030
 5075 -0.0030
 5080 -0.0040
 5085 -0.0040
 5090 -0.0040
 5095 -0.0040
 5100 -0.0050
 5105 -0.0050
 5110 -0.0050
 5115 -0.0060
 5120 -0.0060
 5125 -0.0060
 5130 -0.0070
 5135 -0.0060
 5140 -0.0070
 5145 -0.0070
 5150 -0.0070
 5155 -0.0070
 5160 -0.0080
 5165 -0.0070
 5170 -0.0070
 5175 -0.0070
 5180 -0.0070
 5185 -0.0070
 5190 -0.0070
 5195 -0.0070
 5200 -0.0070
 5205 -0.0070
 5210 -0.0070
 5215 -0.0060
 5220 -0.0060
 5225 -0.0050
 5230 -0.0040
 5235 -0.0030
 5240 -0.0020
 5245 0.0000
 5250 0.0020
 5255 0.0040
 5260 0.0060
 5265 0.0080
 5270 0.0090
 5275 0.0110
 5280 0.0110
 5285 0.0120
 5290 0.0120
 5295 0.0120
 5300 0.0110
 5305 0.0110
 5310 0.0100
 5315 0.0090
 5320 0.0080
 5325 0.0080
 5330 0.0080
 5335 0.0080
 5340 0.0080
 5345 0.0080
 5350 0.0090
 5355 0.0100
 5360 0.0120
 5365 0.0120
 5370 0.0130
 5375 0.0140
 5380 0.0140
 5385 0.0140
 5390 0.0140
 5395 0.0140
 5400 0.0130
 5405 0.0120
 5410 0.0110
 5415 0.0110
 5420 0.0100
 5425 0.0090
 5430 0.0090
 5435 0.0090
 5440 0.0090
 5445 0.0100
 5450 0.0100
 5455 0.0120
 5460 0.0130
 5465 0.0130
 5470 0.0150
 5475 0.0160
 5480 0.0160
 5485 0.0180
 5490 0.0180
 5495 0.0190
 5500 0.0200
 5505 0.0200
 5510 0.0210
 5515 0.0210
 5520 0.0220
 5525 0.0220
 5530 0.0220
 5535 0.0220
 5540 0.0230
 5545 0.0220
 5550 0.0220
 5555 0.0220
 5560 0.0210
 5565 0.0210
 5570 0.0200
 5575 0.0190
 5580 0.0170
 5585 0.0170
 5590 0.0150
 5595 0.0130
 5600 0.0130
 5605 0.0110
 5610 0.0100
 5615 0.0080
 5620 0.0070
 5625 0.0060
 5630 0.0050
 5635 0.0050
 5640 0.0050
 5645 0.0060
 5650 0.0070
 5655 0.0080
 5660 0.0100
 5665 0.0120
 5670 0.0150
 5675 0.0170
 5680 0.0190
 5685 0.0210
 5690 0.0220
 5695 0.0240
 5700 0.0250
 5705 0.0240
 5710 0.0240
 5715 0.0240
 5720 0.0230
 5725 0.0220
 5730 0.0200
 5735 0.0190
 5740 0.0180
 5745 0.0170
 5750 0.0160
 5755 0.0150
 5760 0.0140
 5765 0.0140
 5770 0.0140
 5775 0.0140
 5780 0.0140
 5785 0.0140
 5790 0.0150
 5795 0.0150
 5800 0.0140
 5805 0.0150
 5810 0.0140
 5815 0.0140
 5820 0.0140
 5825 0.0130
 5830 0.0120
 5835 0.0120
 5840 0.0110
 5845 0.0100
 5850 0.0100
 5855 0.0100
 5860 0.0100
 5865 0.0090
 5870 0.0090
 5875 0.0100
 5880 0.0100
 5885 0.0110
 5890 0.0100
 5895 0.0110
 5900 0.0110
 5905 0.0110
 5910 0.0110
 5915 0.0100
 5920 0.0100
 5925 0.0100
 5930 0.0090
 5935 0.0090
 5940 0.0090
 5945 0.0090
 5950 0.0100
 5955 0.0100
 5960 0.0110
 5965 0.0110
 5970 0.0120
 5975 0.0120
 5980 0.0130
 5985 0.0130
 5990 0.0130
 5995 0.0130
 6000 0.0130
 6005 0.0120
 6010 0.0120
 6015 0.0100
 6020 0.0100
 6025 0.0090
 6030 0.0080
 6035 0.0080
 6040 0.0070
 6045 0.0070
 6050 0.0060
 6055 0.0060
 6060 0.0060
 6065 0.0050
 6070 0.0050
 6075 0.0060
 6080 0.0060
 6085 0.0060
 6090 0.0070
 6095 0.0070
 6100 0.0080
 6105 0.0100
 6110 0.0100
 6115 0.0120
 6120 0.0140
 6125 0.0150
 6130 0.0170
 6135 0.0190
 6140 0.0200
 6145 0.0220
 6150 0.0240
 6155 0.0250
 6160 0.0270
 6165 0.0280
 6170 0.0280
 6175 0.0290
 6180 0.0290
 6185 0.0290
 6190 0.0280
 6195 0.0280
 6200 0.0260
 6205 0.0250
 6210 0.0230
 6215 0.0210
 6220 0.0180
 6225 0.0160
 6230 0.0140
 6235 0.0110
 6240 0.0090
 6245 0.0070
 6250 0.0050
 6255 0.0040
 6260 0.0030
 6265 0.0030
 6270 0.0020
 6275 0.0030
 6280 0.0040
 6285 0.0050
 6290 0.0070
 6295 0.0090
 6300 0.0120
 6305 0.0140
 6310 0.0160
 6315 0.0190
 6320 0.0210
 6325 0.0230
 6330 0.0250
 6335 0.0270
 6340 0.0280
 6345 0.0280
 6350 0.0280
 6355 0.0290
 6360 0.0290
 6365 0.0270
 6370 0.0260
 6375 0.0250
 6380 0.0220
 6385 0.0210
 6390 0.0190
 6395 0.0170
 6400 0.0140
 6405 0.0130
 6410 0.0100
 6415 0.0090
 6420 0.0080
 6425 0.0070
 6430 0.0070
 6435 0.0070
 6440 0.0070
 6445 0.0070
 6450 0.0090
 6455 0.0100
 6460 0.0110
 6465 0.0120
 6470 0.0130
 6475 0.0140
 6480 0.0150
 6485 0.0160
 6490 0.0160
 6495 0.0170
 6500 0.0170
 6505 0.0170
 6510 0.0170
 6515 0.0160
 6520 0.0160
 6525 0.0150
 6530 0.0140
 6535 0.0130
 6540 0.0120
 6545 0.0110
 6550 0.0100
 6555 0.0090
 6560 0.0080
 6565 0.0080
 6570 0.0070
 6575 0.0070
 6580 0.0080
 6585 0.0070
 6590 0.0080
 6595 0.0080
 6600 0.0090
 6605 0.0090
 6610 0.0100
 6615 0.0110
 6620 0.0110
 6625 0.0110
 6630 0.0120
 6635 0.0120
 6640 0.0120
 6645 0.0120
 6650 0.0110
 6655 0.0110
 6660 0.0100
 6665 0.0090
 6670 0.0080
 6675 0.0070
 6680 0.0060
 6685 0.0050
 6690 0.0030
 6695 0.0030
 6700 0.0010
 6705 0.0000
 6710 -0.0010
 6715 -0.0010
 6720 -0.0010
 6725 -0.0010
 6730 -0.0010
 6735 -0.0010
 6740 0.0000
 6745 0.0010
 6750 0.0020
 6755 0.0020
 6760 0.0030
 6765 0.0040
 6770 0.0040
 6775 0.0050
 6780 0.0050
 6785 0.0050
 6790 0.0050
 6795 0.0050
 6800 0.0040
 6805 0.0030
 6810 0.0030
 6815 0.0010
 6820 0.0010
 6825 0.0000
 6830 0.0000
 6835 -0.0010
 6840 -0.0010
 6845 -0.0020
 6850 -0.0020
 6855 -0.0020
 6860 -0.0030
 6865 -0.0030
 6870 -0.0030
 6875 -0.0030
 6880 -0.0040
 6885 -0.0030
 6890 -0.0030
 6895 -0.0030
 6900 -0.0030
 6905 -0.0030
 6910 -0.0030
 6915 -0.0030
 6920 -0.0020
 6925 -0.0020
 6930 -0.0010
 6935 0.0000
 6940 0.0000
 6945 0.0010
 6950 0.0020
 6955 0.0020
 6960 0.0020
 6965 0.0020
 6970 0.0030
 6975 0.0030
 6980 0.0020
 6985 0.0020
 6990 0.0010
 6995 0.0010
 7000 0.0010
 7005 0.0020
 7010 0.0010
 7015 0.0020
 7020 0.0010
 7025 0.0010
 7030 0.0010
 7035 0.0020
 7040 0.0010
 7045 0.0020
 7050 0.0020
 7055 0.0020
 7060 0.0010
 7065 0.0010
 7070 0.0020
 7075 0.0010
 7080 0.0020
 7085 0.0020
 7090 0.0020
 7095 0.0020
 7100 0.0030
 7105 0.0030
 7110 0.0040
 7115 0.0040
 7120 0.0050
 7125 0.0050
 7130 0.0050
 7135 0.0050
 7140 0.0060
 7145 0.0060
 7150 0.0060
 7155 0.0060
 7160 0.0060
 7165 0.0050
 7170 0.0050
 7175 0.0050
 7180 0.0050
 7185 0.0050
 7190 0.0050
 7195 0.0050
 7200 0.0040
 7205 0.0050
 7210 0.0050
 7215 0.0050
 7220 0.0050
 7225 0.0050
 7230 0.0050
 7235 0.0060
 7240 0.0060
 7245 0.0070
 7250 0.0070
 7255 0.0070
 7260 0.0080
 7265 0.0080
 7270 0.0080
 7275 0.0090
 7280 0.0090
 7285 0.0100
 7290 0.0110
 7295 0.0110
 7300 0.0120
 7305 0.0130
 7310 0.0140
 7315 0.0150
 7320 0.0160
 7325 0.0180
 7330 0.0190
 7335 0.0200
 7340 0.0210
 7345 0.0210
 7350 0.0220
 7355 0.0220
 7360 0.0230
 7365 0.0220
 7370 0.0220
 7375 0.0210
 7380 0.0200
 7385 0.0190
 7390 0.0180
 7395 0.0160
 7400 0.0140
 7405 0.0130
 7410 0.0120
 7415 0.0110
 7420 0.0100
 7425 0.0100
 7430 0.0090
 7435 0.0090
 7440 0.0090
 7445 0.0100
 7450 0.0110
 7455 0.0120
 7460 0.0130
 7465 0.0130
 7470 0.0150
 7475 0.0160
 7480 0.0170
 7485 0.0190
 7490 0.0200
 7495 0.0200
 7500 0.0200
 7505 0.0210
 7510 0.0200
 7515 0.0200
 7520 0.0190
 7525 0.0190
 7530 0.0180
 7535 0.0170
 7540 0.0160
 7545 0.0160
 7550 0.0150
 7555 0.0140
 7560 0.0140
 7565 0.0140
 7570 0.0140
 7575 0.0140
 7580 0.0140
 7585 0.0140
 7590 0.0140
 7595 0.0140
 7600 0.0140
 7605 0.0140
 7610 0.0130
 7615 0.0130
 7620 0.0120
 7625 0.0120
 7630 0.0120
 7635 0.0120
 7640 0.0120
 7645 0.0120
 7650 0.0120
 7655 0.0130
 7660 0.0130
 7665 0.0140
 7670 0.0160
 7675 0.0160
 7680 0.0180
 7685 0.0180
 7690 0.0190
 7695 0.0200
 7700 0.0200
 7705 0.0200
 7710 0.0210
 7715 0.0200
 7720 0.0200
 7725 0.0190
 7730 0.0190
 7735 0.0190
 7740 0.0180
 7745 0.0180
 7750 0.0180
 7755 0.0180
 7760 0.0190
 7765 0.0190
 7770 0.0200
 7775 0.0200
 7780 0.0200
 7785 0.0210
 7790 0.0220
 7795 0.0230
 7800 0.0230
 7805 0.0240
 7810 0.0250
 7815 0.0260
 7820 0.0270
 7825 0.0280
 7830 0.0290
 7835 0.0300
 7840 0.0310
 7845 0.0320
 7850 0.0330
 7855 0.0330
 7860 0.0340
 7865 0.0350
 7870 0.0350
 7875 0.0360
 7880 0.0360
 7885 0.0360
 7890 0.0360
 7895 0.0370
 7900 0.0370
 7905 0.0370
 7910 0.0370
 7915 0.0380
 7920 0.0380
 7925 0.0380
 7930 0.0390
 7935 0.0400
 7940 0.0400
 7945 0.0400
 7950 0.0400
 7955 0.0400
 7960 0.0400
 7965 0.0400
 7970 0.0390
 7975 0.0390
 7980 0.0390
 7985 0.0390
 7990 0.0400
 7995 0.0400
 8000 0.0400
 8005 0.0400
 8010 0.0400
 8015 0.0400
 8020 0.0400
 8025 0.0390
 8030 0.0380
 8035 0.0370
 8040 0.0350
 8045 0.0330
 8050 0.0310
 8055 0.0290
 8060 0.0270
 8065 0.0240
 8070 0.0240
 8075 0.0220
 8080 0.0210
 8085 0.0200
 8090 0.0200
 8095 0.0210
 8100 0.0210
 8105 0.0210
 8110 0.0230
 8115 0.0240
 8120 0.0250
 8125 0.0250
 8130 0.0260
 8135 0.0270
 8140 0.0280
 8145 0.0280
 8150 0.0290
 8155 0.0280
 8160 0.0290
 8165 0.0280
 8170 0.0290
 8175 0.0290
 8180 0.0290
 8185 0.0290
 8190 0.0290
 8195 0.0300
 8200 0.0290
 8205 0.0290
 8210 0.0300
 8215 0.0290
 8220 0.0290
 8225 0.0290
 8230 0.0290
 8235 0.0280
 8240 0.0280
 8245 0.0280
 8250 0.0280
 8255 0.0270
 8260 0.0270
 8265 0.0270
 8270 0.0280
 8275 0.0280
 8280 0.0290
 8285 0.0300
 8290 0.0310
 8295 0.0330
 8300 0.0350
 8305 0.0360
 8310 0.0390
 8315 0.0400
 8320 0.0420
 8325 0.0440
 8330 0.0440
 8335 0.0450
 8340 0.0450
 8345 0.0450
 8350 0.0450
 8355 0.0440
 8360 0.0420
 8365 0.0420
 8370 0.0400
 8375 0.0390
 8380 0.0370
 8385 0.0370
 8390 0.0360
 8395 0.0350
 8400 0.0350
 8405 0.0350
 8410 0.0350
 8415 0.0350
 8420 0.0360
 8425 0.0370
 8430 0.0370
 8435 0.0380
 8440 0.0380
 8445 0.0390
 8450 0.0390
 8455 0.0390
 8460 0.0400
 8465 0.0400
 8470 0.0400
 8475 0.0400
 8480 0.0400
 8485 0.0390
 8490 0.0390
 8495 0.0390
 8500 0.0390
 8505 0.0390
 8510 0.0380
 8515 0.0390
 8520 0.0380
 8525 0.0390
 8530 0.0380
 8535 0.0380
 8540 0.0380
 8545 0.0380
 8550 0.0370
 8555 0.0370
 8560 0.0360
 8565 0.0350
 8570 0.0350
 8575 0.0340
 8580 0.0330
 8585 0.0330
 8590 0.0330
 8595 0.0330
 8600 0.0330
 8605 0.0340
 8610 0.0350
 8615 0.0360
 8620 0.0370
 8625 0.0380
 8630 0.0390
 8635 0.0400
 8640 0.0420
 8645 0.0420
 8650 0.0430
 8655 0.0430
 8660 0.0420
 8665 0.0420
 8670 0.0420
 8675 0.0400
 8680 0.0390
 8685 0.0380
 8690 0.0370
 8695 0.0350
 8700 0.0350
 8705 0.0330
 8710 0.0330
 8715 0.0330
 8720 0.0330
 8725 0.0330
 8730 0.0330
 8735 0.0340
 8740 0.0350
 8745 0.0360
 8750 0.0360
 8755 0.0370
 8760 0.0380
 8765 0.0390
 8770 0.0400
 8775 0.0400
 8780 0.0410
 8785 0.0410
 8790 0.0410
 8795 0.0410
 8800 0.0400
 8805 0.0410
 8810 0.0390
 8815 0.0380
 8820 0.0370
 8825 0.0360
 8830 0.0340
 8835 0.0320
 8840 0.0300
 8845 0.0270
 8850 0.0250
 8855 0.0220
 8860 0.0200
 8865 0.0170
 8870 0.0150
 8875 0.0130
 8880 0.0100
 8885 0.0090
 8890 0.0080
 8895 0.0080
 8900 0.0070
 8905 0.0070
 8910 0.0080
 8915 0.0080
 8920 0.0080
 8925 0.0090
 8930 0.0090
 8935 0.0090
 8940 0.0100
 8945 0.0090
 8950 0.0090
 8955 0.0080
 8960 0.0080
 8965 0.0070
 8970 0.0060
 8975 0.0060
 8980 0.0040
 8985 0.0030
 8990 0.0030
 8995 0.0020
 9000 0.0020
 9005 0.0000
 9010 0.0000
 9015 0.0000
 9020 -0.0010
 9025 -0.0010
 9030 -0.0010
 9035 -0.0010
 9040 -0.0010
 9045 -0.0020
 9050 -0.0020
 9055 -0.0020
 9060 -0.0040
 9065 -0.0040
 9070 -0.0050
 9075 -0.0070
 9080 -0.0070
 9085 -0.0090
 9090 -0.0110
 9095 -0.0120
 9100 -0.0130
 9105 -0.0150
 9110 -0.0160
 9115 -0.0170
 9120 -0.0180
 9125 -0.0190
 9130 -0.0200
 9135 -0.0200
 9140 -0.0210
 9145 -0.0210
 9150 -0.0220
 9155 -0.0220
 9160 -0.0220
 9165 -0.0230
 9170 -0.0220
 9175 -0.0230
 9180 -0.0230
 9185 -0.0240
 9190 -0.0240
 9195 -0.0240
 9200 -0.0240
 9205 -0.0220
 9210 -0.0220
 9215 -0.0200
 9220 -0.0190
 9225 -0.0170
 9230 -0.0150
 9235 -0.0130
 9240 -0.0100
 9245 -0.0080
 9250 -0.0060
 9255 -0.0040
 9260 -0.0030
 9265 -0.0010
 9270 -0.0010
 9275 0.0000
 9280 0.0000
 9285 0.0000
 9290 -0.0010
 9295 -0.0010
 9300 -0.0030
 9305 -0.0040
 9310 -0.0050
 9315 -0.0050
 9320 -0.0070
 9325 -0.0070
 9330 -0.0070
 9335 -0.0080
 9340 -0.0070
 9345 -0.0070
 9350 -0.0060
 9355 -0.0050
 9360 -0.0040
 9365 -0.0030
 9370 -0.0020
 9375 -0.0010
 9380 0.0000
 9385 0.0010
 9390 0.0010
 9395 0.0010
 9400 0.0020
 9405 0.0020
 9410 0.0010
 9415 0.0010
 9420 0.0010
 9425 0.0000
 9430 0.0000
 9435 -0.0010
 9440 -0.0010
 9445 -0.0010
 9450 -0.0020
 9455 -0.0020
 9460 -0.0020
 9465 -0.0030
 9470 -0.0030
 9475 -0.0030
 9480 -0.0040
 9485 -0.0040
 9490 -0.0040
 9495 -0.0040
 9500 -0.0040
 9505 -0.0040
 9510 -0.0030
 9515 -0.0020
 9520 -0.0010
 9525 0.0010
 9530 0.0020
 9535 0.0030
 9540 0.0050
 9545 0.0060
 9550 0.0070
 9555 0.0080
 9560 0.0080
 9565 0.0080
 9570 0.0090
 9575 0.0080
 9580 0.0080
 9585 0.0080
 9590 0.0070
 9595 0.0070
 9600 0.0070
 9605 0.0060
 9610 0.0050
 9615 0.0040
 9620 0.0030
 9625 0.0020
 9630 0.0000
 9635 -0.0010
 9640 -0.0020
 9645 -0.0030
 9650 -0.0040
 9655 -0.0050
 9660 -0.0060
 9665 -0.0070
 9670 -0.0080
 9675 -0.0080
 9680 -0.0090
 9685 -0.0080
 9690 -0.0090
 9695 -0.0090
 9700 -0.0090
 9705 -0.0080
 9710 -0.0080
 9715 -0.0080
 9720 -0.0070
 9725 -0.0070
 9730 -0.0060
 9735 -0.0060
 9740 -0.0060
 9745 -0.0050
 9750 -0.0050
 9755 -0.0050
 9760 -0.0040
 9765 -0.0050
 9770 -0.0040
 9775 -0.0040
 9780 -0.0040
 9785 -0.0030
 9790 -0.0030
 9795 -0.0020
 9800 -0.0020
 9805 -0.0020
 9810 -0.0020
 9815 -0.0010
 9820 -0.0020
 9825 -0.0020
 9830 -0.0020
 9835 -0.0040
 9840 -0.0040
 9845 -0.0050
 9850 -0.0060
 9855 -0.0070
 9860 -0.0070
 9865 -0.0080
 9870 -0.0080
 9875 -0.0070
 9880 -0.0080
 9885 -0.0070
 9890 -0.0060
 9895 -0.0060
 9900 -0.0040
 9905 -0.0040
 9910 -0.0020
 9915 -0.0010
 9920 0.0000
 9925 0.0010
 9930 0.0020
 9935 0.0020
 9940 0.0030
 9945 0.0040
 9950 0.0040
 9955 0.0050
 9960 0.0040
 9965 0.0040
 9970 0.0030
 9975 0.0030
 9980 0.0030
 9985 0.0020
 9990 0.0010
 9995 0.0010
10000 0.0000
10005 -0.0010
10010 -0.0010
10015 -0.0010
10020 -0.0020
10025 -0.0020
10030 -0.0020
10035 -0.0020
10040 -0.0010
10045 -0.0010
10050 0.0000
10055 0.0000
10060 0.0000
10065 0.0010
10070 0.0020
10075 0.0020
10080 0.0030
10085 0.0030
10090 0.0040
10095 0.0040
10100 0.0050
10105 0.0060
10110 0.0070
10115 0.0080
10120 0.0090
10125 0.0110
10130 0.0120
10135 0.0130
10140 0.0150
10145 0.0160
10150 0.0170
10155 0.0180
10160 0.0180
10165 0.0180
10170 0.0190
10175 0.0180
10180 0.0170
10185 0.0170
10190 0.0170
10195 0.0150
10200 0.0150
10205 0.0140
10210 0.0140
10215 0.0140
10220 0.0140
10225 0.0140
10230 0.0150
10235 0.0170
10240 0.0170
10245 0.0200
10250 0.0210
10255 0.0230
10260 0.0250
10265 0.0260
10270 0.0280
10275 0.0280
10280 0.0290
10285 0.0280
10290 0.0270
10295 0.0260
10300 0.0250
10305 0.0220
10310 0.0190
10315 0.0170
10320 0.0140
10325 0.0110
10330 0.0080
10335 0.0060
10340 0.0030
10345 0.0020
10350 0.0000
10355 0.0000
10360 -0.0010
10365 -0.0010
10370 -0.0010
10375 -0.0010
10380 0.0000
10385 0.0000
10390 -0.0010
10395 0.0000
10400 0.0000
10405 0.0000
10410 0.0000
10415 0.0000
10420 0.0010
10425 0.0010
10430 0.0030
10435 0.0040
10440 0.0060
10445 0.0070
10450 0.0100
10455 0.0120
10460 0.0140
10465 0.0160
10470 0.0190
10475 0.0200
10480 0.0220
10485 0.0230
10490 0.0240
10495 0.0250
10500 0.0250
10505 0.0250
10510 0.0240
10515 0.0230
10520 0.0230
10525 0.0220
10530 0.0210
10535 0.0200
10540 0.0200
10545 0.0200
10550 0.0190
10555 0.0190
10560 0.0180
10565 0.0180
10570 0.0180
10575 0.0190
10580 0.0190
10585 0.0190
10590 0.0200
10595 0.0210
10600 0.0220
10605 0.0230
10610 0.0240
10615 0.0260
10620 0.0280
10625 0.0290
10630 0.0310
10635 0.0330
10640 0.0340
10645 0.0350
10650 0.0370
10655 0.0370
10660 0.0380
10665 0.0380
10670 0.0390
10675 0.0390
10680 0.0400
10685 0.0390
10690 0.0400
10695 0.0400
10700 0.0390
10705 0.0400
10710 0.0390
10715 0.0390
10720 0.0380
10725 0.0370
10730 0.0360
10735 0.0360
10740 0.0350
10745 0.0350
10750 0.0340
10755 0.0340
10760 0.0340
10765 0.0350
10770 0.0350
10775 0.0360
10780 0.0360
10785 0.0380
10790 0.0380
10795 0.0390
10800 0.0400
10805 0.0410
10810 0.0410
10815 0.0420
10820 0.0420
10825 0.0420
10830 0.0420
10835 0.0410
10840 0.0410
10845 0.0400
10850 0.0390
10855 0.0370
10860 0.0360
10865 0.0340
10870 0.0320
10875 0.0300
10880 0.0280
10885 0.0250
10890 0.0230
10895 0.0210
10900 0.0190
10905 0.0170
10910 0.0160
10915 0.0150
10920 0.0150
10925 0.0150
10930 0.0150
10935 0.0160
10940 0.0160
10945 0.0170
10950 0.0180
10955 0.0190
10960 0.0190
10965 0.0190
10970 0.0200
10975 0.0200
10980 0.0200
10985 0.0210
10990 0.0220
10995 0.0220
11000 0.0230
11005 0.0240
11010 0.0250
11015 0.0260
11020 0.0270
11025 0.0290
11030 0.0310
11035 0.0310
11040 0.0320
11045 0.0330
11050 0.0340
11055 0.0340
11060 0.0340
11065 0.0340
11070 0.0330
11075 0.0330
11080 0.0320
11085 0.0310
11090 0.0300
11095 0.0290
11100 0.0270
11105 0.0260
11110 0.0250
11115 0.0240
11120 0.0230
11125 0.0220
11130 0.0220
11135 0.0220
11140 0.0220
11145 0.0230
11150 0.0230
11155 0.0240
11160 0.0240
11165 0.0250
11170 0.0250
11175 0.0260
11180 0.0260
11185 0.0260
11190 0.0250
11195 0.0240
11200 0.0230
11205 0.0220
11210 0.0210
11215 0.0200
11220 0.0180
11225 0.0180
11230 0.0180
11235 0.0160
11240 0.0170
11245 0.0160
11250 0.0170
11255 0.0170
11260 0.0170
11265 0.0170
11270 0.0170
11275 0.0170
11280 0.0170
11285 0.0170
11290 0.0170
11295 0.0170
11300 0.0170
11305 0.0160
11310 0.0160
11315 0.0160
11320 0.0160
11325 0.0160
11330 0.0150
11335 0.0150
11340 0.0150
11345 0.0140
11350 0.0130
11355 0.0140
11360 0.0130
11365 0.0130
11370 0.0130
11375 0.0140
11380 0.0140
11385 0.0140
11390 0.0140
11395 0.0160
11400 0.0160
11405 0.0180
11410 0.0180
11415 0.0190
11420 0.0200
11425 0.0200
11430 0.0200
11435 0.0210
11440 0.0210
11445 0.0210
11450 0.0210
11455 0.0210
11460 0.0200
11465 0.0200
11470 0.0200
11475 0.0210
11480 0.0210
11485 0.0220
11490 0.0230
11495 0.0250
11500 0.0270
11505 0.0280
11510 0.0310
11515 0.0330
11520 0.0350
11525 0.0370
11530 0.0390
11535 0.0400
11540 0.0410
11545 0.0420
11550 0.0420
11555 0.0420
11560 0.0420
11565 0.0410
11570 0.0400
11575 0.0390
11580 0.0380
11585 0.0370
11590 0.0350
11595 0.0340
11600 0.0320
11605 0.0310
11610 0.0290
11615 0.0280
11620 0.0260
11625 0.0240
11630 0.0230
11635 0.0220
