    0 0.0320
    5 0.0310
   10 0.0300
   15 0.0300
   20 0.0290
   25 0.0290
   30 0.0290
   35 0.0300
   40 0.0300
   45 0.0300
   50 0.0300
   55 0.0300
   60 0.0290
   65 0.0290
   70 0.0280
   75 0.0270
   80 0.0270
   85 0.0260
   90 0.0250
   95 0.0250
  100 0.0250
  105 0.0250
  110 0.0250
  115 0.0260
  120 0.0270
  125 0.0280
  130 0.0290
  135 0.0310
  140 0.0320
  145 0.0330
  150 0.0340
  155 0.0350
  160 0.0350
  165 0.0360
  170 0.0360
  175 0.0360
  180 0.0360
  185 0.0370
  190 0.0370
  195 0.0370
  200 0.0360
  205 0.0360
  210 0.0360
  215 0.0360
  220 0.0360
  225 0.0360
  230 0.0370
  235 0.0370
  240 0.0370
  245 0.0370
  250 0.0380
  255 0.0380
  260 0.0380
  265 0.0390
  270 0.0390
  275 0.0400
  280 0.0400
  285 0.0400
  290 0.0400
  295 0.0400
  300 0.0400
  305 0.0390
  310 0.0380
  315 0.0380
  320 0.0370
  325 0.0370
  330 0.0360
  335 0.0350
  340 0.0340
  345 0.0340
  350 0.0330
  355 0.0320
  360 0.0310
  365 0.0310
  370 0.0300
  375 0.0300
  380 0.0290
  385 0.0270
  390 0.0260
  395 0.0240
  400 0.0220
  405 0.0210
  410 0.0200
  415 0.0180
  420 0.0170
  425 0.0150
  430 0.0150
  435 0.0140
  440 0.0130
  445 0.0130
  450 0.0120
  455 0.0130
  460 0.0130
  465 0.0130
  470 0.0140
  475 0.0150
  480 0.0160
  485 0.0170
  490 0.0180
  495 0.0190
  500 0.0190
  505 0.0200
  510 0.0200
  515 0.0210
  520 0.0210
  525 0.0210
  530 0.0210
  535 0.0210
  540 0.0200
  545 0.0200
  550 0.0180
  555 0.0180
  560 0.0160
  565 0.0150
  570 0.0140
  575 0.0130
  580 0.0120
  585 0.0120
  590 0.0120
  595 0.0120
  600 0.0120
  605 0.0130
  610 0.0140
  615 0.0150
  620 0.0160
  625 0.0180
  630 0.0190
  635 0.0200
  640 0.0220
  645 0.0220
  650 0.0230
  655 0.0240
  660 0.0240
  665 0.0240
  670 0.0240
  675 0.0240
  680 0.0240
  685 0.0240
  690 0.0250
  695 0.0250
  700 0.0260
  705 0.0270
  710 0.0280
  715 0.0290
  720 0.0300
  725 0.0310
  730 0.0320
  735 0.0340
  740 0.0350
  745 0.0360
  750 0.0360
  755 0.0370
  760 0.0380
  765 0.0380
  770 0.0370
  775 0.0370
  780 0.0360
  785 0.0350
  790 0.0330
  795 0.0320
  800 0.0300
  805 0.0280
  810 0.0270
  815 0.0260
  820 0.0260
  825 0.0250
  830 0.0250
  835 0.0250
  840 0.0250
  845 0.0260
  850 0.0260
  855 0.0270
  860 0.0260
  865 0.0250
  870 0.0250
  875 0.0230
  880 0.0220
  885 0.0210
  890 0.0180
  895 0.0170
  900 0.0150
  905 0.0140
  910 0.0130
  915 0.0130
  920 0.0130
  925 0.0130
  930 0.0130
  935 0.0140
  940 0.0150
  945 0.0160
  950 0.0160
  955 0.0170
  960 0.0160
  965 0.0160
  970 0.0160
  975 0.0150
  980 0.0140
  985 0.0120
  990 0.0110
  995 0.0100
 1000 0.0080
 1005 0.0080
 1010 0.0070
 1015 0.0070
 1020 0.0080
 1025 0.0090
 1030 0.0110
 1035 0.0120
 1040 0.0140
 1045 0.0160
 1050 0.0180
 1055 0.0200
 1060 0.0210
 1065 0.0230
 1070 0.0240
 1075 0.0250
 1080 0.0260
 1085 0.0260
 1090 0.0260
 1095 0.0260
 1100 0.0260
 1105 0.0260
 1110 0.0260
 1115 0.0250
 1120 0.0240
 1125 0.0230
 1130 0.0230
 1135 0.0210
 1140 0.0200
 1145 0.0180
 1150 0.0160
 1155 0.0140
 1160 0.0120
 1165 0.0120
 1170 0.0110
 1175 0.0110
 1180 0.0110
 1185 0.0110
 1190 0.0120
 1195 0.0140
 1200 0.0150
 1205 0.0160
 1210 0.0180
 1215 0.0190
 1220 0.0200
 1225 0.0220
 1230 0.0220
 1235 0.0220
 1240 0.0220
 1245 0.0210
 1250 0.0210
 1255 0.0200
 1260 0.0190
 1265 0.0180
 1270 0.0160
 1275 0.0140
 1280 0.0120
 1285 0.0100
 1290 0.0090
 1295 0.0070
 1300 0.0060
 1305 0.0040
 1310 0.0040
 1315 0.0040
 1320 0.0040
 1325 0.0050
 1330 0.0060
 1335 0.0070
 1340 0.0080
 1345 0.0090
 1350 0.0100
 1355 0.0110
 1360 0.0110
 1365 0.0120
 1370 0.0110
 1375 0.0110
 1380 0.0090
 1385 0.0080
 1390 0.0060
 1395 0.0050
 1400 0.0030
 1405 0.0020
 1410 0.0010
 1415 0.0010
 1420 0.0000
 1425 0.0000
 1430 0.0000
 1435 0.0000
 1440 0.0010
 1445 0.0020
 1450 0.0030
 1455 0.0040
 1460 0.0040
 1465 0.0040
 1470 0.0030
 1475 0.0030
 1480 0.0020
 1485 0.0010
 1490 -0.0010
 1495 -0.0020
 1500 -0.0030
 1505 -0.0050
 1510 -0.0060
 1515 -0.0070
 1520 -0.0080
 1525 -0.0080
 1530 -0.0090
 1535 -0.0090
 1540 -0.0090
 1545 -0.0080
 1550 -0.0070
 1555 -0.0060
 1560 -0.0040
 1565 -0.0030
 1570 -0.0020
 1575 0.0000
 1580 0.0020
 1585 0.0040
 1590 0.0050
 1595 0.0060
 1600 0.0070
 1605 0.0070
 1610 0.0070
 1615 0.0070
 1620 0.0070
 1625 0.0070
 1630 0.0050
 1635 0.0040
 1640 0.0030
 1645 0.0010
 1650 -0.0010
 1655 -0.0030
 1660 -0.0050
 1665 -0.0060
 1670 -0.0080
 1675 -0.0090
 1680 -0.0100
 1685 -0.0110
 1690 -0.0100
 1695 -0.0090
 1700 -0.0090
 1705 -0.0080
 1710 -0.0070
 1715 -0.0060
 1720 -0.0050
 1725 -0.0040
 1730 -0.0030
 1735 -0.0020
 1740 -0.0010
 1745 -0.0010
 1750 0.0000
 1755 0.0000
 1760 -0.0010
 1765 -0.0020
 1770 -0.0020
 1775 -0.0030
 1780 -0.0050
 1785 -0.0060
 1790 -0.0070
 1795 -0.0080
 1800 -0.0090
 1805 -0.0100
 1810 -0.0100
 1815 -0.0110
 1820 -0.0110
 1825 -0.0100
 1830 -0.0100
 1835 -0.0100
 1840 -0.0090
 1845 -0.0090
 1850 -0.0080
 1855 -0.0080
 1860 -0.0080
 1865 -0.0070
 1870 -0.0080
 1875 -0.0090
 1880 -0.0090
 1885 -0.0090
 1890 -0.0100
 1895 -0.0100
 1900 -0.0100
 1905 -0.0100
 1910 -0.0110
 1915 -0.0100
 1920 -0.0100
 1925 -0.0100
 1930 -0.0090
 1935 -0.0090
 1940 -0.0080
 1945 -0.0080
 1950 -0.0070
 1955 -0.0070
 1960 -0.0070
 1965 -0.0080
 1970 -0.0080
 1975 -0.0080
 1980 -0.0090
 1985 -0.0100
 1990 -0.0100
 1995 -0.0110
 2000 -0.0110
 2005 -0.0120
 2010 -0.0120
 2015 -0.0120
 2020 -0.0120
 2025 -0.0120
 2030 -0.0120
 2035 -0.0120
 2040 -0.0110
 2045 -0.0110
 2050 -0.0110
 2055 -0.0110
 2060 -0.0110
 2065 -0.0110
 2070 -0.0110
 2075 -0.0110
 2080 -0.0110
 2085 -0.0110
 2090 -0.0110
 2095 -0.0110
 2100 -0.0110
 2105 -0.0110
 2110 -0.0110
 2115 -0.0100
 2120 -0.0100
 2125 -0.0100
 2130 -0.0100
 2135 -0.0100
 2140 -0.0100
 2145 -0.0100
 2150 -0.0100
 2155 -0.0100
 2160 -0.0100
 2165 -0.0090
 2170 -0.0100
 2175 -0.0100
 2180 -0.0100
 2185 -0.0110
 2190 -0.0110
 2195 -0.0120
 2200 -0.0140
 2205 -0.0150
 2210 -0.0160
 2215 -0.0180
 2220 -0.0200
 2225 -0.0220
 2230 -0.0230
 2235 -0.0240
 2240 -0.0250
 2245 -0.0270
 2250 -0.0270
 2255 -0.0270
 2260 -0.0270
 2265 -0.0270
 2270 -0.0260
 2275 -0.0250
 2280 -0.0230
 2285 -0.0220
 2290 -0.0210
 2295 -0.0200
 2300 -0.0180
 2305 -0.0180
 2310 -0.0170
 2315 -0.0170
 2320 -0.0160
 2325 -0.0150
 2330 -0.0150
 2335 -0.0160
 2340 -0.0150
 2345 -0.0150
 2350 -0.0150
 2355 -0.0150
 2360 -0.0150
 2365 -0.0150
 2370 -0.0150
 2375 -0.0150
 2380 -0.0150
 2385 -0.0150
 2390 -0.0150
 2395 -0.0160
 2400 -0.0160
 2405 -0.0160
 2410 -0.0170
 2415 -0.0170
 2420 -0.0170
 2425 -0.0180
 2430 -0.0180
 2435 -0.0190
 2440 -0.0190
 2445 -0.0200
 2450 -0.0200
 2455 -0.0200
 2460 -0.0200
 2465 -0.0200
 2470 -0.0210
 2475 -0.0210
 2480 -0.0210
 2485 -0.0210
 2490 -0.0210
 2495 -0.0210
 2500 -0.0210
 2505 -0.0220
 2510 -0.0220
 2515 -0.0210
 2520 -0.0210
 2525 -0.0210
 2530 -0.0210
 2535 -0.0210
 2540 -0.0210
 2545 -0.0220
 2550 -0.0220
 2555 -0.0230
 2560 -0.0240
 2565 -0.0250
 2570 -0.0250
 2575 -0.0260
 2580 -0.0270
 2585 -0.0280
 2590 -0.0290
 2595 -0.0300
 2600 -0.0300
 2605 -0.0300
 2610 -0.0300
 2615 -0.0300
 2620 -0.0300
 2625 -0.0290
 2630 -0.0290
 2635 -0.0280
 2640 -0.0280
 2645 -0.0280
 2650 -0.0270
 2655 -0.0270
 2660 -0.0270
 2665 -0.0280
 2670 -0.0280
 2675 -0.0280
 2680 -0.0290
 2685 -0.0300
 2690 -0.0310
 2695 -0.0320
 2700 -0.0320
 2705 -0.0330
 2710 -0.0330
 2715 -0.0330
 2720 -0.0340
 2725 -0.0330
 2730 -0.0330
 2735 -0.0330
 2740 -0.0320
 2745 -0.0320
 2750 -0.0310
 2755 -0.0310
 2760 -0.0300
 2765 -0.0300
 2770 -0.0300
 2775 -0.0290
 2780 -0.0300
 2785 -0.0300
 2790 -0.0290
 2795 -0.0300
 2800 -0.0300
 2805 -0.0300
 2810 -0.0310
 2815 -0.0310
 2820 -0.0310
 2825 -0.0320
 2830 -0.0330
 2835 -0.0320
 2840 -0.0330
 2845 -0.0330
 2850 -0.0340
 2855 -0.0350
 2860 -0.0350
 2865 -0.0360
 2870 -0.0360
 2875 -0.0360
 2880 -0.0360
 2885 -0.0360
 2890 -0.0360
 2895 -0.0360
 2900 -0.0360
 2905 -0.0350
 2910 -0.0340
 2915 -0.0340
 2920 -0.0320
 2925 -0.0320
 2930 -0.0310
 2935 -0.0300
 2940 -0.0290
 2945 -0.0290
 2950 -0.0280
 2955 -0.0270
 2960 -0.0270
 2965 -0.0270
 2970 -0.0260
 2975 -0.0260
 2980 -0.0260
 2985 -0.0260
 2990 -0.0260
 2995 -0.0270
 3000 -0.0270
 3005 -0.0280
 3010 -0.0290
 3015 -0.0290
 3020 -0.0300
 3025 -0.0310
 3030 -0.0310
 3035 -0.0310
 3040 -0.0310
 3045 -0.0310
 3050 -0.0310
 3055 -0.0300
 3060 -0.0300
 3065 -0.0290
 3070 -0.0280
 3075 -0.0270
 3080 -0.0270
 3085 -0.0260
 3090 -0.0260
 3095 -0.0250
 3100 -0.0250
 3105 -0.0240
 3110 -0.0230
 3115 -0.0230
 3120 -0.0210
 3125 -0.0200
 3130 -0.0180
 3135 -0.0170
 3140 -0.0150
 3145 -0.0130
 3150 -0.0110
 3155 -0.0100
 3160 -0.0090
 3165 -0.0070
 3170 -0.0070
 3175 -0.0060
 3180 -0.0060
 3185 -0.0060
 3190 -0.0060
 3195 -0.0060
 3200 -0.0060
 3205 -0.0060
 3210 -0.0060
 3215 -0.0060
 3220 -0.0060
 3225 -0.0060
 3230 -0.0060
 3235 -0.0050
 3240 -0.0050
 3245 -0.0050
 3250 -0.0040
 3255 -0.0040
 3260 -0.0030
 3265 -0.0020
 3270 -0.0020
 3275 -0.0010
 3280 -0.0010
 3285 0.0000
 3290 0.0000
 3295 0.0000
 3300 0.0000
 3305 0.0000
 3310 -0.0010
 3315 -0.0020
 3320 -0.0030
 3325 -0.0050
 3330 -0.0060
 3335 -0.0070
 3340 -0.0090
 3345 -0.0100
 3350 -0.0110
 3355 -0.0110
 3360 -0.0110
 3365 -0.0100
 3370 -0.0090
 3375 -0.0070
 3380 -0.0050
 3385 -0.0020
 3390 0.0000
 3395 0.0020
 3400 0.0050
 3405 0.0070
 3410 0.0090
 3415 0.0090
 3420 0.0090
 3425 0.0090
 3430 0.0080
 3435 0.0070
 3440 0.0050
 3445 0.0030
 3450 0.0010
 3455 -0.0010
 3460 -0.0020
 3465 -0.0030
 3470 -0.0040
 3475 -0.0040
 3480 -0.0040
 3485 -0.0030
 3490 -0.0020
 3495 -0.0020
 3500 0.0000
 3505 0.0000
 3510 0.0010
 3515 0.0010
 3520 0.0010
 3525 0.0000
 3530 -0.0010
 3535 -0.0020
 3540 -0.0040
 3545 -0.0050
 3550 -0.0070
 3555 -0.0080
 3560 -0.0090
 3565 -0.0090
 3570 -0.0090
 3575 -0.0080
 3580 -0.0080
 3585 -0.0070
 3590 -0.0050
 3595 -0.0040
 3600 -0.0030
 3605 -0.0020
 3610 -0.0020
 3615 -0.0020
 3620 -0.0020
 3625 -0.0020
 3630 -0.0040
 3635 -0.0050
 3640 -0.0060
 3645 -0.0080
 3650 -0.0100
 3655 -0.0110
 3660 -0.0130
 3665 -0.0140
 3670 -0.0160
 3675 -0.0160
 3680 -0.0170
 3685 -0.0180
 3690 -0.0180
 3695 -0.0180
 3700 -0.0180
 3705 -0.0170
 3710 -0.0160
 3715 -0.0150
 3720 -0.0130
 3725 -0.0120
 3730 -0.0100
 3735 -0.0070
 3740 -0.0060
 3745 -0.0040
 3750 -0.0030
 3755 -0.0020
 3760 -0.0010
 3765 -0.0010
 3770 -0.0010
 3775 -0.0020
 3780 -0.0030
 3785 -0.0040
 3790 -0.0050
 3795 -0.0060
 3800 -0.0070
 3805 -0.0070
 3810 -0.0070
 3815 -0.0070
 3820 -0.0070
 3825 -0.0060
 3830 -0.0050
 3835 -0.0040
 3840 -0.0040
 3845 -0.0030
 3850 -0.0030
 3855 -0.0030
 3860 -0.0040
 3865 -0.0050
 3870 -0.0050
 3875 -0.0060
 3880 -0.0070
 3885 -0.0080
 3890 -0.0090
 3895 -0.0100
 3900 -0.0100
 3905 -0.0100
 3910 -0.0100
 3915 -0.0100
 3920 -0.0090
 3925 -0.0090
 3930 -0.0090
 3935 -0.0080
 3940 -0.0080
 3945 -0.0080
 3950 -0.0080
 3955 -0.0070
 3960 -0.0070
 3965 -0.0070
 3970 -0.0060
 3975 -0.0050
 3980 -0.0040
 3985 -0.0030
 3990 -0.0020
 3995 -0.0010
 4000 0.0010
 4005 0.0030
 4010 0.0050
 4015 0.0060
 4020 0.0080
 4025 0.0090
 4030 0.0110
 4035 0.0120
 4040 0.0120
 4045 0.0130
 4050 0.0120
 4055 0.0120
 4060 0.0110
 4065 0.0090
 4070 0.0080
 4075 0.0070
 4080 0.0050
 4085 0.0040
 4090 0.0030
 4095 0.0020
 4100 0.0010
 4105 0.0010
 4110 0.0010
 4115 0.0010
 4120 0.0010
 4125 0.0010
 4130 0.0010
 4135 0.0020
 4140 0.0020
 4145 0.0020
 4150 0.0030
 4155 0.0030
 4160 0.0040
 4165 0.0040
 4170 0.0040
 4175 0.0050
 4180 0.0060
 4185 0.0070
 4190 0.0070
 4195 0.0080
 4200 0.0080
 4205 0.0080
 4210 0.0080
 4215 0.0080
 4220 0.0070
 4225 0.0050
 4230 0.0040
 4235 0.0020
 4240 0.0000
 4245 -0.0010
 4250 -0.0030
 4255 -0.0050
 4260 -0.0060
 4265 -0.0070
 4270 -0.0080
 4275 -0.0080
 4280 -0.0080
 4285 -0.0080
 4290 -0.0070
 4295 -0.0060
 4300 -0.0060
 4305 -0.0050
 4310 -0.0030
 4315 -0.0020
 4320 -0.0010
 4325 0.0000
 4330 0.0010
 4335 0.0010
 4340 0.0020
 4345 0.0030
 4350 0.0040
 4355 0.0040
 4360 0.0050
 4365 0.0050
 4370 0.0050
 4375 0.0050
 4380 0.0040
 4385 0.0040
 4390 0.0040
 4395 0.0030
 4400 0.0020
 4405 0.0010
 4410 0.0000
 4415 -0.0020
 4420 -0.0030
 4425 -0.0040
 4430 -0.0050
 4435 -0.0060
 4440 -0.0070
 4445 -0.0080
 4450 -0.0090
 4455 -0.0100
 4460 -0.0110
 4465 -0.0120
 4470 -0.0130
 4475 -0.0130
 4480 -0.0140
 4485 -0.0140
 4490 -0.0140
 4495 -0.0140
 4500 -0.0130
 4505 -0.0120
 4510 -0.0110
 4515 -0.0090
 4520 -0.0080
 4525 -0.0060
 4530 -0.0050
 4535 -0.0030
 4540 -0.0020
 4545 -0.0010
 4550 0.0000
 4555 0.0010
 4560 0.0020
 4565 0.0010
 4570 0.0010
 4575 0.0000
 4580 -0.0010
 4585 -0.0020
 4590 -0.0040
 4595 -0.0050
 4600 -0.0070
 4605 -0.0080
 4610 -0.0100
 4615 -0.0110
 4620 -0.0120
 4625 -0.0130
 4630 -0.0130
 4635 -0.0140
 4640 -0.0140
 4645 -0.0140
 4650 -0.0140
 4655 -0.0130
 4660 -0.0120
 4665 -0.0120
 4670 -0.0100
 4675 -0.0090
 4680 -0.0080
 4685 -0.0070
 4690 -0.0060
 4695 -0.0040
 4700 -0.0030
 4705 -0.0020
 4710 -0.0010
 4715 -0.0010
 4720 -0.0010
 4725 -0.0010
 4730 -0.0010
 4735 -0.0020
 4740 -0.0030
 4745 -0.0040
 4750 -0.0060
 4755 -0.0080
 4760 -0.0090
 4765 -0.0110
 4770 -0.0130
 4775 -0.0150
 4780 -0.0160
 4785 -0.0170
 4790 -0.0180
 4795 -0.0190
 4800 -0.0200
 4805 -0.0200
 4810 -0.0200
 4815 -0.0200
 4820 -0.0190
 4825 -0.0190
 4830 -0.0180
 4835 -0.0170
 4840 -0.0150
 4845 -0.0140
 4850 -0.0130
 4855 -0.0110
 4860 -0.0100
 4865 -0.0080
 4870 -0.0070
 4875 -0.0050
 4880 -0.0040
 4885 -0.0030
 4890 -0.0030
 4895 -0.0020
 4900 -0.0020
 4905 -0.0030
 4910 -0.0030
 4915 -0.0040
 4920 -0.0050
 4925 -0.0070
 4930 -0.0080
 4935 -0.0090
 4940 -0.0100
 4945 -0.0120
 4950 -0.0130
 4955 -0.0140
 4960 -0.0140
 4965 -0.0150
 4970 -0.0150
 4975 -0.0140
 4980 -0.0140
 4985 -0.0130
 4990 -0.0120
 4995 -0.0100
 5000 -0.0090
 5005 -0.0080
 5010 -0.0060
 5015 -0.0050
 5020 -0.0030
 5025 -0.0020
 5030 -0.0020
 5035 -0.0010
 5040 -0.0010
 5045 0.0000
 5050 -0.0010
 5055 -0.0010
 5060 -0.0030
 5065 -0.0040
 5070 -0.0050
 5075 -0.0070
 5080 -0.0090
 5085 -0.0110
 5090 -0.0120
 5095 -0.0130
 5100 -0.0150
 5105 -0.0160
 5110 -0.0170
 5115 -0.0170
 5120 -0.0180
 5125 -0.0180
 5130 -0.0180
 5135 -0.0180
 5140 -0.0190
 5145 -0.0190
 5150 -0.0200
 5155 -0.0200
 5160 -0.0210
 5165 -0.0210
 5170 -0.0220
 5175 -0.0230
 5180 -0.0230
 5185 -0.0240
 5190 -0.0240
 5195 -0.0240
 5200 -0.0240
 5205 -0.0240
 5210 -0.0240
 5215 -0.0240
 5220 -0.0240
 5225 -0.0240
 5230 -0.0230
 5235 -0.0240
 5240 -0.0240
 5245 -0.0250
 5250 -0.0250
 5255 -0.0260
 5260 -0.0270
 5265 -0.0280
 5270 -0.0280
 5275 -0.0290
 5280 -0.0300
 5285 -0.0300
 5290 -0.0310
 5295 -0.0310
 5300 -0.0310
 5305 -0.0310
 5310 -0.0300
 5315 -0.0300
 5320 -0.0300
 5325 -0.0290
 5330 -0.0290
 5335 -0.0280
 5340 -0.0280
 5345 -0.0270
 5350 -0.0270
 5355 -0.0260
 5360 -0.0260
 5365 -0.0260
 5370 -0.0250
 5375 -0.0250
 5380 -0.0250
 5385 -0.0250
 5390 -0.0250
 5395 -0.0260
 5400 -0.0260
 5405 -0.0270
 5410 -0.0280
 5415 -0.0280
 5420 -0.0290
 5425 -0.0290
 5430 -0.0300
 5435 -0.0300
 5440 -0.0300
 5445 -0.0290
 5450 -0.0280
 5455 -0.0280
 5460 -0.0270
 5465 -0.0260
 5470 -0.0250
 5475 -0.0240
 5480 -0.0230
 5485 -0.0220
 5490 -0.0210
 5495 -0.0210
 5500 -0.0210
 5505 -0.0210
 5510 -0.0210
 5515 -0.0210
 5520 -0.0220
 5525 -0.0220
 5530 -0.0230
 5535 -0.0240
 5540 -0.0240
 5545 -0.0240
 5550 -0.0240
 5555 -0.0230
 5560 -0.0230
 5565 -0.0220
 5570 -0.0200
 5575 -0.0180
 5580 -0.0160
 5585 -0.0140
 5590 -0.0120
 5595 -0.0100
 5600 -0.0080
 5605 -0.0060
 5610 -0.0050
 5615 -0.0040
 5620 -0.0030
 5625 -0.0030
 5630 -0.0030
 5635 -0.0030
 5640 -0.0030
 5645 -0.0040
 5650 -0.0040
 5655 -0.0050
 5660 -0.0060
 5665 -0.0060
 5670 -0.0060
 5675 -0.0060
 5680 -0.0060
 5685 -0.0070
 5690 -0.0070
 5695 -0.0070
 5700 -0.0080
 5705 -0.0090
 5710 -0.0090
 5715 -0.0100
 5720 -0.0110
 5725 -0.0120
 5730 -0.0130
 5735 -0.0140
 5740 -0.0150
 5745 -0.0150
 5750 -0.0160
 5755 -0.0160
 5760 -0.0160
 5765 -0.0150
 5770 -0.0150
 5775 -0.0140
 5780 -0.0130
 5785 -0.0120
 5790 -0.0110
 5795 -0.0110
 5800 -0.0100
 5805 -0.0100
 5810 -0.0100
 5815 -0.0100
 5820 -0.0100
 5825 -0.0100
 5830 -0.0110
 5835 -0.0100
 5840 -0.0100
 5845 -0.0100
 5850 -0.0100
 5855 -0.0090
 5860 -0.0090
 5865 -0.0080
 5870 -0.0080
 5875 -0.0080
 5880 -0.0080
 5885 -0.0080
 5890 -0.0080
 5895 -0.0090
 5900 -0.0100
 5905 -0.0110
 5910 -0.0120
 5915 -0.0130
 5920 -0.0140
 5925 -0.0160
 5930 -0.0170
 5935 -0.0180
 5940 -0.0200
 5945 -0.0210
 5950 -0.0220
 5955 -0.0240
 5960 -0.0250
 5965 -0.0260
 5970 -0.0270
 5975 -0.0280
 5980 -0.0290
 5985 -0.0300
 5990 -0.0300
 5995 -0.0310
 6000 -0.0320
 6005 -0.0330
 6010 -0.0330
 6015 -0.0340
 6020 -0.0340
 6025 -0.0350
 6030 -0.0350
 6035 -0.0350
 6040 -0.0350
 6045 -0.0350
 6050 -0.0350
 6055 -0.0340
 6060 -0.0340
 6065 -0.0330
 6070 -0.0330
 6075 -0.0320
 6080 -0.0320
 6085 -0.0330
 6090 -0.0330
 6095 -0.0330
 6100 -0.0340
 6105 -0.0340
 6110 -0.0350
 6115 -0.0360
 6120 -0.0360
 6125 -0.0370
 6130 -0.0380
 6135 -0.0380
 6140 -0.0390
 6145 -0.0390
 6150 -0.0390
 6155 -0.0390
 6160 -0.0390
 6165 -0.0390
 6170 -0.0380
 6175 -0.0380
 6180 -0.0370
 6185 -0.0360
 6190 -0.0340
 6195 -0.0330
 6200 -0.0310
 6205 -0.0290
 6210 -0.0270
 6215 -0.0250
 6220 -0.0230
 6225 -0.0210
 6230 -0.0190
 6235 -0.0170
 6240 -0.0150
 6245 -0.0130
 6250 -0.0120
 6255 -0.0110
 6260 -0.0100
 6265 -0.0090
 6270 -0.0080
 6275 -0.0060
 6280 -0.0050
 6285 -0.0040
 6290 -0.0030
 6295 -0.0010
 6300 0.0000
 6305 0.0010
 6310 0.0020
 6315 0.0030
 6320 0.0040
 6325 0.0050
 6330 0.0050
 6335 0.0050
 6340 0.0050
 6345 0.0040
 6350 0.0030
 6355 0.0020
 6360 0.0010
 6365 0.0000
 6370 -0.0010
 6375 -0.0020
 6380 -0.0030
 6385 -0.0040
 6390 -0.0040
 6395 -0.0050
 6400 -0.0050
 6405 -0.0060
 6410 -0.0060
 6415 -0.0060
 6420 -0.0060
 6425 -0.0060
 6430 -0.0070
 6435 -0.0070
 6440 -0.0070
 6445 -0.0070
 6450 -0.0080
 6455 -0.0080
 6460 -0.0090
 6465 -0.0090
 6470 -0.0100
 6475 -0.0100
 6480 -0.0100
 6485 -0.0100
 6490 -0.0100
 6495 -0.0090
 6500 -0.0090
 6505 -0.0090
 6510 -0.0090
 6515 -0.0080
 6520 -0.0080
 6525 -0.0090
 6530 -0.0090
 6535 -0.0100
 6540 -0.0110
 6545 -0.0120
 6550 -0.0140
 6555 -0.0150
 6560 -0.0170
 6565 -0.0190
 6570 -0.0200
 6575 -0.0220
 6580 -0.0230
 6585 -0.0250
 6590 -0.0260
 6595 -0.0270
 6600 -0.0270
 6605 -0.0280
 6610 -0.0280
 6615 -0.0280
 6620 -0.0280
 6625 -0.0270
 6630 -0.0260
 6635 -0.0250
 6640 -0.0240
 6645 -0.0230
 6650 -0.0210
 6655 -0.0200
 6660 -0.0180
 6665 -0.0170
 6670 -0.0160
 6675 -0.0140
 6680 -0.0130
 6685 -0.0120
 6690 -0.0100
 6695 -0.0090
 6700 -0.0080
 6705 -0.0060
 6710 -0.0060
 6715 -0.0050
 6720 -0.0040
 6725 -0.0030
 6730 -0.0030
 6735 -0.0030
 6740 -0.0040
 6745 -0.0040
 6750 -0.0050
 6755 -0.0070
 6760 -0.0080
 6765 -0.0090
 6770 -0.0110
 6775 -0.0120
 6780 -0.0130
 6785 -0.0140
 6790 -0.0150
 6795 -0.0160
 6800 -0.0160
 6805 -0.0170
 6810 -0.0170
 6815 -0.0170
 6820 -0.0180
 6825 -0.0180
 6830 -0.0180
 6835 -0.0190
 6840 -0.0200
 6845 -0.0200
 6850 -0.0210
 6855 -0.0210
 6860 -0.0220
 6865 -0.0220
 6870 -0.0220
 6875 -0.0220
 6880 -0.0220
 6885 -0.0220
 6890 -0.0210
 6895 -0.0210
 6900 -0.0200
 6905 -0.0190
 6910 -0.0190
 6915 -0.0190
 6920 -0.0180
 6925 -0.0180
 6930 -0.0180
 6935 -0.0180
 6940 -0.0170
 6945 -0.0170
 6950 -0.0160
 6955 -0.0160
 6960 -0.0150
 6965 -0.0140
 6970 -0.0140
 6975 -0.0130
 6980 -0.0120
 6985 -0.0110
 6990 -0.0110
 6995 -0.0110
 7000 -0.0100
 7005 -0.0100
 7010 -0.0100
 7015 -0.0100
 7020 -0.0090
 7025 -0.0090
 7030 -0.0090
 7035 -0.0100
 7040 -0.0100
 7045 -0.0100
 7050 -0.0110
 7055 -0.0110
 7060 -0.0110
 7065 -0.0110
 7070 -0.0110
 7075 -0.0110
 7080 -0.0110
 7085 -0.0110
 7090 -0.0100
 7095 -0.0100
 7100 -0.0100
 7105 -0.0090
 7110 -0.0090
 7115 -0.0100
 7120 -0.0100
 7125 -0.0110
 7130 -0.0120
 7135 -0.0130
 7140 -0.0150
 7145 -0.0160
 7150 -0.0180
 7155 -0.0190
 7160 -0.0200
 7165 -0.0210
 7170 -0.0210
 7175 -0.0210
 7180 -0.0210
 7185 -0.0200
 7190 -0.0200
 7195 -0.0190
 7200 -0.0180
 7205 -0.0170
 7210 -0.0160
 7215 -0.0140
 7220 -0.0140
 7225 -0.0130
 7230 -0.0120
 7235 -0.0120
 7240 -0.0110
 7245 -0.0120
 7250 -0.0120
 7255 -0.0130
 7260 -0.0130
 7265 -0.0140
 7270 -0.0150
 7275 -0.0170
 7280 -0.0180
 7285 -0.0190
 7290 -0.0200
 7295 -0.0210
 7300 -0.0220
 7305 -0.0230
 7310 -0.0230
 7315 -0.0240
 7320 -0.0240
 7325 -0.0240
 7330 -0.0230
 7335 -0.0230
 7340 -0.0220
 7345 -0.0220
 7350 -0.0210
 7355 -0.0200
 7360 -0.0200
 7365 -0.0190
 7370 -0.0180
 7375 -0.0170
 7380 -0.0170
 7385 -0.0160
 7390 -0.0160
 7395 -0.0150
 7400 -0.0140
 7405 -0.0140
 7410 -0.0130
 7415 -0.0130
 7420 -0.0120
 7425 -0.0120
 7430 -0.0110
 7435 -0.0110
 7440 -0.0110
 7445 -0.0100
 7450 -0.0100
 7455 -0.0100
 7460 -0.0100
 7465 -0.0100
 7470 -0.0100
 7475 -0.0100
 7480 -0.0100
 7485 -0.0100
 7490 -0.0110
 7495 -0.0110
 7500 -0.0110
 7505 -0.0110
 7510 -0.0110
 7515 -0.0110
 7520 -0.0110
 7525 -0.0110
 7530 -0.0110
 7535 -0.0120
 7540 -0.0120
 7545 -0.0130
 7550 -0.0140
 7555 -0.0150
 7560 -0.0150
 7565 -0.0160
 7570 -0.0170
 7575 -0.0170
 7580 -0.0170
 7585 -0.0170
 7590 -0.0170
 7595 -0.0170
 7600 -0.0170
 7605 -0.0170
 7610 -0.0170
 7615 -0.0180
 7620 -0.0180
 7625 -0.0190
 7630 -0.0200
 7635 -0.0200
 7640 -0.0210
 7645 -0.0210
 7650 -0.0220
 7655 -0.0220
 7660 -0.0220
 7665 -0.0220
 7670 -0.0210
 7675 -0.0200
 7680 -0.0190
 7685 -0.0180
 7690 -0.0170
 7695 -0.0160
 7700 -0.0150
 7705 -0.0130
 7710 -0.0130
 7715 -0.0120
 7720 -0.0120
 7725 -0.0110
 7730 -0.0120
 7735 -0.0120
 7740 -0.0130
 7745 -0.0140
 7750 -0.0150
 7755 -0.0160
 7760 -0.0170
 7765 -0.0170
 7770 -0.0180
 7775 -0.0190
 7780 -0.0190
 7785 -0.0200
 7790 -0.0190
 7795 -0.0190
 7800 -0.0190
 7805 -0.0180
 7810 -0.0170
 7815 -0.0160
 7820 -0.0150
 7825 -0.0130
 7830 -0.0120
 7835 -0.0110
 7840 -0.0090
 7845 -0.0080
 7850 -0.0070
 7855 -0.0060
 7860 -0.0050
 7865 -0.0050
 7870 -0.0050
 7875 -0.0060
 7880 -0.0070
 7885 -0.0080
 7890 -0.0100
 7895 -0.0110
 7900 -0.0130
 7905 -0.0140
 7910 -0.0160
 7915 -0.0170
 7920 -0.0170
 7925 -0.0170
 7930 -0.0160
 7935 -0.0150
 7940 -0.0140
 7945 -0.0120
 7950 -0.0100
 7955 -0.0080
 7960 -0.0070
 7965 -0.0050
 7970 -0.0040
 7975 -0.0030
 7980 -0.0030
 7985 -0.0030
 7990 -0.0030
 7995 -0.0040
 8000 -0.0050
 8005 -0.0060
 8010 -0.0070
 8015 -0.0080
 8020 -0.0100
 8025 -0.0100
 8030 -0.0110
 8035 -0.0120
 8040 -0.0130
 8045 -0.0130
 8050 -0.0140
 8055 -0.0140
 8060 -0.0150
 8065 -0.0160
 8070 -0.0170
 8075 -0.0180
 8080 -0.0190
 8085 -0.0200
 8090 -0.0220
 8095 -0.0230
 8100 -0.0240
 8105 -0.0260
 8110 -0.0270
 8115 -0.0290
 8120 -0.0300
 8125 -0.0320
 8130 -0.0330
 8135 -0.0350
 8140 -0.0370
 8145 -0.0380
 8150 -0.0400
 8155 -0.0420
 8160 -0.0430
 8165 -0.0450
 8170 -0.0460
 8175 -0.0470
 8180 -0.0480
 8185 -0.0480
 8190 -0.0490
 8195 -0.0480
 8200 -0.0480
 8205 -0.0470
 8210 -0.0460
 8215 -0.0450
 8220 -0.0440
 8225 -0.0420
 8230 -0.0420
 8235 -0.0410
 8240 -0.0400
 8245 -0.0390
 8250 -0.0390
 8255 -0.0380
 8260 -0.0380
 8265 -0.0370
 8270 -0.0370
 8275 -0.0360
 8280 -0.0360
 8285 -0.0360
 8290 -0.0350
 8295 -0.0350
 8300 -0.0340
 8305 -0.0340
 8310 -0.0330
 8315 -0.0320
 8320 -0.0320
 8325 -0.0310
 8330 -0.0300
 8335 -0.0280
 8340 -0.0270
 8345 -0.0250
 8350 -0.0240
 8355 -0.0220
 8360 -0.0210
 8365 -0.0190
 8370 -0.0180
 8375 -0.0170
 8380 -0.0160
 8385 -0.0160
 8390 -0.0160
 8395 -0.0160
 8400 -0.0170
 8405 -0.0180
 8410 -0.0190
 8415 -0.0200
 8420 -0.0210
 8425 -0.0220
 8430 -0.0230
 8435 -0.0240
 8440 -0.0240
 8445 -0.0250
 8450 -0.0250
 8455 -0.0250
 8460 -0.0250
 8465 -0.0260
 8470 -0.0260
 8475 -0.0270
 8480 -0.0280
 8485 -0.0290
 8490 -0.0300
 8495 -0.0310
 8500 -0.0320
 8505 -0.0320
 8510 -0.0330
 8515 -0.0340
 8520 -0.0340
 8525 -0.0340
 8530 -0.0340
 8535 -0.0330
 8540 -0.0330
 8545 -0.0320
 8550 -0.0320
 8555 -0.0310
 8560 -0.0310
 8565 -0.0300
 8570 -0.0300
 8575 -0.0300
 8580 -0.0290
 8585 -0.0290
 8590 -0.0290
 8595 -0.0290
 8600 -0.0290
 8605 -0.0290
 8610 -0.0290
 8615 -0.0280
 8620 -0.0280
 8625 -0.0270
 8630 -0.0270
 8635 -0.0260
 8640 -0.0250
 8645 -0.0240
 8650 -0.0230
 8655 -0.0220
 8660 -0.0210
 8665 -0.0210
 8670 -0.0200
 8675 -0.0190
 8680 -0.0190
 8685 -0.0190
 8690 -0.0180
 8695 -0.0180
 8700 -0.0180
 8705 -0.0170
 8710 -0.0170
 8715 -0.0170
 8720 -0.0180
 8725 -0.0180
 8730 -0.0180
 8735 -0.0190
 8740 -0.0200
 8745 -0.0210
 8750 -0.0230
 8755 -0.0240
 8760 -0.0250
 8765 -0.0260
 8770 -0.0280
 8775 -0.0290
 8780 -0.0300
 8785 -0.0300
 8790 -0.0310
 8795 -0.0310
 8800 -0.0310
 8805 -0.0310
 8810 -0.0310
 8815 -0.0300
 8820 -0.0290
 8825 -0.0290
 8830 -0.0280
 8835 -0.0280
 8840 -0.0270
 8845 -0.0270
 8850 -0.0260
 8855 -0.0260
 8860 -0.0260
 8865 -0.0260
 8870 -0.0270
 8875 -0.0270
 8880 -0.0270
 8885 -0.0280
 8890 -0.0280
 8895 -0.0290
 8900 -0.0290
 8905 -0.0290
 8910 -0.0290
 8915 -0.0290
 8920 -0.0290
 8925 -0.0290
 8930 -0.0290
 8935 -0.0290
 8940 -0.0290
 8945 -0.0290
 8950 -0.0290
 8955 -0.0280
 8960 -0.0280
 8965 -0.0280
 8970 -0.0270
 8975 -0.0270
 8980 -0.0270
 8985 -0.0260
 8990 -0.0260
 8995 -0.0260
 9000 -0.0270
 9005 -0.0270
 9010 -0.0280
 9015 -0.0280
 9020 -0.0290
 9025 -0.0300
 9030 -0.0300
 9035 -0.0310
 9040 -0.0310
 9045 -0.0310
 9050 -0.0310
 9055 -0.0310
 9060 -0.0310
 9065 -0.0300
 9070 -0.0300
 9075 -0.0300
 9080 -0.0290
 9085 -0.0290
 9090 -0.0290
 9095 -0.0300
 9100 -0.0300
 9105 -0.0310
 9110 -0.0310
 9115 -0.0320
 9120 -0.0330
 9125 -0.0340
 9130 -0.0350
 9135 -0.0360
 9140 -0.0380
 9145 -0.0390
 9150 -0.0410
 9155 -0.0420
 9160 -0.0440
 9165 -0.0450
 9170 -0.0470
 9175 -0.0480
 9180 -0.0490
 9185 -0.0490
 9190 -0.0500
 9195 -0.0500
 9200 -0.0500
 9205 -0.0500
 9210 -0.0500
 9215 -0.0490
 9220 -0.0480
 9225 -0.0480
 9230 -0.0470
 9235 -0.0470
 9240 -0.0460
 9245 -0.0450
 9250 -0.0450
 9255 -0.0440
 9260 -0.0440
 9265 -0.0430
 9270 -0.0420
 9275 -0.0420
 9280 -0.0410
 9285 -0.0400
 9290 -0.0390
 9295 -0.0390
 9300 -0.0380
 9305 -0.0370
 9310 -0.0370
 9315 -0.0370
 9320 -0.0370
 9325 -0.0370
 9330 -0.0370
 9335 -0.0370
 9340 -0.0380
 9345 -0.0380
 9350 -0.0390
 9355 -0.0400
 9360 -0.0400
 9365 -0.0410
 9370 -0.0420
 9375 -0.0430
 9380 -0.0430
 9385 -0.0440
 9390 -0.0450
 9395 -0.0460
 9400 -0.0460
 9405 -0.0470
 9410 -0.0480
 9415 -0.0490
 9420 -0.0490
 9425 -0.0500
 9430 -0.0500
 9435 -0.0510
 9440 -0.0520
 9445 -0.0520
 9450 -0.0530
 9455 -0.0540
 9460 -0.0550
 9465 -0.0550
 9470 -0.0560
 9475 -0.0560
 9480 -0.0570
 9485 -0.0570
 9490 -0.0560
 9495 -0.0560
 9500 -0.0550
 9505 -0.0530
 9510 -0.0510
 9515 -0.0490
 9520 -0.0470
 9525 -0.0450
 9530 -0.0420
 9535 -0.0400
 9540 -0.0380
 9545 -0.0360
 9550 -0.0350
 9555 -0.0340
 9560 -0.0330
 9565 -0.0330
 9570 -0.0330
 9575 -0.0330
 9580 -0.0330
 9585 -0.0340
 9590 -0.0340
 9595 -0.0350
 9600 -0.0350
 9605 -0.0360
 9610 -0.0360
 9615 -0.0360
 9620 -0.0360
 9625 -0.0360
 9630 -0.0360
 9635 -0.0370
 9640 -0.0370
 9645 -0.0370
 9650 -0.0370
 9655 -0.0370
 9660 -0.0370
 9665 -0.0380
 9670 -0.0380
 9675 -0.0380
 9680 -0.0390
 9685 -0.0390
 9690 -0.0400
 9695 -0.0410
 9700 -0.0410
 9705 -0.0420
 9710 -0.0440
 9715 -0.0450
 9720 -0.0460
 9725 -0.0480
 9730 -0.0490
 9735 -0.0510
 9740 -0.0520
 9745 -0.0540
 9750 -0.0550
 9755 -0.0570
 9760 -0.0580
 9765 -0.0590
 9770 -0.0600
 9775 -0.0610
 9780 -0.0610
 9785 -0.0610
 9790 -0.0610
 9795 -0.0600
 9800 -0.0590
 9805 -0.0570
 9810 -0.0550
 9815 -0.0510
 9820 -0.0480
 9825 -0.0440
 9830 -0.0390
 9835 -0.0350
 9840 -0.0300
 9845 -0.0260
 9850 -0.0220
 9855 -0.0190
 9860 -0.0160
 9865 -0.0130
 9870 -0.0120
 9875 -0.0100
 9880 -0.0100
 9885 -0.0090
 9890 -0.0090
 9895 -0.0090
 9900 -0.0090
 9905 -0.0090
 9910 -0.0090
 9915 -0.0100
 9920 -0.0100
 9925 -0.0110
 9930 -0.0120
 9935 -0.0130
 9940 -0.0150
 9945 -0.0160
 9950 -0.0170
 9955 -0.0180
 9960 -0.0190
 9965 -0.0200
 9970 -0.0200
 9975 -0.0190
 9980 -0.0180
 9985 -0.0170
 9990 -0.0150
 9995 -0.0120
10000 -0.0100
10005 -0.0070
10010 -0.0040
10015 -0.0020
10020 0.0010
10025 0.0030
10030 0.0050
10035 0.0070
10040 0.0090
10045 0.0100
10050 0.0100
10055 0.0110
10060 0.0110
10065 0.0110
10070 0.0100
10075 0.0100
10080 0.0090
10085 0.0080
10090 0.0060
10095 0.0050
10100 0.0030
10105 0.0020
10110 0.0000
10115 -0.0020
10120 -0.0040
10125 -0.0050
10130 -0.0070
10135 -0.0080
10140 -0.0090
10145 -0.0100
10150 -0.0110
10155 -0.0120
10160 -0.0120
10165 -0.0120
10170 -0.0120
10175 -0.0120
10180 -0.0120
10185 -0.0120
10190 -0.0110
10195 -0.0110
10200 -0.0110
10205 -0.0110
10210 -0.0120
10215 -0.0130
10220 -0.0140
10225 -0.0150
10230 -0.0170
10235 -0.0180
10240 -0.0200
10245 -0.0210
10250 -0.0220
10255 -0.0230
10260 -0.0230
10265 -0.0230
10270 -0.0230
10275 -0.0230
10280 -0.0220
10285 -0.0220
10290 -0.0230
10295 -0.0240
10300 -0.0250
10305 -0.0270
10310 -0.0290
10315 -0.0320
10320 -0.0350
10325 -0.0380
10330 -0.0410
10335 -0.0440
10340 -0.0460
10345 -0.0490
10350 -0.0500
10355 -0.0510
10360 -0.0520
10365 -0.0530
10370 -0.0530
10375 -0.0530
10380 -0.0530
10385 -0.0530
10390 -0.0520
10395 -0.0520
10400 -0.0520
10405 -0.0530
10410 -0.0530
10415 -0.0540
10420 -0.0540
10425 -0.0550
10430 -0.0560
10435 -0.0570
10440 -0.0580
10445 -0.0590
10450 -0.0590
10455 -0.0600
10460 -0.0590
10465 -0.0590
10470 -0.0580
10475 -0.0570
10480 -0.0550
10485 -0.0540
10490 -0.0520
10495 -0.0510
10500 -0.0500
10505 -0.0490
10510 -0.0480
10515 -0.0490
10520 -0.0490
10525 -0.0500
10530 -0.0520
10535 -0.0540
10540 -0.0560
10545 -0.0590
10550 -0.0610
10555 -0.0640
10560 -0.0660
10565 -0.0680
10570 -0.0700
10575 -0.0710
10580 -0.0730
10585 -0.0740
10590 -0.0750
10595 -0.0760
10600 -0.0770
10605 -0.0770
10610 -0.0780
10615 -0.0790
10620 -0.0800
10625 -0.0810
10630 -0.0820
10635 -0.0830
10640 -0.0840
10645 -0.0840
10650 -0.0850
10655 -0.0850
10660 -0.0850
10665 -0.0850
10670 -0.0840
10675 -0.0830
10680 -0.0820
10685 -0.0810
10690 -0.0800
10695 -0.0790
10700 -0.0770
10705 -0.0760
10710 -0.0750
10715 -0.0750
10720 -0.0740
10725 -0.0740
10730 -0.0740
10735 -0.0740
10740 -0.0740
10745 -0.0740
10750 -0.0750
10755 -0.0760
10760 -0.0760
10765 -0.0770
10770 -0.0770
10775 -0.0770
10780 -0.0760
10785 -0.0760
10790 -0.0750
10795 -0.0730
10800 -0.0720
10805 -0.0700
10810 -0.0680
10815 -0.0660
10820 -0.0640
10825 -0.0630
10830 -0.0610
10835 -0.0600
10840 -0.0600
10845 -0.0600
10850 -0.0600
10855 -0.0600
10860 -0.0610
10865 -0.0620
10870 -0.0630
10875 -0.0650
10880 -0.0660
10885 -0.0670
10890 -0.0680
10895 -0.0690
10900 -0.0690
10905 -0.0700
10910 -0.0700
10915 -0.0690
10920 -0.0690
10925 -0.0680
10930 -0.0670
10935 -0.0650
10940 -0.0630
10945 -0.0620
10950 -0.0600
10955 -0.0580
10960 -0.0560
10965 -0.0540
10970 -0.0530
10975 -0.0520
10980 -0.0510
10985 -0.0510
10990 -0.0520
10995 -0.0520
11000 -0.0540
11005 -0.0550
11010 -0.0560
11015 -0.0580
11020 -0.0600
11025 -0.0610
11030 -0.0630
11035 -0.0640
11040 -0.0650
11045 -0.0660
11050 -0.0670
11055 -0.0680
11060 -0.0680
11065 -0.0690
11070 -0.0690
11075 -0.0700
11080 -0.0700
11085 -0.0700
11090 -0.0700
11095 -0.0700
11100 -0.0690
11105 -0.0690
11110 -0.0680
11115 -0.0670
11120 -0.0650
11125 -0.0640
11130 -0.0630
11135 -0.0620
11140 -0.0600
11145 -0.0590
11150 -0.0590
11155 -0.0580
11160 -0.0580
11165 -0.0590
11170 -0.0590
11175 -0.0590
11180 -0.0600
11185 -0.0600
11190 -0.0610
11195 -0.0610
11200 -0.0610
11205 -0.0620
11210 -0.0610
11215 -0.0610
11220 -0.0610
11225 -0.0610
11230 -0.0610
11235 -0.0620
11240 -0.0620
11245 -0.0630
11250 -0.0630
11255 -0.0640
11260 -0.0650
11265 -0.0660
11270 -0.0670
11275 -0.0680
11280 -0.0680
11285 -0.0680
11290 -0.0680
11295 -0.0680
11300 -0.0670
11305 -0.0670
11310 -0.0660
11315 -0.0650
11320 -0.0640
11325 -0.0630
11330 -0.0630
11335 -0.0630
11340 -0.0630
11345 -0.0630
11350 -0.0640
11355 -0.0650
11360 -0.0650
11365 -0.0660
11370 -0.0670
11375 -0.0680
11380 -0.0670
11385 -0.0670
11390 -0.0660
11395 -0.0650
11400 -0.0630
11405 -0.0610
11410 -0.0580
11415 -0.0550
11420 -0.0520
11425 -0.0480
11430 -0.0450
11435 -0.0420
11440 -0.0390
11445 -0.0370
11450 -0.0350
11455 -0.0330
11460 -0.0320
11465 -0.0310
11470 -0.0310
11475 -0.0320
11480 -0.0320
11485 -0.0340
11490 -0.0350
11495 -0.0370
11500 -0.0390
11505 -0.0420
11510 -0.0450
11515 -0.0480
11520 -0.0500
11525 -0.0540
11530 -0.0570
11535 -0.0600
11540 -0.0620
11545 -0.0640
11550 -0.0660
11555 -0.0670
11560 -0.0680
11565 -0.0680
11570 -0.0670
11575 -0.0650
11580 -0.0630
11585 -0.0610
11590 -0.0580
11595 -0.0550
11600 -0.0520
11605 -0.0490
11610 -0.0470
11615 -0.0450
11620 -0.0440
11625 -0.0440
11630 -0.0440
11635 -0.0460
