    0 0.0240
    5 0.0250
   10 0.0260
   15 0.0270
   20 0.0270
   25 0.0280
   30 0.0290
   35 0.0290
   40 0.0310
   45 0.0310
   50 0.0310
   55 0.0310
   60 0.0310
   65 0.0310
   70 0.0310
   75 0.0310
   80 0.0310
   85 0.0300
   90 0.0290
   95 0.0290
  100 0.0290
  105 0.0280
  110 0.0280
  115 0.0280
  120 0.0270
  125 0.0260
  130 0.0250
  135 0.0250
  140 0.0230
  145 0.0230
  150 0.0220
  155 0.0210
  160 0.0210
  165 0.0200
  170 0.0190
  175 0.0190
  180 0.0190
  185 0.0200
  190 0.0210
  195 0.0220
  200 0.0230
  205 0.0250
  210 0.0260
  215 0.0270
  220 0.0280
  225 0.0310
  230 0.0310
  235 0.0310
  240 0.0320
  245 0.0330
  250 0.0320
  255 0.0320
  260 0.0310
  265 0.0300
  270 0.0300
  275 0.0290
  280 0.0280
  285 0.0270
  290 0.0260
  295 0.0250
  300 0.0250
  305 0.0240
  310 0.0230
  315 0.0230
  320 0.0220
  325 0.0220
  330 0.0220
  335 0.0220
  340 0.0210
  345 0.0220
  350 0.0220
  355 0.0220
  360 0.0220
  365 0.0220
  370 0.0210
  375 0.0210
  380 0.0210
  385 0.0210
  390 0.0210
  395 0.0200
  400 0.0200
  405 0.0190
  410 0.0190
  415 0.0190
  420 0.0190
  425 0.0180
  430 0.0170
  435 0.0170
  440 0.0170
  445 0.0170
  450 0.0160
  455 0.0170
  460 0.0170
  465 0.0170
  470 0.0170
  475 0.0180
  480 0.0190
  485 0.0190
  490 0.0200
  495 0.0200
  500 0.0220
  505 0.0230
  510 0.0240
  515 0.0250
  520 0.0260
  525 0.0270
  530 0.0280
  535 0.0290
  540 0.0290
  545 0.0290
  550 0.0300
  555 0.0300
  560 0.0300
  565 0.0310
  570 0.0310
  575 0.0310
  580 0.0310
  585 0.0310
  590 0.0300
  595 0.0310
  600 0.0310
  605 0.0310
  610 0.0300
  615 0.0290
  620 0.0290
  625 0.0280
  630 0.0270
  635 0.0250
  640 0.0250
  645 0.0240
  650 0.0220
  655 0.0210
  660 0.0200
  665 0.0190
  670 0.0190
  675 0.0190
  680 0.0180
  685 0.0180
  690 0.0180
  695 0.0180
  700 0.0190
  705 0.0190
  710 0.0200
  715 0.0200
  720 0.0200
  725 0.0210
  730 0.0210
  735 0.0200
  740 0.0200
  745 0.0190
  750 0.0190
  755 0.0190
  760 0.0180
  765 0.0180
  770 0.0170
  775 0.0170
  780 0.0170
  785 0.0160
  790 0.0150
  795 0.0140
  800 0.0130
  805 0.0120
  810 0.0120
  815 0.0110
  820 0.0090
  825 0.0090
  830 0.0080
  835 0.0070
  840 0.0080
  845 0.0080
  850 0.0080
  855 0.0080
  860 0.0090
  865 0.0100
  870 0.0110
  875 0.0120
  880 0.0120
  885 0.0130
  890 0.0130
  895 0.0130
  900 0.0130
  905 0.0130
  910 0.0130
  915 0.0120
  920 0.0120
  925 0.0110
  930 0.0110
  935 0.0110
  940 0.0120
  945 0.0110
  950 0.0120
  955 0.0120
  960 0.0130
  965 0.0130
  970 0.0130
  975 0.0130
  980 0.0140
  985 0.0140
  990 0.0140
  995 0.0130
 1000 0.0130
 1005 0.0120
 1010 0.0110
 1015 0.0110
 1020 0.0110
 1025 0.0100
 1030 0.0100
 1035 0.0100
 1040 0.0100
 1045 0.0100
 1050 0.0110
 1055 0.0110
 1060 0.0120
 1065 0.0120
 1070 0.0130
 1075 0.0140
 1080 0.0140
 1085 0.0140
 1090 0.0140
 1095 0.0150
 1100 0.0150
 1105 0.0150
 1110 0.0150
 1115 0.0150
 1120 0.0150
 1125 0.0150
 1130 0.0150
 1135 0.0150
 1140 0.0160
 1145 0.0160
 1150 0.0150
 1155 0.0150
 1160 0.0150
 1165 0.0150
 1170 0.0150
 1175 0.0140
 1180 0.0140
 1185 0.0140
 1190 0.0140
 1195 0.0140
 1200 0.0130
 1205 0.0130
 1210 0.0140
 1215 0.0140
 1220 0.0140
 1225 0.0150
 1230 0.0160
 1235 0.0170
 1240 0.0180
 1245 0.0200
 1250 0.0200
 1255 0.0220
 1260 0.0230
 1265 0.0240
 1270 0.0250
 1275 0.0260
 1280 0.0260
 1285 0.0250
 1290 0.0250
 1295 0.0240
 1300 0.0230
 1305 0.0230
 1310 0.0210
 1315 0.0200
 1320 0.0180
 1325 0.0160
 1330 0.0150
 1335 0.0130
 1340 0.0120
 1345 0.0100
 1350 0.0100
 1355 0.0090
 1360 0.0080
 1365 0.0070
 1370 0.0070
 1375 0.0080
 1380 0.0090
 1385 0.0100
 1390 0.0110
 1395 0.0120
 1400 0.0120
 1405 0.0130
 1410 0.0140
 1415 0.0150
 1420 0.0150
 1425 0.0150
 1430 0.0140
 1435 0.0140
 1440 0.0140
 1445 0.0130
 1450 0.0120
 1455 0.0110
 1460 0.0100
 1465 0.0090
 1470 0.0090
 1475 0.0080
 1480 0.0080
 1485 0.0080
 1490 0.0090
 1495 0.0090
 1500 0.0090
 1505 0.0090
 1510 0.0090
 1515 0.0090
 1520 0.0100
 1525 0.0100
 1530 0.0110
 1535 0.0100
 1540 0.0100
 1545 0.0100
 1550 0.0100
 1555 0.0100
 1560 0.0090
 1565 0.0090
 1570 0.0080
 1575 0.0080
 1580 0.0080
 1585 0.0080
 1590 0.0070
 1595 0.0070
 1600 0.0060
 1605 0.0060
 1610 0.0060
 1615 0.0050
 1620 0.0050
 1625 0.0040
 1630 0.0050
 1635 0.0040
 1640 0.0040
 1645 0.0040
 1650 0.0030
 1655 0.0040
 1660 0.0030
 1665 0.0030
 1670 0.0020
 1675 0.0020
 1680 0.0010
 1685 0.0020
 1690 0.0010
 1695 0.0000
 1700 0.0000
 1705 0.0000
 1710 -0.0010
 1715 -0.0010
 1720 -0.0010
 1725 0.0000
 1730 0.0010
 1735 0.0020
 1740 0.0030
 1745 0.0030
 1750 0.0040
 1755 0.0050
 1760 0.0050
 1765 0.0060
 1770 0.0070
 1775 0.0070
 1780 0.0070
 1785 0.0070
 1790 0.0060
 1795 0.0050
 1800 0.0040
 1805 0.0030
 1810 0.0020
 1815 0.0010
 1820 0.0000
 1825 -0.0010
 1830 -0.0010
 1835 -0.0020
 1840 -0.0020
 1845 -0.0020
 1850 -0.0020
 1855 -0.0010
 1860 0.0000
 1865 0.0010
 1870 0.0020
 1875 0.0030
 1880 0.0040
 1885 0.0050
 1890 0.0060
 1895 0.0060
 1900 0.0070
 1905 0.0070
 1910 0.0080
 1915 0.0080
 1920 0.0080
 1925 0.0080
 1930 0.0080
 1935 0.0090
 1940 0.0080
 1945 0.0090
 1950 0.0080
 1955 0.0090
 1960 0.0090
 1965 0.0090
 1970 0.0090
 1975 0.0090
 1980 0.0090
 1985 0.0090
 1990 0.0090
 1995 0.0090
 2000 0.0090
 2005 0.0090
 2010 0.0080
 2015 0.0080
 2020 0.0080
 2025 0.0090
 2030 0.0080
 2035 0.0080
 2040 0.0070
 2045 0.0080
 2050 0.0080
 2055 0.0080
 2060 0.0080
 2065 0.0060
 2070 0.0060
 2075 0.0050
 2080 0.0050
 2085 0.0040
 2090 0.0030
 2095 0.0020
 2100 0.0020
 2105 0.0010
 2110 0.0000
 2115 0.0000
 2120 -0.0010
 2125 -0.0010
 2130 -0.0010
 2135 -0.0010
 2140 0.0000
 2145 0.0010
 2150 0.0010
 2155 0.0010
 2160 0.0020
 2165 0.0020
 2170 0.0020
 2175 0.0030
 2180 0.0030
 2185 0.0030
 2190 0.0030
 2195 0.0030
 2200 0.0040
 2205 0.0040
 2210 0.0040
 2215 0.0050
 2220 0.0050
 2225 0.0050
 2230 0.0060
 2235 0.0060
 2240 0.0060
 2245 0.0050
 2250 0.0050
 2255 0.0050
 2260 0.0050
 2265 0.0040
 2270 0.0030
 2275 0.0020
 2280 0.0010
 2285 0.0000
 2290 0.0000
 2295 0.0000
 2300 0.0000
 2305 0.0000
 2310 0.0010
 2315 0.0020
 2320 0.0020
 2325 0.0040
 2330 0.0050
 2335 0.0060
 2340 0.0070
 2345 0.0080
 2350 0.0080
 2355 0.0080
 2360 0.0080
 2365 0.0080
 2370 0.0070
 2375 0.0050
 2380 0.0040
 2385 0.0030
 2390 0.0020
 2395 0.0000
 2400 -0.0010
 2405 -0.0030
 2410 -0.0030
 2415 -0.0040
 2420 -0.0040
 2425 -0.0030
 2430 -0.0030
 2435 -0.0020
 2440 -0.0010
 2445 0.0000
 2450 0.0020
 2455 0.0020
 2460 0.0040
 2465 0.0040
 2470 0.0050
 2475 0.0050
 2480 0.0050
 2485 0.0050
 2490 0.0050
 2495 0.0050
 2500 0.0050
 2505 0.0050
 2510 0.0050
 2515 0.0060
 2520 0.0060
 2525 0.0060
 2530 0.0070
 2535 0.0080
 2540 0.0090
 2545 0.0110
 2550 0.0110
 2555 0.0120
 2560 0.0130
 2565 0.0130
 2570 0.0130
 2575 0.0130
 2580 0.0140
 2585 0.0130
 2590 0.0130
 2595 0.0130
 2600 0.0130
 2605 0.0140
 2610 0.0140
 2615 0.0140
 2620 0.0140
 2625 0.0130
 2630 0.0130
 2635 0.0130
 2640 0.0120
 2645 0.0120
 2650 0.0120
 2655 0.0120
 2660 0.0120
 2665 0.0120
 2670 0.0130
 2675 0.0130
 2680 0.0140
 2685 0.0150
 2690 0.0150
 2695 0.0160
 2700 0.0170
 2705 0.0180
 2710 0.0170
 2715 0.0170
 2720 0.0170
 2725 0.0170
 2730 0.0160
 2735 0.0160
 2740 0.0160
 2745 0.0150
 2750 0.0130
 2755 0.0130
 2760 0.0130
 2765 0.0130
 2770 0.0130
 2775 0.0120
 2780 0.0120
 2785 0.0120
 2790 0.0130
 2795 0.0130
 2800 0.0130
 2805 0.0130
 2810 0.0130
 2815 0.0140
 2820 0.0140
 2825 0.0140
 2830 0.0140
 2835 0.0140
 2840 0.0150
 2845 0.0150
 2850 0.0150
 2855 0.0160
 2860 0.0160
 2865 0.0160
 2870 0.0160
 2875 0.0170
 2880 0.0180
 2885 0.0180
 2890 0.0180
 2895 0.0180
 2900 0.0190
 2905 0.0190
 2910 0.0190
 2915 0.0180
 2920 0.0190
 2925 0.0190
 2930 0.0190
 2935 0.0180
 2940 0.0190
 2945 0.0190
 2950 0.0190
 2955 0.0190
 2960 0.0190
 2965 0.0200
 2970 0.0200
 2975 0.0210
 2980 0.0210
 2985 0.0220
 2990 0.0220
 2995 0.0220
 3000 0.0230
 3005 0.0240
 3010 0.0250
 3015 0.0250
 3020 0.0250
 3025 0.0260
 3030 0.0260
 3035 0.0270
 3040 0.0270
 3045 0.0270
 3050 0.0270
 3055 0.0270
 3060 0.0270
 3065 0.0270
 3070 0.0270
 3075 0.0260
 3080 0.0250
 3085 0.0250
 3090 0.0240
 3095 0.0240
 3100 0.0240
 3105 0.0240
 3110 0.0240
 3115 0.0230
 3120 0.0240
 3125 0.0250
 3130 0.0240
 3135 0.0250
 3140 0.0250
 3145 0.0250
 3150 0.0260
 3155 0.0260
 3160 0.0260
 3165 0.0260
 3170 0.0270
 3175 0.0270
 3180 0.0270
 3185 0.0270
 3190 0.0270
 3195 0.0270
 3200 0.0260
 3205 0.0260
 3210 0.0250
 3215 0.0250
 3220 0.0250
 3225 0.0240
 3230 0.0240
 3235 0.0240
 3240 0.0240
 3245 0.0230
 3250 0.0230
 3255 0.0230
 3260 0.0220
 3265 0.0220
 3270 0.0220
 3275 0.0230
 3280 0.0230
 3285 0.0230
 3290 0.0220
 3295 0.0220
 3300 0.0230
 3305 0.0230
 3310 0.0240
 3315 0.0240
 3320 0.0240
 3325 0.0230
 3330 0.0240
 3335 0.0240
 3340 0.0240
 3345 0.0240
 3350 0.0240
 3355 0.0240
 3360 0.0230
 3365 0.0220
 3370 0.0210
 3375 0.0210
 3380 0.0200
 3385 0.0200
 3390 0.0190
 3395 0.0180
 3400 0.0170
 3405 0.0170
 3410 0.0160
 3415 0.0160
 3420 0.0160
 3425 0.0160
 3430 0.0160
 3435 0.0160
 3440 0.0160
 3445 0.0170
 3450 0.0180
 3455 0.0190
 3460 0.0190
 3465 0.0200
 3470 0.0200
 3475 0.0200
 3480 0.0210
 3485 0.0210
 3490 0.0220
 3495 0.0220
 3500 0.0210
 3505 0.0210
 3510 0.0200
 3515 0.0200
 3520 0.0190
 3525 0.0190
 3530 0.0180
 3535 0.0180
 3540 0.0180
 3545 0.0180
 3550 0.0170
 3555 0.0170
 3560 0.0170
 3565 0.0170
 3570 0.0170
 3575 0.0180
 3580 0.0180
 3585 0.0190
 3590 0.0190
 3595 0.0190
 3600 0.0190
 3605 0.0190
 3610 0.0190
 3615 0.0190
 3620 0.0190
 3625 0.0180
 3630 0.0180
 3635 0.0170
 3640 0.0160
 3645 0.0160
 3650 0.0150
 3655 0.0140
 3660 0.0130
 3665 0.0120
 3670 0.0110
 3675 0.0110
 3680 0.0110
 3685 0.0110
 3690 0.0110
 3695 0.0110
 3700 0.0110
 3705 0.0110
 3710 0.0100
 3715 0.0100
 3720 0.0090
 3725 0.0080
 3730 0.0090
 3735 0.0090
 3740 0.0080
 3745 0.0080
 3750 0.0070
 3755 0.0070
 3760 0.0060
 3765 0.0060
 3770 0.0060
 3775 0.0050
 3780 0.0050
 3785 0.0050
 3790 0.0050
 3795 0.0030
 3800 0.0030
 3805 0.0020
 3810 0.0020
 3815 0.0020
 3820 0.0020
 3825 0.0020
 3830 0.0010
 3835 0.0010
 3840 0.0020
 3845 0.0020
 3850 0.0030
 3855 0.0030
 3860 0.0030
 3865 0.0030
 3870 0.0040
 3875 0.0040
 3880 0.0050
 3885 0.0050
 3890 0.0050
 3895 0.0050
 3900 0.0060
 3905 0.0060
 3910 0.0060
 3915 0.0060
 3920 0.0060
 3925 0.0060
 3930 0.0070
 3935 0.0070
 3940 0.0070
 3945 0.0070
 3950 0.0070
 3955 0.0070
 3960 0.0080
 3965 0.0070
 3970 0.0070
 3975 0.0080
 3980 0.0080
 3985 0.0090
 3990 0.0080
 3995 0.0090
 4000 0.0090
 4005 0.0100
 4010 0.0090
 4015 0.0100
 4020 0.0100
 4025 0.0090
 4030 0.0090
 4035 0.0090
 4040 0.0080
 4045 0.0080
 4050 0.0070
 4055 0.0070
 4060 0.0060
 4065 0.0050
 4070 0.0040
 4075 0.0030
 4080 0.0030
 4085 0.0030
 4090 0.0040
 4095 0.0040
 4100 0.0040
 4105 0.0040
 4110 0.0040
 4115 0.0040
 4120 0.0040
 4125 0.0040
 4130 0.0050
 4135 0.0050
 4140 0.0050
 4145 0.0050
 4150 0.0040
 4155 0.0040
 4160 0.0030
 4165 0.0030
 4170 0.0030
 4175 0.0030
 4180 0.0020
 4185 0.0020
 4190 0.0010
 4195 0.0010
 4200 0.0010
 4205 0.0010
 4210 0.0000
 4215 0.0000
 4220 -0.0010
 4225 -0.0010
 4230 -0.0020
 4235 -0.0020
 4240 -0.0020
 4245 -0.0020
 4250 -0.0030
 4255 -0.0030
 4260 -0.0030
 4265 -0.0030
 4270 -0.0030
 4275 -0.0030
 4280 -0.0020
 4285 -0.0030
 4290 -0.0020
 4295 -0.0020
 4300 -0.0030
 4305 -0.0030
 4310 -0.0030
 4315 -0.0030
 4320 -0.0040
 4325 -0.0050
 4330 -0.0050
 4335 -0.0070
 4340 -0.0070
 4345 -0.0080
 4350 -0.0080
 4355 -0.0090
 4360 -0.0090
 4365 -0.0090
 4370 -0.0080
 4375 -0.0080
 4380 -0.0080
 4385 -0.0070
 4390 -0.0070
 4395 -0.0060
 4400 -0.0060
 4405 -0.0060
 4410 -0.0060
 4415 -0.0060
 4420 -0.0050
 4425 -0.0060
 4430 -0.0060
 4435 -0.0060
 4440 -0.0070
 4445 -0.0070
 4450 -0.0070
 4455 -0.0060
 4460 -0.0060
 4465 -0.0060
 4470 -0.0060
 4475 -0.0060
 4480 -0.0060
 4485 -0.0050
 4490 -0.0050
 4495 -0.0060
 4500 -0.0060
 4505 -0.0050
 4510 -0.0050
 4515 -0.0050
 4520 -0.0050
 4525 -0.0050
 4530 -0.0060
 4535 -0.0060
 4540 -0.0050
 4545 -0.0050
 4550 -0.0050
 4555 -0.0060
 4560 -0.0060
 4565 -0.0050
 4570 -0.0040
 4575 -0.0030
 4580 -0.0030
 4585 -0.0030
 4590 -0.0020
 4595 -0.0020
 4600 -0.0010
 4605 -0.0010
 4610 -0.0010
 4615 0.0000
 4620 0.0000
 4625 0.0000
 4630 0.0000
 4635 0.0000
 4640 -0.0010
 4645 -0.0020
 4650 -0.0020
 4655 -0.0020
 4660 -0.0030
 4665 -0.0040
 4670 -0.0050
 4675 -0.0060
 4680 -0.0050
 4685 -0.0060
 4690 -0.0060
 4695 -0.0070
 4700 -0.0070
 4705 -0.0070
 4710 -0.0060
 4715 -0.0060
 4720 -0.0050
 4725 -0.0040
 4730 -0.0040
 4735 -0.0040
 4740 -0.0040
 4745 -0.0040
 4750 -0.0040
 4755 -0.0040
 4760 -0.0050
 4765 -0.0060
 4770 -0.0060
 4775 -0.0070
 4780 -0.0080
 4785 -0.0090
 4790 -0.0100
 4795 -0.0100
 4800 -0.0100
 4805 -0.0100
 4810 -0.0110
 4815 -0.0100
 4820 -0.0100
 4825 -0.0080
 4830 -0.0070
 4835 -0.0060
 4840 -0.0050
 4845 -0.0040
 4850 -0.0030
 4855 -0.0020
 4860 -0.0010
 4865 -0.0010
 4870 0.0000
 4875 0.0000
 4880 -0.0010
 4885 -0.0010
 4890 -0.0020
 4895 -0.0030
 4900 -0.0030
 4905 -0.0040
 4910 -0.0050
 4915 -0.0070
 4920 -0.0070
 4925 -0.0070
 4930 -0.0070
 4935 -0.0080
 4940 -0.0080
 4945 -0.0070
 4950 -0.0070
 4955 -0.0070
 4960 -0.0070
 4965 -0.0070
 4970 -0.0070
 4975 -0.0060
 4980 -0.0060
 4985 -0.0070
 4990 -0.0070
 4995 -0.0080
 5000 -0.0080
 5005 -0.0080
 5010 -0.0090
 5015 -0.0080
 5020 -0.0080
 5025 -0.0090
 5030 -0.0090
 5035 -0.0090
 5040 -0.0080
 5045 -0.0070
 5050 -0.0070
 5055 -0.0050
 5060 -0.0050
 5065 -0.0050
 5070 -0.0050
 5075 -0.0050
 5080 -0.0050
 5085 -0.0050
 5090 -0.0040
 5095 -0.0040
 5100 -0.0050
 5105 -0.0050
 5110 -0.0050
 5115 -0.0050
 5120 -0.0050
 5125 -0.0060
 5130 -0.0060
 5135 -0.0060
 5140 -0.0060
 5145 -0.0050
 5150 -0.0060
 5155 -0.0050
 5160 -0.0040
 5165 -0.0040
 5170 -0.0030
 5175 -0.0030
 5180 -0.0030
 5185 -0.0020
 5190 -0.0010
 5195 0.0000
 5200 0.0010
 5205 0.0010
 5210 0.0010
 5215 0.0020
 5220 0.0020
 5225 0.0010
 5230 0.0020
 5235 0.0020
 5240 0.0020
 5245 0.0020
 5250 0.0020
 5255 0.0020
 5260 0.0020
 5265 0.0020
 5270 0.0030
 5275 0.0030
 5280 0.0030
 5285 0.0020
 5290 0.0020
 5295 0.0020
 5300 0.0020
 5305 0.0020
 5310 0.0020
 5315 0.0020
 5320 0.0020
 5325 0.0030
 5330 0.0030
 5335 0.0030
 5340 0.0030
 5345 0.0040
 5350 0.0040
 5355 0.0040
 5360 0.0050
 5365 0.0040
 5370 0.0040
 5375 0.0050
 5380 0.0050
 5385 0.0050
 5390 0.0050
 5395 0.0050
 5400 0.0050
 5405 0.0040
 5410 0.0050
 5415 0.0050
 5420 0.0040
 5425 0.0050
 5430 0.0050
 5435 0.0050
 5440 0.0050
 5445 0.0050
 5450 0.0050
 5455 0.0060
 5460 0.0060
 5465 0.0060
 5470 0.0050
 5475 0.0060
 5480 0.0060
 5485 0.0060
 5490 0.0060
 5495 0.0060
 5500 0.0050
 5505 0.0050
 5510 0.0050
 5515 0.0050
 5520 0.0050
 5525 0.0050
 5530 0.0050
 5535 0.0060
 5540 0.0060
 5545 0.0070
 5550 0.0070
 5555 0.0080
 5560 0.0080
 5565 0.0080
 5570 0.0090
 5575 0.0100
 5580 0.0100
 5585 0.0100
 5590 0.0110
 5595 0.0120
 5600 0.0130
 5605 0.0120
 5610 0.0130
 5615 0.0130
 5620 0.0140
 5625 0.0140
 5630 0.0150
 5635 0.0150
 5640 0.0140
 5645 0.0140
 5650 0.0120
 5655 0.0110
 5660 0.0110
 5665 0.0090
 5670 0.0080
 5675 0.0070
 5680 0.0050
 5685 0.0040
 5690 0.0020
 5695 0.0010
 5700 -0.0010
 5705 -0.0020
 5710 -0.0030
 5715 -0.0030
 5720 -0.0030
 5725 -0.0030
 5730 -0.0030
 5735 -0.0030
 5740 -0.0030
 5745 -0.0020
 5750 -0.0010
 5755 0.0010
 5760 0.0020
 5765 0.0040
 5770 0.0040
 5775 0.0060
 5780 0.0060
 5785 0.0070
 5790 0.0080
 5795 0.0090
 5800 0.0100
 5805 0.0100
 5810 0.0100
 5815 0.0100
 5820 0.0100
 5825 0.0110
 5830 0.0100
 5835 0.0100
 5840 0.0100
 5845 0.0100
 5850 0.0100
 5855 0.0100
 5860 0.0090
 5865 0.0090
 5870 0.0090
 5875 0.0090
 5880 0.0090
 5885 0.0080
 5890 0.0080
 5895 0.0070
 5900 0.0080
 5905 0.0070
 5910 0.0070
 5915 0.0070
 5920 0.0060
 5925 0.0070
 5930 0.0060
 5935 0.0070
 5940 0.0080
 5945 0.0070
 5950 0.0080
 5955 0.0080
 5960 0.0100
 5965 0.0110
 5970 0.0110
 5975 0.0120
 5980 0.0120
 5985 0.0120
 5990 0.0120
 5995 0.0120
 6000 0.0130
 6005 0.0130
 6010 0.0140
 6015 0.0130
 6020 0.0120
 6025 0.0120
 6030 0.0120
 6035 0.0110
 6040 0.0110
 6045 0.0100
 6050 0.0100
 6055 0.0100
 6060 0.0100
 6065 0.0100
 6070 0.0090
 6075 0.0090
 6080 0.0100
 6085 0.0100
 6090 0.0100
 6095 0.0100
 6100 0.0090
 6105 0.0100
 6110 0.0090
 6115 0.0100
 6120 0.0100
 6125 0.0100
 6130 0.0100
 6135 0.0100
 6140 0.0110
 6145 0.0110
 6150 0.0120
 6155 0.0130
 6160 0.0140
 6165 0.0150
 6170 0.0160
 6175 0.0170
 6180 0.0180
 6185 0.0190
 6190 0.0200
 6195 0.0210
 6200 0.0210
 6205 0.0220
 6210 0.0210
 6215 0.0210
 6220 0.0210
 6225 0.0200
 6230 0.0200
 6235 0.0190
 6240 0.0180
 6245 0.0180
 6250 0.0170
 6255 0.0160
 6260 0.0160
 6265 0.0160
 6270 0.0170
 6275 0.0170
 6280 0.0170
 6285 0.0180
 6290 0.0180
 6295 0.0190
 6300 0.0200
 6305 0.0210
 6310 0.0200
 6315 0.0200
 6320 0.0210
 6325 0.0220
 6330 0.0220
 6335 0.0220
 6340 0.0220
 6345 0.0220
 6350 0.0210
 6355 0.0220
 6360 0.0210
 6365 0.0210
 6370 0.0200
 6375 0.0200
 6380 0.0200
 6385 0.0200
 6390 0.0190
 6395 0.0190
 6400 0.0190
 6405 0.0180
 6410 0.0180
 6415 0.0180
 6420 0.0180
 6425 0.0170
 6430 0.0170
 6435 0.0170
 6440 0.0160
 6445 0.0160
 6450 0.0150
 6455 0.0140
 6460 0.0140
 6465 0.0130
 6470 0.0110
 6475 0.0100
 6480 0.0090
 6485 0.0080
 6490 0.0070
 6495 0.0060
 6500 0.0060
 6505 0.0050
 6510 0.0050
 6515 0.0050
 6520 0.0050
 6525 0.0050
 6530 0.0060
 6535 0.0070
 6540 0.0070
 6545 0.0080
 6550 0.0090
 6555 0.0100
 6560 0.0110
 6565 0.0120
 6570 0.0130
 6575 0.0130
 6580 0.0130
 6585 0.0130
 6590 0.0130
 6595 0.0140
 6600 0.0130
 6605 0.0130
 6610 0.0120
 6615 0.0120
 6620 0.0120
 6625 0.0110
 6630 0.0100
 6635 0.0100
 6640 0.0110
 6645 0.0100
 6650 0.0100
 6655 0.0100
 6660 0.0100
 6665 0.0100
 6670 0.0110
 6675 0.0110
 6680 0.0110
 6685 0.0110
 6690 0.0110
 6695 0.0110
 6700 0.0110
 6705 0.0120
 6710 0.0110
 6715 0.0100
 6720 0.0100
 6725 0.0100
 6730 0.0110
 6735 0.0110
 6740 0.0100
 6745 0.0090
 6750 0.0090
 6755 0.0090
 6760 0.0080
 6765 0.0080
 6770 0.0070
 6775 0.0070
 6780 0.0060
 6785 0.0050
 6790 0.0050
 6795 0.0050
 6800 0.0050
 6805 0.0050
 6810 0.0050
 6815 0.0040
 6820 0.0050
 6825 0.0030
 6830 0.0040
 6835 0.0040
 6840 0.0040
 6845 0.0030
 6850 0.0020
 6855 0.0010
 6860 0.0010
 6865 0.0000
 6870 0.0000
 6875 0.0000
 6880 0.0010
 6885 0.0010
 6890 0.0000
 6895 0.0010
 6900 0.0020
 6905 0.0030
 6910 0.0040
 6915 0.0050
 6920 0.0050
 6925 0.0070
 6930 0.0080
 6935 0.0090
 6940 0.0090
 6945 0.0100
 6950 0.0100
 6955 0.0100
 6960 0.0110
 6965 0.0110
 6970 0.0110
 6975 0.0110
 6980 0.0100
 6985 0.0110
 6990 0.0110
 6995 0.0120
 7000 0.0120
 7005 0.0120
 7010 0.0130
 7015 0.0130
 7020 0.0140
 7025 0.0160
 7030 0.0160
 7035 0.0170
 7040 0.0170
 7045 0.0170
 7050 0.0180
 7055 0.0180
 7060 0.0170
 7065 0.0170
 7070 0.0170
 7075 0.0180
 7080 0.0180
 7085 0.0180
 7090 0.0170
 7095 0.0180
 7100 0.0180
 7105 0.0190
 7110 0.0190
 7115 0.0210
 7120 0.0210
 7125 0.0220
 7130 0.0220
 7135 0.0230
 7140 0.0250
 7145 0.0250
 7150 0.0270
 7155 0.0280
 7160 0.0280
 7165 0.0290
 7170 0.0300
 7175 0.0300
 7180 0.0310
 7185 0.0310
 7190 0.0310
 7195 0.0310
 7200 0.0320
 7205 0.0320
 7210 0.0320
 7215 0.0310
 7220 0.0310
 7225 0.0300
 7230 0.0300
 7235 0.0290
 7240 0.0290
 7245 0.0290
 7250 0.0280
 7255 0.0290
 7260 0.0290
 7265 0.0290
 7270 0.0290
 7275 0.0290
 7280 0.0300
 7285 0.0310
 7290 0.0310
 7295 0.0320
 7300 0.0320
 7305 0.0320
 7310 0.0330
 7315 0.0330
 7320 0.0330
 7325 0.0340
 7330 0.0330
 7335 0.0320
 7340 0.0330
 7345 0.0340
 7350 0.0340
 7355 0.0340
 7360 0.0330
 7365 0.0340
 7370 0.0340
 7375 0.0350
 7380 0.0350
 7385 0.0350
 7390 0.0350
 7395 0.0350
 7400 0.0350
 7405 0.0350
 7410 0.0350
 7415 0.0350
 7420 0.0350
 7425 0.0350
 7430 0.0350
 7435 0.0340
 7440 0.0340
 7445 0.0340
 7450 0.0340
 7455 0.0330
 7460 0.0320
 7465 0.0310
 7470 0.0310
 7475 0.0300
 7480 0.0300
 7485 0.0290
 7490 0.0290
 7495 0.0290
 7500 0.0290
 7505 0.0280
 7510 0.0280
 7515 0.0280
 7520 0.0280
 7525 0.0280
 7530 0.0280
 7535 0.0280
 7540 0.0280
 7545 0.0270
 7550 0.0270
 7555 0.0270
 7560 0.0270
 7565 0.0280
 7570 0.0280
 7575 0.0270
 7580 0.0270
 7585 0.0270
 7590 0.0270
 7595 0.0270
 7600 0.0260
 7605 0.0260
 7610 0.0240
 7615 0.0240
 7620 0.0230
 7625 0.0220
 7630 0.0200
 7635 0.0190
 7640 0.0180
 7645 0.0170
 7650 0.0170
 7655 0.0170
 7660 0.0160
 7665 0.0170
 7670 0.0170
 7675 0.0180
 7680 0.0180
 7685 0.0190
 7690 0.0200
 7695 0.0200
 7700 0.0200
 7705 0.0210
 7710 0.0220
 7715 0.0230
 7720 0.0230
 7725 0.0240
 7730 0.0240
 7735 0.0240
 7740 0.0230
 7745 0.0230
 7750 0.0230
 7755 0.0230
 7760 0.0240
 7765 0.0240
 7770 0.0250
 7775 0.0250
 7780 0.0240
 7785 0.0250
 7790 0.0250
 7795 0.0250
 7800 0.0250
 7805 0.0250
 7810 0.0260
 7815 0.0260
 7820 0.0260
 7825 0.0250
 7830 0.0240
 7835 0.0240
 7840 0.0240
 7845 0.0230
 7850 0.0230
 7855 0.0220
 7860 0.0210
 7865 0.0210
 7870 0.0200
 7875 0.0200
 7880 0.0190
 7885 0.0200
 7890 0.0190
 7895 0.0190
 7900 0.0190
 7905 0.0190
 7910 0.0200
 7915 0.0210
 7920 0.0210
 7925 0.0230
 7930 0.0230
 7935 0.0240
 7940 0.0240
 7945 0.0250
 7950 0.0260
 7955 0.0270
 7960 0.0270
 7965 0.0260
 7970 0.0260
 7975 0.0260
 7980 0.0250
 7985 0.0230
 7990 0.0230
 7995 0.0210
 8000 0.0210
 8005 0.0200
 8010 0.0190
 8015 0.0190
 8020 0.0180
 8025 0.0170
 8030 0.0170
 8035 0.0170
 8040 0.0180
 8045 0.0180
 8050 0.0180
 8055 0.0180
 8060 0.0190
 8065 0.0190
 8070 0.0200
 8075 0.0200
 8080 0.0200
 8085 0.0210
 8090 0.0210
 8095 0.0210
 8100 0.0220
 8105 0.0230
 8110 0.0230
 8115 0.0240
 8120 0.0240
 8125 0.0260
 8130 0.0270
 8135 0.0270
 8140 0.0270
 8145 0.0280
 8150 0.0290
 8155 0.0300
 8160 0.0300
 8165 0.0310
 8170 0.0310
 8175 0.0310
 8180 0.0300
 8185 0.0310
 8190 0.0300
 8195 0.0300
 8200 0.0300
 8205 0.0290
 8210 0.0290
 8215 0.0290
 8220 0.0290
 8225 0.0280
 8230 0.0280
 8235 0.0280
 8240 0.0290
 8245 0.0290
 8250 0.0290
 8255 0.0290
 8260 0.0300
 8265 0.0300
 8270 0.0310
 8275 0.0300
 8280 0.0310
 8285 0.0300
 8290 0.0290
 8295 0.0290
 8300 0.0280
 8305 0.0280
 8310 0.0280
 8315 0.0280
 8320 0.0280
 8325 0.0280
 8330 0.0280
 8335 0.0290
 8340 0.0300
 8345 0.0310
 8350 0.0330
 8355 0.0340
 8360 0.0350
 8365 0.0360
 8370 0.0380
 8375 0.0390
 8380 0.0400
 8385 0.0400
 8390 0.0410
 8395 0.0410
 8400 0.0410
 8405 0.0410
 8410 0.0400
 8415 0.0400
 8420 0.0380
 8425 0.0370
 8430 0.0360
 8435 0.0340
 8440 0.0320
 8445 0.0300
 8450 0.0280
 8455 0.0260
 8460 0.0240
 8465 0.0220
 8470 0.0200
 8475 0.0190
 8480 0.0180
 8485 0.0170
 8490 0.0160
 8495 0.0150
 8500 0.0140
 8505 0.0140
 8510 0.0140
 8515 0.0140
 8520 0.0140
 8525 0.0140
 8530 0.0140
 8535 0.0140
 8540 0.0140
 8545 0.0140
 8550 0.0140
 8555 0.0140
 8560 0.0150
 8565 0.0150
 8570 0.0160
 8575 0.0170
 8580 0.0180
 8585 0.0190
 8590 0.0210
 8595 0.0220
 8600 0.0240
 8605 0.0250
 8610 0.0250
 8615 0.0260
 8620 0.0260
 8625 0.0260
 8630 0.0260
 8635 0.0250
 8640 0.0240
 8645 0.0230
 8650 0.0220
 8655 0.0210
 8660 0.0200
 8665 0.0180
 8670 0.0170
 8675 0.0170
 8680 0.0160
 8685 0.0150
 8690 0.0150
 8695 0.0140
 8700 0.0140
 8705 0.0140
 8710 0.0130
 8715 0.0130
 8720 0.0130
 8725 0.0130
 8730 0.0120
 8735 0.0110
 8740 0.0100
 8745 0.0120
 8750 0.0130
 8755 0.0130
 8760 0.0140
 8765 0.0150
 8770 0.0150
 8775 0.0160
 8780 0.0170
 8785 0.0170
 8790 0.0180
 8795 0.0180
 8800 0.0180
 8805 0.0190
 8810 0.0190
 8815 0.0190
 8820 0.0180
 8825 0.0180
 8830 0.0190
 8835 0.0190
 8840 0.0190
 8845 0.0190
 8850 0.0190
 8855 0.0190
 8860 0.0190
 8865 0.0190
 8870 0.0190
 8875 0.0190
 8880 0.0180
 8885 0.0190
 8890 0.0180
 8895 0.0190
 8900 0.0180
 8905 0.0180
 8910 0.0180
 8915 0.0190
 8920 0.0200
 8925 0.0210
 8930 0.0210
 8935 0.0210
 8940 0.0220
 8945 0.0240
 8950 0.0240
 8955 0.0250
 8960 0.0260
 8965 0.0260
 8970 0.0260
 8975 0.0260
 8980 0.0260
 8985 0.0260
 8990 0.0250
 8995 0.0240
 9000 0.0230
 9005 0.0220
 9010 0.0220
 9015 0.0200
 9020 0.0190
 9025 0.0180
 9030 0.0180
 9035 0.0180
 9040 0.0170
 9045 0.0170
 9050 0.0170
 9055 0.0180
 9060 0.0190
 9065 0.0190
 9070 0.0200
 9075 0.0200
 9080 0.0210
 9085 0.0220
 9090 0.0230
 9095 0.0240
 9100 0.0240
 9105 0.0240
 9110 0.0250
 9115 0.0260
 9120 0.0260
 9125 0.0250
 9130 0.0250
 9135 0.0240
 9140 0.0240
 9145 0.0240
 9150 0.0230
 9155 0.0230
 9160 0.0230
 9165 0.0230
 9170 0.0220
 9175 0.0220
 9180 0.0220
 9185 0.0230
 9190 0.0230
 9195 0.0240
 9200 0.0250
 9205 0.0250
 9210 0.0260
 9215 0.0260
 9220 0.0270
 9225 0.0270
 9230 0.0270
 9235 0.0270
 9240 0.0270
 9245 0.0270
 9250 0.0260
 9255 0.0260
 9260 0.0250
 9265 0.0250
 9270 0.0240
 9275 0.0230
 9280 0.0220
 9285 0.0210
 9290 0.0200
 9295 0.0200
 9300 0.0190
 9305 0.0180
 9310 0.0170
 9315 0.0160
 9320 0.0150
 9325 0.0150
 9330 0.0150
 9335 0.0140
 9340 0.0140
 9345 0.0140
 9350 0.0130
 9355 0.0120
 9360 0.0120
 9365 0.0110
 9370 0.0120
 9375 0.0120
 9380 0.0120
 9385 0.0130
 9390 0.0150
 9395 0.0150
 9400 0.0160
 9405 0.0180
 9410 0.0190
 9415 0.0200
 9420 0.0210
 9425 0.0220
 9430 0.0240
 9435 0.0250
 9440 0.0260
 9445 0.0270
 9450 0.0280
 9455 0.0280
 9460 0.0280
 9465 0.0270
 9470 0.0270
 9475 0.0270
 9480 0.0270
 9485 0.0260
 9490 0.0260
 9495 0.0260
 9500 0.0260
 9505 0.0260
 9510 0.0250
 9515 0.0250
 9520 0.0250
 9525 0.0250
 9530 0.0240
 9535 0.0240
 9540 0.0240
 9545 0.0250
 9550 0.0240
 9555 0.0240
 9560 0.0240
 9565 0.0240
 9570 0.0240
 9575 0.0230
 9580 0.0230
 9585 0.0230
 9590 0.0240
 9595 0.0240
 9600 0.0240
 9605 0.0250
 9610 0.0250
 9615 0.0250
 9620 0.0260
 9625 0.0260
 9630 0.0270
 9635 0.0270
 9640 0.0270
 9645 0.0270
 9650 0.0280
 9655 0.0280
 9660 0.0280
 9665 0.0270
 9670 0.0270
 9675 0.0270
 9680 0.0250
 9685 0.0230
 9690 0.0210
 9695 0.0190
 9700 0.0160
 9705 0.0140
 9710 0.0110
 9715 0.0090
 9720 0.0070
 9725 0.0050
 9730 0.0030
 9735 0.0010
 9740 0.0000
 9745 -0.0010
 9750 -0.0010
 9755 -0.0010
 9760 -0.0010
 9765 -0.0010
 9770 0.0000
 9775 0.0010
 9780 0.0020
 9785 0.0030
 9790 0.0050
 9795 0.0070
 9800 0.0090
 9805 0.0090
 9810 0.0110
 9815 0.0120
 9820 0.0130
 9825 0.0130
 9830 0.0140
 9835 0.0140
 9840 0.0140
 9845 0.0140
 9850 0.0140
 9855 0.0140
 9860 0.0140
 9865 0.0150
 9870 0.0150
 9875 0.0160
 9880 0.0170
 9885 0.0180
 9890 0.0190
 9895 0.0200
 9900 0.0200
 9905 0.0210
 9910 0.0220
 9915 0.0220
 9920 0.0220
 9925 0.0210
 9930 0.0210
 9935 0.0200
 9940 0.0190
 9945 0.0190
 9950 0.0180
 9955 0.0170
 9960 0.0160
 9965 0.0160
 9970 0.0150
 9975 0.0140
 9980 0.0120
 9985 0.0110
 9990 0.0110
 9995 0.0090
10000 0.0080
10005 0.0070
10010 0.0060
10015 0.0060
10020 0.0060
10025 0.0050
10030 0.0050
10035 0.0050
10040 0.0060
10045 0.0080
10050 0.0090
10055 0.0110
10060 0.0110
10065 0.0130
10070 0.0140
10075 0.0160
10080 0.0170
10085 0.0190
10090 0.0200
10095 0.0210
10100 0.0220
10105 0.0220
10110 0.0230
10115 0.0240
10120 0.0250
10125 0.0260
10130 0.0260
10135 0.0260
10140 0.0270
10145 0.0280
10150 0.0290
10155 0.0290
10160 0.0300
10165 0.0300
10170 0.0300
10175 0.0300
10180 0.0300
10185 0.0290
10190 0.0300
10195 0.0290
10200 0.0290
10205 0.0270
10210 0.0260
10215 0.0240
10220 0.0230
10225 0.0220
10230 0.0210
10235 0.0190
10240 0.0180
10245 0.0170
10250 0.0170
10255 0.0180
10260 0.0180
10265 0.0190
10270 0.0200
10275 0.0210
10280 0.0230
10285 0.0250
10290 0.0260
10295 0.0280
10300 0.0290
10305 0.0310
10310 0.0320
10315 0.0330
10320 0.0330
10325 0.0340
10330 0.0330
10335 0.0320
10340 0.0320
10345 0.0310
10350 0.0300
10355 0.0290
10360 0.0270
10365 0.0260
10370 0.0240
10375 0.0230
10380 0.0220
10385 0.0220
10390 0.0210
10395 0.0200
10400 0.0200
10405 0.0210
10410 0.0220
10415 0.0230
10420 0.0240
10425 0.0260
10430 0.0270
10435 0.0270
10440 0.0290
10445 0.0290
10450 0.0300
10455 0.0310
10460 0.0320
10465 0.0330
10470 0.0340
10475 0.0340
10480 0.0350
10485 0.0350
10490 0.0360
10495 0.0360
10500 0.0370
10505 0.0370
10510 0.0380
10515 0.0380
10520 0.0380
10525 0.0380
10530 0.0380
10535 0.0370
10540 0.0360
10545 0.0360
10550 0.0350
10555 0.0350
10560 0.0350
10565 0.0350
10570 0.0340
10575 0.0350
10580 0.0340
10585 0.0340
10590 0.0340
10595 0.0340
10600 0.0330
10605 0.0330
10610 0.0320
10615 0.0320
10620 0.0320
10625 0.0310
10630 0.0320
10635 0.0310
10640 0.0310
10645 0.0310
10650 0.0300
10655 0.0300
10660 0.0310
10665 0.0310
10670 0.0310
10675 0.0310
10680 0.0320
10685 0.0330
10690 0.0330
10695 0.0330
10700 0.0340
10705 0.0340
10710 0.0340
10715 0.0350
10720 0.0350
10725 0.0350
10730 0.0350
10735 0.0350
10740 0.0350
10745 0.0360
10750 0.0360
10755 0.0360
10760 0.0350
10765 0.0340
10770 0.0340
10775 0.0330
10780 0.0330
10785 0.0320
10790 0.0320
10795 0.0310
10800 0.0310
10805 0.0310
10810 0.0310
10815 0.0310
10820 0.0310
10825 0.0300
10830 0.0300
10835 0.0300
10840 0.0290
10845 0.0290
10850 0.0290
10855 0.0290
10860 0.0290
10865 0.0300
10870 0.0300
10875 0.0300
10880 0.0300
10885 0.0310
10890 0.0320
10895 0.0330
10900 0.0330
10905 0.0340
10910 0.0350
10915 0.0350
10920 0.0350
10925 0.0360
10930 0.0360
10935 0.0370
10940 0.0370
10945 0.0370
10950 0.0370
10955 0.0370
10960 0.0370
10965 0.0370
10970 0.0380
10975 0.0380
10980 0.0390
10985 0.0380
10990 0.0380
10995 0.0370
11000 0.0370
11005 0.0370
11010 0.0370
11015 0.0380
11020 0.0380
11025 0.0390
11030 0.0390
11035 0.0400
11040 0.0420
11045 0.0430
11050 0.0450
11055 0.0460
11060 0.0470
11065 0.0470
11070 0.0480
11075 0.0490
11080 0.0480
11085 0.0490
11090 0.0480
11095 0.0470
11100 0.0460
11105 0.0450
11110 0.0440
11115 0.0430
11120 0.0420
11125 0.0400
11130 0.0390
11135 0.0370
11140 0.0350
11145 0.0330
11150 0.0310
11155 0.0300
11160 0.0280
11165 0.0270
11170 0.0260
11175 0.0240
11180 0.0240
11185 0.0240
11190 0.0250
11195 0.0240
11200 0.0250
11205 0.0270
11210 0.0280
11215 0.0300
11220 0.0310
11225 0.0320
11230 0.0340
11235 0.0350
11240 0.0370
11245 0.0380
11250 0.0400
11255 0.0410
11260 0.0410
11265 0.0420
11270 0.0430
11275 0.0430
11280 0.0430
11285 0.0430
11290 0.0430
11295 0.0440
11300 0.0440
11305 0.0440
11310 0.0440
11315 0.0430
11320 0.0430
11325 0.0430
11330 0.0420
11335 0.0410
11340 0.0410
11345 0.0410
11350 0.0400
11355 0.0400
11360 0.0400
11365 0.0390
11370 0.0390
11375 0.0390
11380 0.0380
11385 0.0390
11390 0.0390
11395 0.0390
11400 0.0400
11405 0.0400
11410 0.0410
11415 0.0420
11420 0.0420
11425 0.0420
11430 0.0410
11435 0.0420
11440 0.0410
11445 0.0410
11450 0.0410
11455 0.0410
11460 0.0410
11465 0.0410
11470 0.0410
11475 0.0410
11480 0.0400
11485 0.0410
11490 0.0410
11495 0.0420
11500 0.0420
11505 0.0430
11510 0.0430
11515 0.0430
11520 0.0430
11525 0.0440
11530 0.0440
11535 0.0440
11540 0.0430
11545 0.0430
11550 0.0420
11555 0.0420
11560 0.0420
11565 0.0410
11570 0.0410
11575 0.0410
11580 0.0410
11585 0.0410
11590 0.0400
11595 0.0400
11600 0.0400
11605 0.0410
11610 0.0410
11615 0.0400
11620 0.0400
11625 0.0400
11630 0.0390
11635 0.0390
