    0 60.9900
    1 60.9900
    2 60.9800
    3 60.9900
    4 60.9900
    5 60.9900
    6 60.9900
    7 60.9900
    8 60.9900
    9 60.9900
   10 60.9900
   11 60.9900
   12 60.9900
   13 60.9800
   14 60.9900
   15 60.9900
   16 60.9900
   17 60.9900
   18 60.9800
   19 60.9900
   20 60.9900
   21 60.9900
   22 60.9800
   23 60.9900
   24 60.9900
   25 60.9900
   26 60.9800
   27 60.9900
   28 60.9900
   29 60.9900
   30 60.9800
   31 60.9900
   32 60.9900
   33 60.9900
   34 60.9800
   35 60.9900
   36 60.9900
   37 60.9900
   38 60.9900
   39 60.9900
   40 60.9900
   41 60.9900
   42 60.9900
   43 60.9900
   44 60.9900
   45 60.9900
   46 60.9900
   47 60.9900
   48 60.9900
   49 60.9900
   50 60.9900
   51 60.9900
   52 60.9900
   53 60.9900
   54 60.9900
   55 60.9900
   56 60.9900
   57 60.9900
   58 60.9900
   59 60.9900
   60 60.9900
   61 60.9900
   62 60.9900
   63 60.9900
   64 60.9900
   65 60.9900
   66 60.9900
   67 60.9900
   68 60.9900
   69 60.9900
   70 60.9900
   71 60.9900
   72 60.9900
   73 60.9900
   74 60.9900
   75 60.9900
   76 60.9900
   77 60.9900
   78 60.9900
   79 60.9900
   80 60.9900
   81 60.9900
   82 61.0000
   83 60.9800
   84 60.9800
   85 60.9800
   86 60.9800
   87 61.0000
   88 60.9900
   89 60.9900
   90 60.9800
   91 60.9900
   92 60.9800
   93 61.0100
   94 60.9900
   95 61.0200
   96 60.9900
   97 60.9900
   98 60.9800
   99 61.0000
  100 60.9900
  101 61.0100
  102 60.9700
  103 60.9700
  104 60.9600
  105 61.0100
  106 61.0200
  107 61.0000
  108 60.9300
  109 60.8700
  110 60.9600
  111 61.0300
  112 61.1200
  113 61.0800
  114 60.9600
  115 60.8500
  116 60.9100
  117 61.1500
  118 61.3500
  119 61.3100
  120 61.0600
  121 60.6900
  122 60.7800
  123 60.6900
  124 61.0800
  125 61.0400
  126 61.1400
  127 60.9400
  128 60.9300
  129 61.0700
  130 61.0400
  131 60.9000
  132 60.6600
  133 60.7800
  134 61.0900
  135 61.3100
  136 61.3900
  137 61.1100
  138 60.7200
  139 60.7100
  140 61.0000
  141 61.3400
  142 61.2700
  143 60.8700
  144 60.6100
  145 60.5500
  146 60.8100
  147 61.0400
  148 61.3100
  149 61.2100
  150 61.5600
  151 61.5200
  152 61.1600
  153 60.3900
  154 59.9600
  155 60.1100
  156 60.6700
  157 61.4600
  158 61.9800
  159 61.7000
  160 61.1200
  161 60.3700
  162 60.8400
  163 61.2400
  164 61.2600
  165 60.9400
  166 60.0500
  167 60.4900
  168 61.0100
  169 62.2000
  170 62.5100
  171 61.4800
  172 60.2600
  173 59.3900
  174 60.0900
  175 60.4300
  176 60.6100
  177 61.0100
  178 60.8100
  179 61.4800
  180 61.8600
  181 61.3500
  182 59.7800
  183 58.0600
  184 58.7500
  185 61.0500
  186 63.2500
  187 63.7600
  188 61.9600
  189 60.6000
  190 60.2300
  191 61.1400
  192 62.1200
  193 62.9000
  194 63.3100
  195 61.1700
  196 59.5300
  197 60.3800
  198 61.1000
  199 61.3400
  200 61.6000
  201 60.5700
  202 59.4700
  203 57.6800
  204 58.2000
  205 59.4800
  206 61.8100
  207 63.5400
  208 63.4800
  209 62.3100
  210 59.5100
  211 61.0800
  212 62.8900
  213 63.6700
  214 61.5000
  215 59.8400
  216 59.6700
  217 60.5200
  218 61.8300
  219 60.9300
  220 60.7100
  221 58.5600
  222 58.5800
  223 59.4600
  224 61.4700
  225 61.7100
  226 62.9400
  227 63.2600
  228 62.9000
  229 61.9600
  230 60.5600
  231 60.8700
  232 59.8100
  233 62.0700
  234 60.4400
  235 60.7100
  236 58.9400
  237 57.3000
  238 57.0900
  239 60.6700
  240 67.2600
  241 66.3000
  242 63.6700
  243 58.7500
  244 57.7500
  245 62.3000
  246 61.9100
  247 60.6200
  248 58.8100
  249 58.0400
  250 57.9900
  251 61.9700
  252 64.2900
  253 63.3100
  254 60.8700
  255 58.9100
  256 58.8600
  257 62.0000
  258 67.1300
  259 64.8600
  260 60.8800
  261 58.9700
  262 57.7700
  263 59.0500
  264 60.3200
  265 60.0700
  266 59.1800
  267 57.6700
  268 58.7400
  269 64.7400
  270 64.3100
  271 64.6900
  272 63.9800
  273 61.0700
  274 60.0300
  275 59.3000
  276 59.1600
  277 60.5200
  278 60.7600
  279 61.1900
  280 63.6700
  281 61.0300
  282 58.9000
  283 57.8100
  284 59.4700
  285 62.2500
  286 62.4300
  287 61.8500
  288 62.4500
  289 63.2700
  290 61.3500
  291 59.2600
  292 59.3200
  293 60.0200
  294 58.6900
  295 59.4600
  296 63.2400
  297 65.3600
  298 63.4500
  299 61.9100
  300 60.1100
  301 58.2900
  302 59.0400
  303 59.6200
  304 60.8400
  305 62.1000
  306 61.1000
  307 60.6100
  308 60.5800
  309 59.8200
  310 61.0600
  311 62.2200
  312 63.3500
  313 64.0500
  314 61.4000
  315 59.1700
  316 61.1700
  317 60.3400
  318 59.5700
  319 59.7200
  320 61.1800
  321 60.6600
  322 61.2400
  323 59.2700
  324 58.6800
  325 60.3700
  326 64.4000
  327 65.6200
  328 64.2300
  329 59.5700
  330 57.0600
  331 58.4200
  332 62.2600
  333 63.6800
  334 62.0000
  335 59.4000
  336 59.9300
  337 60.7300
  338 61.3900
  339 61.8600
  340 61.4600
  341 58.9000
  342 57.9300
  343 58.8500
  344 62.1300
  345 63.0400
  346 62.5700
  347 61.8800
  348 62.7700
  349 63.7700
  350 63.3600
  351 61.4200
  352 59.2800
  353 56.7400
  354 57.5600
  355 60.1900
  356 61.7000
  357 61.4600
  358 59.6000
  359 61.0500
  360 61.0800
  361 60.8600
  362 61.5200
  363 62.2800
  364 64.2400
  365 64.3900
  366 63.3600
  367 60.7500
  368 58.0700
  369 56.9800
  370 58.0200
  371 59.9200
  372 62.6000
  373 63.0100
  374 60.5200
  375 60.4700
  376 59.8700
  377 60.3600
  378 60.4700
  379 61.5800
  380 63.6300
  381 63.5400
  382 62.9200
  383 62.2700
  384 60.9200
  385 59.5100
  386 58.4500
  387 59.6900
  388 60.7200
  389 61.0000
  390 60.2200
  391 59.0000
  392 59.2300
  393 60.5800
  394 62.2400
  395 63.7800
  396 64.0200
  397 63.4900
  398 61.5500
  399 59.8100
  400 59.3400
  401 58.9800
  402 60.3200
  403 62.5500
  404 62.3400
  405 60.1700
  406 59.4500
  407 58.8900
  408 59.7800
  409 62.0500
  410 64.0800
  411 63.6100
  412 61.5700
  413 59.6400
  414 58.1600
  415 58.0000
  416 58.9200
  417 61.0600
  418 64.5900
  419 66.5200
  420 64.0300
  421 61.6400
  422 59.9900
  423 59.1500
  424 58.2000
  425 57.2900
  426 58.9400
  427 60.4800
  428 61.0400
  429 61.7000
  430 62.4800
  431 62.6300
  432 62.7100
  433 62.5500
  434 62.3200
  435 61.7800
  436 60.5000
  437 59.7300
  438 59.5500
  439 60.2900
  440 61.6300
  441 61.6200
  442 60.1400
  443 58.7200
  444 58.3900
  445 60.1600
  446 61.6200
  447 62.7000
  448 63.5300
  449 63.3200
  450 62.8600
  451 61.6600
  452 60.6600
  453 59.6300
  454 58.7800
  455 59.3900
  456 60.2600
  457 61.4800
  458 62.4700
  459 62.6100
  460 61.1700
  461 59.4200
  462 58.7300
  463 59.1700
  464 60.6100
  465 62.4000
  466 63.7700
  467 63.6600
  468 62.4800
  469 60.5600
  470 59.5800
  471 59.7600
  472 60.5900
  473 61.0700
  474 60.7400
  475 60.4300
  476 60.5100
  477 60.4100
  478 60.0400
  479 60.2400
  480 61.4300
  481 62.9300
  482 63.1900
  483 63.0300
  484 61.9100
  485 60.0100
  486 59.2100
  487 58.8900
  488 59.3000
  489 60.5900
  490 62.1900
  491 63.2500
  492 63.2000
  493 60.9200
  494 58.9700
  495 58.1100
  496 58.9700
  497 61.1100
  498 63.1400
  499 63.6300
  500 63.2600
  501 62.5000
  502 61.4300
  503 60.1900
  504 59.0100
  505 58.7400
  506 59.0600
  507 59.4900
  508 60.2000
  509 61.3500
  510 62.4400
  511 63.0600
  512 63.3700
  513 63.0900
  514 62.3400
  515 61.2200
  516 59.8500
  517 58.6700
  518 58.3800
  519 59.6700
  520 60.6200
  521 61.0400
  522 61.1000
  523 61.5100
  524 61.9400
  525 61.8700
  526 61.7300
  527 61.5400
  528 61.2100
  529 61.1600
  530 61.6100
  531 62.3100
  532 61.8900
  533 60.4200
  534 58.9100
  535 58.1800
  536 58.6400
  537 60.0400
  538 61.3800
  539 62.1500
  540 62.7900
  541 63.3600
  542 62.9500
  543 61.9300
  544 61.1900
  545 60.5900
  546 59.6600
  547 59.5800
  548 59.7700
  549 59.9500
  550 60.5000
  551 61.2600
  552 61.5900
  553 61.3200
  554 61.5800
  555 61.7400
  556 61.7900
  557 61.2700
  558 60.9800
  559 60.8200
  560 60.5700
  561 60.3200
  562 60.1100
  563 60.4400
  564 61.3400
  565 62.0000
  566 62.2400
  567 61.9800
  568 61.3400
  569 60.5300
  570 59.7900
  571 59.5000
  572 59.7700
  573 60.4900
  574 61.4600
  575 61.9800
  576 62.1700
  577 62.1500
  578 61.8200
  579 61.2200
  580 60.4200
  581 59.8400
  582 59.8600
  583 60.8500
  584 61.9000
  585 62.1700
  586 61.4900
  587 60.4700
  588 59.5100
  589 59.5100
  590 60.2700
  591 61.4200
  592 62.3900
  593 62.4000
  594 61.8800
  595 61.2000
  596 60.8300
  597 60.7600
  598 60.8500
  599 61.0300
  600 60.5000
  601 60.3200
  602 60.7300
  603 60.7200
  604 60.7800
  605 61.0900
  606 61.3600
  607 61.3700
  608 61.2000
  609 61.0700
  610 61.0900
  611 61.5100
  612 61.7600
  613 61.3700
  614 60.3800
  615 59.7000
  616 59.9600
  617 60.7100
  618 61.6500
  619 62.1700
  620 62.0000
  621 61.3700
  622 60.5600
  623 60.1500
  624 60.3200
  625 60.9900
  626 61.1100
  627 60.9800
  628 60.7500
  629 60.8700
  630 61.0300
  631 61.3100
  632 61.9300
  633 62.2000
  634 61.8300
  635 61.0600
  636 60.2000
  637 59.6100
  638 59.8200
  639 60.4600
  640 61.2100
  641 61.4700
  642 61.2500
  643 60.8500
  644 60.5400
  645 61.0000
  646 62.1600
  647 62.6500
  648 62.3200
  649 61.2300
  650 60.1000
  651 59.6700
  652 59.7100
  653 60.2800
  654 61.0000
  655 61.5100
  656 61.2400
  657 60.7000
  658 60.5300
  659 61.1500
  660 61.9400
  661 62.3900
  662 62.2200
  663 61.2100
  664 60.2700
  665 59.9600
  666 60.2200
  667 60.5000
  668 60.7600
  669 61.2300
  670 61.5000
  671 61.2100
  672 60.7300
  673 60.4900
  674 60.7300
  675 61.3700
  676 61.9300
  677 61.9400
  678 61.6200
  679 61.1300
  680 60.7100
  681 60.3700
  682 60.1000
  683 59.8900
  684 60.2400
  685 61.1700
  686 61.9000
  687 62.1400
  688 61.7900
  689 60.9600
  690 60.4200
  691 60.5400
  692 61.0800
  693 61.5700
  694 61.8200
  695 61.3400
  696 60.3400
  697 59.6700
  698 59.5200
  699 60.1200
  700 61.2100
  701 62.1900
  702 62.6900
  703 62.6900
  704 62.0100
  705 60.9500
  706 59.9700
  707 59.7600
  708 60.1400
  709 60.5100
  710 60.6600
  711 60.8400
  712 60.8400
  713 60.9300
  714 61.1200
  715 61.3800
  716 61.7000
  717 62.0200
  718 62.1400
  719 61.8200
  720 61.0000
  721 60.1900
  722 59.8700
  723 60.2300
  724 60.8200
  725 60.9900
  726 60.8700
  727 60.6100
  728 60.7400
  729 61.0900
  730 61.3400
  731 61.2700
  732 61.2700
  733 61.4900
  734 61.7400
  735 61.6700
  736 61.2400
  737 60.8100
  738 60.4400
  739 60.3600
  740 60.6500
  741 60.9800
  742 60.9500
  743 60.9000
  744 60.7800
  745 60.7300
  746 60.8600
  747 61.0900
  748 61.3600
  749 61.4400
  750 61.4300
  751 61.2900
  752 61.2000
  753 61.2400
  754 61.3400
  755 61.0800
  756 60.8600
  757 60.6100
  758 60.3100
  759 59.9400
  760 59.9800
  761 60.5000
  762 61.4400
  763 62.2700
  764 62.6000
  765 62.2100
  766 61.3800
  767 60.5600
  768 60.3000
  769 60.4300
  770 60.5500
  771 60.6000
  772 60.5700
  773 60.7000
  774 60.9000
  775 61.1400
  776 61.3800
  777 61.6000
  778 61.7000
  779 61.6800
  780 61.3500
  781 60.8100
  782 60.3700
  783 60.5000
  784 60.8800
  785 61.0700
  786 60.6900
  787 60.2400
  788 60.0700
  789 60.5700
  790 61.6400
  791 62.4400
  792 62.5700
  793 62.0100
  794 61.1000
  795 60.3700
  796 60.0100
  797 60.1500
  798 60.3800
  799 60.5800
  800 60.8200
  801 61.0700
  802 61.3800
  803 61.6500
  804 61.6500
  805 61.3900
  806 61.0900
  807 60.8500
  808 60.7700
  809 60.8900
  810 60.8300
  811 60.6000
  812 60.4500
  813 60.6600
  814 61.1800
  815 61.7700
  816 62.1400
  817 61.9700
  818 61.1200
  819 60.1500
  820 59.5800
  821 59.6000
  822 60.2600
  823 61.3200
  824 62.0400
  825 62.0700
  826 61.6800
  827 61.3400
  828 61.2700
  829 61.3300
  830 61.1400
  831 60.6400
  832 60.1000
  833 59.8500
  834 60.0700
  835 60.6400
  836 61.4200
  837 61.9000
  838 61.9800
  839 61.6200
  840 61.0300
  841 60.7200
  842 60.7700
  843 60.9900
  844 61.0800
  845 60.8900
  846 60.6400
  847 60.4800
  848 60.6600
  849 61.1200
  850 61.5700
  851 61.6000
  852 61.4000
  853 61.1200
  854 60.8000
  855 60.5600
  856 60.4700
  857 60.7700
  858 61.0900
  859 61.3300
  860 61.4100
  861 61.2100
  862 60.8800
  863 60.6300
  864 60.7100
  865 61.0000
  866 61.1900
  867 61.2300
  868 61.2200
  869 61.1400
  870 61.2000
  871 61.2800
  872 61.1800
  873 60.9700
  874 60.5800
  875 60.1400
  876 60.0700
  877 60.4600
  878 61.1400
  879 61.7000
  880 61.9800
  881 61.9600
  882 61.7100
  883 61.2900
  884 60.8700
  885 60.5400
  886 60.3900
  887 60.3500
  888 60.4200
  889 60.6100
  890 60.9500
  891 61.2200
  892 61.3000
  893 61.2300
  894 61.1000
  895 61.2300
  896 61.5100
  897 61.6800
  898 61.4700
  899 60.9100
  900 60.4700
  901 60.3800
  902 60.6500
  903 60.8800
  904 60.8200
  905 60.6400
  906 60.7200
  907 61.1800
  908 61.6800
  909 61.8900
  910 61.6400
  911 61.0000
  912 60.5200
  913 60.4100
  914 60.6700
  915 61.1600
  916 61.5000
  917 61.3800
  918 60.9100
  919 60.4500
  920 60.4500
  921 60.7600
  922 61.2700
  923 61.7200
  924 61.9000
  925 61.6100
  926 60.9900
  927 60.3100
  928 59.8700
  929 60.0100
  930 60.6500
  931 61.2800
  932 61.5900
  933 61.7000
  934 61.7600
  935 61.7800
  936 61.6200
  937 61.2400
  938 60.6900
  939 60.1100
  940 59.8200
  941 60.0000
  942 60.6100
  943 61.3000
  944 61.8400
  945 62.0100
  946 61.7400
  947 61.2600
  948 60.7500
  949 60.5100
  950 60.5300
  951 60.7700
  952 61.0700
  953 61.1400
  954 61.0400
  955 60.9600
  956 61.0800
  957 61.2500
  958 61.3800
  959 61.4100
  960 61.2300
  961 61.0100
  962 60.8000
  963 60.7600
  964 60.7800
  965 60.7300
  966 60.6900
  967 60.7000
  968 60.6900
  969 60.7600
  970 61.0400
  971 61.4800
  972 61.9200
  973 62.1400
  974 61.9300
  975 61.4100
  976 60.8100
  977 60.3500
  978 60.0900
  979 60.1700
  980 60.4100
  981 60.6800
  982 60.9000
  983 61.0800
  984 61.2600
  985 61.5200
  986 61.7500
  987 61.8500
  988 61.7700
  989 61.4200
  990 60.9700
  991 60.5200
  992 60.2500
  993 60.2200
  994 60.4100
  995 60.6700
  996 61.0100
  997 61.3100
  998 61.5800
  999 61.8100
 1000 61.8200
 1001 61.5500
 1002 61.1000
 1003 60.6300
 1004 60.3400
 1005 60.3400
 1006 60.5000
 1007 60.7100
 1008 60.9800
 1009 61.2400
 1010 61.5200
 1011 61.7700
 1012 61.9300
 1013 61.8000
 1014 61.3700
 1015 60.7700
 1016 60.2900
 1017 60.0400
 1018 60.1200
 1019 60.3800
 1020 60.8600
 1021 61.2500
 1022 61.5400
 1023 61.6800
 1024 61.7800
 1025 61.7700
 1026 61.6900
 1027 61.4900
 1028 61.1500
 1029 60.7500
 1030 60.4000
 1031 60.3000
 1032 60.3400
 1033 60.4400
 1034 60.5100
 1035 60.6300
 1036 60.9400
 1037 61.5000
 1038 62.0900
 1039 62.4600
 1040 62.3600
 1041 61.8500
 1042 61.0600
 1043 60.3700
 1044 60.0400
 1045 60.0400
 1046 60.2700
 1047 60.5900
 1048 61.0000
 1049 61.3100
 1050 61.5500
 1051 61.6400
 1052 61.5700
 1053 61.4300
 1054 61.1900
 1055 60.9500
 1056 60.8700
 1057 60.9000
 1058 60.9900
 1059 61.0500
 1060 61.0900
 1061 61.2100
 1062 61.1700
 1063 61.1400
 1064 61.1200
 1065 61.0800
 1066 61.0800
 1067 61.0700
 1068 60.9400
 1069 60.7800
 1070 60.7900
 1071 60.9600
 1072 61.2800
 1073 61.4400
 1074 61.3200
 1075 61.1300
 1076 61.0500
 1077 61.1700
 1078 61.4600
 1079 61.5500
 1080 61.3500
 1081 61.0100
 1082 60.7600
 1083 60.7300
 1084 60.7300
 1085 60.7200
 1086 60.7900
 1087 60.8300
 1088 60.9100
 1089 61.2000
 1090 61.6500
 1091 61.9300
 1092 61.9200
 1093 61.6400
 1094 61.3100
 1095 60.9700
 1096 60.7600
 1097 60.6300
 1098 60.5900
 1099 60.5200
 1100 60.5000
 1101 60.7200
 1102 61.0800
 1103 61.4400
 1104 61.7000
 1105 61.9000
 1106 61.8600
 1107 61.5200
 1108 61.1700
 1109 61.0500
 1110 61.0400
 1111 60.9200
 1112 60.7500
 1113 60.6700
 1114 60.6400
 1115 60.7600
 1116 61.0000
 1117 61.3400
 1118 61.4700
 1119 61.2600
 1120 61.0700
 1121 61.1400
 1122 61.3900
 1123 61.5900
 1124 61.7200
 1125 61.6400
 1126 61.2600
 1127 60.7200
 1128 60.3300
 1129 60.3500
 1130 60.6200
 1131 61.0100
 1132 61.5300
 1133 61.8300
 1134 61.6800
 1135 61.2300
 1136 60.7900
 1137 60.7300
 1138 60.9100
 1139 61.2000
 1140 61.4300
 1141 61.5500
 1142 61.4500
 1143 61.2100
 1144 60.9500
 1145 60.9000
 1146 60.8800
 1147 60.9700
 1148 61.1100
 1149 61.2900
 1150 61.3200
 1151 61.1600
 1152 61.1300
 1153 61.0600
 1154 60.9600
 1155 60.9400
 1156 61.0500
 1157 61.2000
 1158 61.3400
 1159 61.4900
 1160 61.4600
 1161 61.3200
 1162 61.0700
 1163 60.9100
 1164 60.9100
 1165 61.0500
 1166 61.2200
 1167 61.2200
 1168 61.1200
 1169 60.9200
 1170 60.9100
 1171 61.0200
 1172 61.2300
 1173 61.3400
 1174 61.3100
 1175 61.1700
 1176 61.1100
 1177 61.1200
 1178 61.1500
 1179 61.2100
 1180 61.1800
 1181 61.2000
 1182 61.1300
 1183 61.0800
 1184 61.0500
 1185 61.0700
 1186 61.1300
 1187 61.2000
 1188 61.1900
 1189 61.0800
 1190 60.9400
 1191 60.9200
 1192 61.0000
 1193 61.2100
 1194 61.3900
 1195 61.5200
 1196 61.5000
 1197 61.2300
 1198 60.9500
 1199 60.6800
 1200 60.5900
 1201 60.7600
 1202 61.1700
 1203 61.5000
 1204 61.6100
 1205 61.4900
 1206 61.2400
 1207 60.9300
 1208 60.7400
 1209 60.7500
 1210 60.9500
 1211 61.2500
 1212 61.4100
 1213 61.4300
 1214 61.3100
 1215 61.0800
 1216 60.8600
 1217 60.8200
 1218 60.9200
 1219 61.1400
 1220 61.3400
 1221 61.4400
 1222 61.3100
 1223 61.1000
 1224 60.9100
 1225 60.8900
 1226 60.9100
 1227 61.0700
 1228 61.1600
 1229 61.2100
 1230 61.2000
 1231 61.2500
 1232 61.2400
 1233 61.1600
 1234 61.1500
 1235 61.1500
 1236 61.1000
 1237 60.9700
 1238 60.9400
 1239 60.9200
 1240 60.9500
 1241 61.0300
 1242 61.1100
 1243 61.2100
 1244 61.3700
 1245 61.5500
 1246 61.6200
 1247 61.4400
 1248 61.1200
 1249 60.7500
 1250 60.5100
 1251 60.4300
 1252 60.5400
 1253 60.9300
 1254 61.3300
 1255 61.5800
 1256 61.6700
 1257 61.5700
 1258 61.4200
 1259 61.2500
 1260 61.1400
 1261 61.0300
 1262 60.9300
 1263 60.8800
 1264 60.8900
 1265 60.9200
 1266 60.9700
 1267 61.0800
 1268 61.1300
 1269 61.2200
 1270 61.2600
 1271 61.2200
 1272 61.1800
 1273 61.1200
 1274 61.0900
 1275 61.1300
 1276 61.2400
 1277 61.3300
 1278 61.3600
 1279 61.2600
 1280 61.1100
 1281 60.9700
 1282 60.9400
 1283 60.9400
 1284 60.9300
 1285 61.0000
 1286 61.1300
 1287 61.2700
 1288 61.3500
 1289 61.3400
 1290 61.1900
 1291 61.1400
 1292 61.2300
 1293 61.4400
 1294 61.4100
 1295 61.2300
 1296 60.9000
 1297 60.6400
 1298 60.6700
 1299 60.8800
 1300 61.1800
 1301 61.4200
 1302 61.6000
 1303 61.6000
 1304 61.5100
 1305 61.3700
 1306 61.2100
 1307 60.9500
 1308 60.7700
 1309 60.7000
 1310 60.8200
 1311 61.0400
 1312 61.3200
 1313 61.5800
 1314 61.6100
 1315 61.4700
 1316 61.2500
 1317 61.0600
 1318 60.9400
 1319 60.9600
 1320 61.1400
 1321 61.3000
 1322 61.3500
 1323 61.2900
 1324 61.2400
 1325 61.2100
 1326 61.2400
 1327 61.2300
 1328 61.2100
 1329 61.1700
 1330 61.1300
 1331 61.1100
 1332 61.1500
 1333 61.2300
 1334 61.2300
 1335 61.1900
 1336 61.0900
 1337 61.1100
 1338 61.1400
 1339 61.1800
 1340 61.3700
 1341 61.5700
 1342 61.6600
 1343 61.6900
 1344 61.4900
 1345 61.3000
 1346 60.9200
 1347 60.7000
 1348 60.6600
 1349 60.7500
 1350 61.0600
 1351 61.3300
 1352 61.5100
 1353 61.5400
 1354 61.4000
 1355 61.3600
 1356 61.4000
 1357 61.4700
 1358 61.4400
 1359 61.4400
 1360 61.4200
 1361 61.2800
 1362 61.0200
 1363 60.7700
 1364 60.7000
 1365 60.8900
 1366 61.2300
 1367 61.6000
 1368 61.7000
 1369 61.5500
 1370 61.3200
 1371 61.1700
 1372 61.1700
 1373 61.3500
 1374 61.5800
 1375 61.6800
 1376 61.4000
 1377 60.9900
 1378 60.7600
 1379 60.7700
 1380 61.0800
 1381 61.3600
 1382 61.6100
 1383 61.6000
 1384 61.4900
 1385 61.3500
 1386 61.2000
 1387 61.1500
 1388 61.2000
 1389 61.2200
 1390 61.2700
 1391 61.3700
 1392 61.4100
 1393 61.4000
 1394 61.3700
 1395 61.2600
 1396 61.2000
 1397 61.1600
 1398 61.2400
 1399 61.2700
 1400 61.3300
 1401 61.3500
 1402 61.4000
 1403 61.3900
 1404 61.3400
 1405 61.2700
 1406 61.3000
 1407 61.3400
 1408 61.4300
 1409 61.4800
 1410 61.3400
 1411 61.2000
 1412 61.0600
 1413 61.1100
 1414 61.1700
 1415 61.2600
 1416 61.2100
 1417 61.2200
 1418 61.4500
 1419 61.6700
 1420 61.7700
 1421 61.7000
 1422 61.6200
 1423 61.3800
 1424 61.1400
 1425 60.9400
 1426 60.9400
 1427 60.9500
 1428 60.9300
 1429 61.0300
 1430 61.1700
 1431 61.5100
 1432 61.7800
 1433 61.8800
 1434 61.6700
 1435 61.4400
 1436 61.3500
 1437 61.3700
 1438 61.2400
 1439 61.1900
 1440 61.2000
 1441 61.2500
 1442 61.4400
 1443 61.4700
 1444 61.3600
 1445 61.3600
 1446 61.3200
 1447 61.2500
 1448 61.3200
 1449 61.2900
 1450 61.3700
 1451 61.3100
 1452 60.9800
 1453 61.0800
 1454 61.3200
 1455 61.7200
 1456 61.8700
 1457 61.5300
 1458 60.8200
 1459 60.8600
 1460 61.1300
 1461 61.5500
 1462 61.9300
 1463 62.2700
 1464 62.1700
 1465 61.6400
 1466 60.9000
 1467 60.3700
 1468 60.7800
 1469 61.0600
 1470 61.5300
 1471 61.5300
 1472 61.6100
 1473 61.5500
 1474 61.0000
 1475 61.0300
 1476 61.2500
 1477 61.5500
 1478 61.8700
 1479 61.9500
 1480 61.6600
 1481 61.7200
 1482 61.4100
 1483 61.0400
 1484 60.7800
 1485 60.9800
 1486 61.7500
 1487 62.0800
 1488 61.8600
 1489 61.0100
 1490 60.6200
 1491 60.5400
 1492 61.2500
 1493 61.6200
 1494 61.8000
 1495 61.4900
 1496 61.9600
 1497 62.3800
 1498 62.4100
 1499 61.4900
 1500 60.5100
 1501 61.2200
 1502 61.5800
 1503 61.0700
 1504 60.5600
 1505 60.7400
 1506 61.0700
 1507 61.8200
 1508 62.2100
 1509 61.8800
 1510 61.7100
 1511 61.6100
 1512 61.4100
 1513 61.7600
 1514 62.0800
 1515 61.7600
 1516 61.1200
 1517 61.0200
 1518 61.5100
 1519 61.2400
 1520 60.5200
 1521 60.6700
 1522 61.0400
 1523 61.7500
 1524 62.2200
 1525 62.5600
 1526 62.7200
 1527 61.7600
 1528 61.3100
 1529 60.7600
 1530 60.7600
 1531 61.0800
 1532 61.7100
 1533 61.7500
 1534 61.6700
 1535 61.5800
 1536 61.8500
 1537 61.6200
 1538 61.1400
 1539 60.8600
 1540 61.0500
 1541 61.5400
 1542 62.1400
 1543 62.0700
 1544 61.8900
 1545 61.9600
 1546 61.3600
 1547 60.9500
 1548 60.7900
 1549 61.2900
 1550 61.4600
 1551 62.1900
 1552 62.3700
 1553 61.8900
 1554 61.3300
 1555 61.1900
 1556 61.0800
 1557 61.1000
 1558 61.0200
 1559 61.6700
 1560 62.2900
 1561 62.0000
 1562 62.0600
 1563 61.8800
 1564 61.7100
 1565 60.6900
 1566 60.7900
 1567 61.0600
 1568 61.3700
 1569 61.5500
 1570 61.8700
 1571 62.2600
 1572 62.1600
 1573 61.6700
 1574 62.0200
 1575 61.6100
 1576 61.2400
 1577 60.9900
 1578 60.8200
 1579 61.2400
 1580 61.2200
 1581 61.8400
 1582 62.2900
 1583 62.1800
 1584 61.7800
 1585 61.3700
 1586 61.1500
 1587 61.1700
 1588 61.6300
 1589 61.8300
 1590 62.0600
 1591 62.0700
 1592 61.4000
 1593 61.0000
 1594 60.9600
 1595 61.6500
 1596 61.7400
 1597 61.6500
 1598 61.5500
 1599 61.2600
 1600 61.5000
 1601 61.7900
 1602 61.9100
 1603 61.8600
 1604 61.8900
 1605 61.7800
 1606 61.5000
 1607 61.1100
 1608 61.0900
 1609 61.5800
 1610 61.5500
 1611 61.8400
 1612 62.0000
 1613 61.5000
 1614 61.3900
 1615 61.2900
 1616 61.3800
 1617 61.5000
 1618 61.7700
 1619 61.9300
 1620 61.8400
 1621 61.5600
 1622 61.3200
 1623 61.2700
 1624 61.6300
 1625 62.0400
 1626 62.1800
 1627 61.7700
 1628 61.2400
 1629 61.1100
 1630 61.0400
 1631 61.2500
 1632 61.5400
 1633 61.8300
 1634 62.0600
 1635 61.8400
 1636 61.7200
 1637 61.6400
 1638 61.2700
 1639 61.4900
 1640 61.6400
 1641 61.7200
 1642 61.7700
 1643 61.6800
 1644 61.6800
 1645 61.6100
 1646 61.2300
 1647 61.3000
 1648 61.5900
 1649 61.8300
 1650 61.6800
 1651 61.3000
 1652 61.2100
 1653 61.3600
 1654 61.8100
 1655 62.0200
 1656 62.0200
 1657 62.1100
 1658 61.9900
 1659 61.5200
 1660 61.0900
 1661 61.1300
 1662 61.2400
 1663 61.4100
 1664 61.5700
 1665 61.6300
 1666 61.6400
 1667 61.6300
 1668 61.8200
 1669 61.8300
 1670 61.7400
 1671 61.6300
 1672 61.7900
 1673 61.8100
 1674 61.6500
 1675 61.4500
 1676 61.3400
 1677 61.1900
 1678 61.3200
 1679 61.6400
 1680 61.8000
 1681 61.7200
 1682 61.6800
 1683 61.6100
 1684 61.6600
 1685 61.7000
 1686 61.4800
 1687 61.4000
 1688 61.6700
 1689 61.9600
 1690 61.9500
 1691 61.7900
 1692 61.4200
 1693 61.0500
 1694 61.0600
 1695 61.5100
 1696 61.8500
 1697 62.1100
 1698 61.9100
 1699 61.5700
 1700 61.3100
 1701 61.3200
 1702 61.4700
 1703 61.7800
 1704 61.8100
 1705 61.6200
 1706 61.6200
 1707 61.7700
 1708 61.7900
 1709 61.5500
 1710 61.2800
 1711 61.2100
 1712 61.4800
 1713 61.8000
 1714 61.9800
 1715 61.8900
 1716 61.6600
 1717 61.5000
 1718 61.6000
 1719 61.6100
 1720 61.4600
 1721 61.3200
 1722 61.2000
 1723 61.4000
 1724 61.7100
 1725 61.9000
 1726 62.0300
 1727 61.8500
 1728 61.5700
 1729 61.5800
 1730 61.8000
 1731 61.6900
 1732 61.4500
 1733 61.3400
 1734 61.3600
 1735 61.4800
 1736 61.6300
 1737 61.5300
 1738 61.5400
 1739 61.7200
 1740 61.7300
 1741 61.7700
 1742 61.7600
 1743 61.6700
 1744 61.4800
 1745 61.4000
 1746 61.5500
 1747 61.6900
 1748 61.7100
 1749 61.6600
 1750 61.5800
 1751 61.5000
 1752 61.4200
 1753 61.4800
 1754 61.6100
 1755 61.7300
 1756 61.8000
 1757 61.6000
 1758 61.3900
 1759 61.4000
 1760 61.5600
 1761 61.7200
 1762 61.8600
 1763 61.7800
 1764 61.6400
 1765 61.5300
 1766 61.5300
 1767 61.5200
 1768 61.3100
 1769 61.2200
 1770 61.4000
 1771 61.7900
 1772 61.9700
 1773 62.0700
 1774 61.8200
 1775 61.5100
 1776 61.4100
 1777 61.3500
 1778 61.2000
 1779 61.3200
 1780 61.6300
 1781 61.8700
 1782 61.9400
 1783 61.7700
 1784 61.6400
 1785 61.4900
 1786 61.4600
 1787 61.4900
 1788 61.4200
 1789 61.4100
 1790 61.4900
 1791 61.6700
 1792 61.8400
 1793 61.8100
 1794 61.7700
 1795 61.7100
 1796 61.5200
 1797 61.3200
 1798 61.2800
 1799 61.4700
 1800 61.5400
 1801 61.7500
 1802 61.8000
 1803 61.8500
 1804 61.7000
 1805 61.4800
 1806 61.3400
 1807 61.4600
 1808 61.5900
 1809 61.6500
 1810 61.6800
 1811 61.6400
 1812 61.6700
 1813 61.6900
 1814 61.6500
 1815 61.5200
 1816 61.3000
 1817 61.2600
 1818 61.4700
 1819 61.8600
 1820 62.0400
 1821 61.9700
 1822 61.6900
 1823 61.3700
 1824 61.2700
 1825 61.4400
 1826 61.4900
 1827 61.6000
 1828 61.6300
 1829 61.6300
 1830 61.6900
 1831 61.7900
 1832 61.6700
 1833 61.5600
 1834 61.4300
 1835 61.5400
 1836 61.6500
 1837 61.7100
 1838 61.6600
 1839 61.5900
 1840 61.6300
 1841 61.7800
 1842 61.7100
 1843 61.4900
 1844 61.3300
 1845 61.4200
 1846 61.3900
 1847 61.4700
 1848 61.6400
 1849 61.6900
 1850 61.7600
 1851 61.8300
 1852 61.7800
 1853 61.6800
 1854 61.7300
 1855 61.8100
 1856 61.6200
 1857 61.4600
 1858 61.3300
 1859 61.2900
 1860 61.2600
 1861 61.4600
 1862 61.5500
 1863 61.6000
 1864 61.8300
 1865 61.9300
 1866 61.8500
 1867 61.8700
 1868 61.7800
 1869 61.5600
 1870 61.4000
 1871 61.3200
 1872 61.3800
 1873 61.3700
 1874 61.4000
 1875 61.7300
 1876 61.7800
 1877 61.6700
 1878 61.6500
 1879 61.6900
 1880 61.6200
 1881 61.5600
 1882 61.5900
 1883 61.5900
 1884 61.5800
 1885 61.5200
 1886 61.5800
 1887 61.6300
 1888 61.7800
 1889 61.6100
 1890 61.3900
 1891 61.3800
 1892 61.5800
 1893 61.5800
 1894 61.5000
 1895 61.6800
 1896 61.7700
 1897 61.7000
 1898 61.6100
 1899 61.6700
 1900 61.4900
 1901 61.3500
 1902 61.4600
 1903 61.6000
 1904 61.6200
 1905 61.6000
 1906 61.5300
 1907 61.4800
 1908 61.5200
 1909 61.5300
 1910 61.6800
 1911 61.9000
 1912 61.7900
 1913 61.6800
 1914 61.4700
 1915 61.3000
 1916 61.4000
 1917 61.5000
 1918 61.6000
 1919 61.5700
 1920 61.5100
 1921 61.5300
 1922 61.6400
 1923 61.5900
 1924 61.6700
 1925 61.8500
 1926 61.8700
 1927 61.7100
 1928 61.3500
 1929 61.1700
 1930 61.2200
 1931 61.4400
 1932 61.7400
 1933 61.7500
 1934 61.8100
 1935 61.6700
 1936 61.5800
 1937 61.4900
 1938 61.4600
 1939 61.5500
 1940 61.6000
 1941 61.5700
 1942 61.4600
 1943 61.4500
 1944 61.5400
 1945 61.6700
 1946 61.7000
 1947 61.6100
 1948 61.6800
 1949 61.6600
 1950 61.7200
 1951 61.5500
 1952 61.4100
 1953 61.4500
 1954 61.4300
 1955 61.4900
 1956 61.4400
 1957 61.4600
 1958 61.6500
 1959 61.8100
 1960 61.8800
 1961 61.7100
 1962 61.5200
 1963 61.4000
 1964 61.4700
 1965 61.5100
 1966 61.4700
 1967 61.4600
 1968 61.6400
 1969 61.8700
 1970 61.8400
 1971 61.6600
 1972 61.4800
 1973 61.4800
 1974 61.4900
 1975 61.4400
 1976 61.5300
 1977 61.5600
 1978 61.6100
 1979 61.7000
 1980 61.8300
 1981 61.8100
 1982 61.5900
 1983 61.3000
 1984 61.2000
 1985 61.3000
 1986 61.4700
 1987 61.6100
 1988 61.7500
 1989 61.7500
 1990 61.6300
 1991 61.6100
 1992 61.6600
 1993 61.7000
 1994 61.5600
 1995 61.5100
 1996 61.6100
 1997 61.6000
 1998 61.3000
 1999 61.2600
 2000 61.3000
 2001 61.6100
 2002 61.7500
 2003 61.6600
 2004 61.7900
 2005 61.9400
 2006 61.7100
 2007 61.6400
 2008 61.6500
 2009 61.5800
 2010 61.2800
 2011 61.1000
 2012 61.2800
 2013 61.4700
 2014 61.5100
 2015 61.5500
 2016 61.7200
 2017 61.9800
 2018 62.0700
 2019 61.6900
 2020 61.3300
 2021 61.0900
 2022 61.1000
 2023 61.2900
 2024 61.4400
 2025 61.5700
 2026 61.6800
 2027 61.7700
 2028 61.8900
 2029 61.5800
 2030 61.6500
 2031 61.7000
 2032 61.4900
 2033 61.3700
 2034 61.3100
 2035 61.5400
 2036 61.7200
 2037 61.7200
 2038 61.6100
 2039 61.4000
 2040 60.9900
 2041 61.0800
 2042 61.5300
 2043 61.8000
 2044 61.7100
 2045 61.4200
 2046 61.4500
 2047 61.3700
 2048 61.4000
 2049 61.6600
 2050 61.9300
 2051 62.1400
 2052 61.7200
 2053 61.2700
 2054 61.1600
 2055 61.3600
 2056 61.4200
 2057 61.2600
 2058 61.6000
 2059 61.5400
 2060 61.3200
 2061 61.1200
 2062 61.3200
 2063 61.6100
 2064 61.6800
 2065 61.9700
 2066 62.1200
 2067 61.7400
 2068 61.1100
 2069 61.0300
 2070 61.0900
 2071 61.5800
 2072 61.7000
 2073 61.5500
 2074 61.3700
 2075 61.2300
 2076 61.4400
 2077 61.6600
 2078 61.7400
 2079 61.6400
 2080 61.3600
 2081 61.3300
 2082 61.4000
 2083 61.4400
 2084 61.5600
 2085 61.5200
 2086 61.4700
 2087 61.3800
 2088 61.4100
 2089 61.5000
 2090 61.6400
 2091 61.7300
 2092 61.7300
 2093 61.5500
 2094 61.1000
 2095 60.9100
 2096 61.0900
 2097 61.2700
 2098 61.5800
 2099 61.6400
 2100 61.7400
 2101 61.7600
 2102 61.6200
 2103 61.6200
 2104 61.5800
 2105 61.3800
 2106 61.3500
 2107 61.2400
 2108 61.2200
 2109 61.3100
 2110 61.5500
 2111 61.5900
 2112 61.5500
 2113 61.2900
 2114 61.1000
 2115 61.2000
 2116 61.4400
 2117 61.6800
 2118 61.7000
 2119 61.5800
 2120 61.5800
 2121 61.6300
 2122 61.4400
 2123 61.3800
 2124 61.4400
 2125 61.5800
 2126 61.4000
 2127 61.1000
 2128 60.8900
 2129 60.8600
 2130 61.1600
 2131 61.7500
 2132 62.0400
 2133 61.7500
 2134 61.3600
 2135 61.3300
 2136 61.6100
 2137 61.7600
 2138 61.6400
 2139 61.2100
 2140 60.9500
 2141 61.0000
 2142 61.2000
 2143 61.4500
 2144 61.5300
 2145 61.3900
 2146 61.1900
 2147 61.1300
 2148 61.2200
 2149 61.5600
 2150 61.8900
 2151 61.9900
 2152 61.7900
 2153 61.3800
 2154 61.1100
 2155 61.1200
 2156 61.1600
 2157 61.2700
 2158 61.2300
 2159 61.0800
 2160 61.0100
 2161 61.0000
 2162 61.1100
 2163 61.4400
 2164 61.7400
 2165 61.8600
 2166 61.9700
 2167 61.9000
 2168 61.5800
 2169 61.2500
 2170 61.1400
 2171 61.0300
 2172 60.9000
 2173 60.8700
 2174 60.9200
 2175 61.0200
 2176 61.2200
 2177 61.3500
 2178 61.4700
 2179 61.6300
 2180 61.8800
 2181 61.9000
 2182 61.6700
 2183 61.3400
 2184 61.1200
 2185 61.0400
 2186 61.1000
 2187 61.1700
 2188 61.1000
 2189 60.9000
 2190 60.9500
 2191 61.2000
 2192 61.4500
 2193 61.6000
 2194 61.7300
 2195 61.7000
 2196 61.5100
 2197 61.3000
 2198 61.2400
 2199 61.0500
 2200 61.0100
 2201 61.0300
 2202 61.1800
 2203 61.2100
 2204 61.2000
 2205 61.2300
 2206 61.2800
 2207 61.4100
 2208 61.5800
 2209 61.6600
 2210 61.6100
 2211 61.5000
 2212 61.2800
 2213 61.0400
 2214 60.7800
 2215 60.6800
 2216 60.8300
 2217 61.1600
 2218 61.4700
 2219 61.5700
 2220 61.4800
 2221 61.4000
 2222 61.4100
 2223 61.3600
 2224 61.4100
 2225 61.4300
 2226 61.3600
 2227 61.2300
 2228 61.1800
 2229 61.1600
 2230 61.0900
 2231 61.0000
 2232 60.9600
 2233 61.0900
 2234 61.3000
 2235 61.2700
 2236 61.3100
 2237 61.3700
 2238 61.3400
 2239 61.3000
 2240 61.4600
 2241 61.5800
 2242 61.5700
 2243 61.4700
 2244 61.2400
 2245 61.0100
 2246 60.7900
 2247 60.7800
 2248 60.9000
 2249 61.0800
 2250 61.2300
 2251 61.4100
 2252 61.5300
 2253 61.5800
 2254 61.4900
 2255 61.4400
 2256 61.4800
 2257 61.4200
 2258 61.1800
 2259 60.9800
 2260 60.8600
 2261 60.8900
 2262 60.9900
 2263 61.1400
 2264 61.3400
 2265 61.5100
 2266 61.5800
 2267 61.4800
 2268 61.3300
 2269 61.1300
 2270 61.0700
 2271 61.1000
 2272 61.2500
 2273 61.2600
 2274 61.2400
 2275 61.2500
 2276 61.3600
 2277 61.3700
 2278 61.2200
 2279 61.0400
 2280 61.0000
 2281 61.0700
 2282 61.2800
 2283 61.3800
 2284 61.4600
 2285 61.3300
 2286 61.2400
 2287 61.3400
 2288 61.3500
 2289 61.2500
 2290 61.1800
 2291 61.0700
 2292 61.0700
 2293 61.0500
 2294 61.0800
 2295 61.1600
 2296 61.2500
 2297 61.4100
 2298 61.4700
 2299 61.3900
 2300 61.2300
 2301 61.1200
 2302 61.1500
 2303 61.2700
 2304 61.3700
 2305 61.3000
 2306 61.2700
 2307 61.1400
 2308 61.0100
 2309 61.0500
 2310 61.0700
 2311 61.1300
 2312 61.2000
 2313 61.3400
 2314 61.3800
 2315 61.3100
 2316 61.2500
 2317 61.2600
 2318 61.2800
 2319 61.3100
 2320 61.2000
 2321 61.1900
 2322 61.1600
 2323 61.1500
 2324 61.0500
 2325 61.0400
 2326 61.0400
 2327 61.1100
 2328 61.2500
 2329 61.3600
 2330 61.3400
 2331 61.2400
 2332 61.1500
 2333 61.3000
 2334 61.3400
 2335 61.3400
 2336 61.2600
 2337 61.0700
 2338 60.9300
 2339 60.9300
 2340 61.0000
 2341 61.0700
 2342 61.2400
 2343 61.3500
 2344 61.3100
 2345 61.2600
 2346 61.1900
 2347 61.1400
 2348 61.2600
 2349 61.3600
 2350 61.3000
 2351 61.0700
 2352 60.9200
 2353 60.8200
 2354 60.9200
 2355 61.0800
 2356 61.2700
 2357 61.4100
 2358 61.3300
 2359 61.2800
 2360 61.2000
 2361 61.1600
 2362 61.1600
 2363 61.1800
 2364 61.1000
 2365 61.0000
 2366 60.9500
 2367 61.0000
 2368 61.0200
 2369 61.1000
 2370 61.1600
 2371 61.2500
 2372 61.2300
 2373 61.2700
 2374 61.2500
 2375 61.2200
 2376 61.2000
 2377 61.1900
 2378 61.1700
 2379 60.9900
 2380 60.9200
 2381 60.8800
 2382 60.8700
 2383 60.8900
 2384 60.9800
 2385 61.1300
 2386 61.2700
 2387 61.4600
 2388 61.5500
 2389 61.5400
 2390 61.2700
 2391 60.9100
 2392 60.7100
 2393 60.7300
 2394 60.7900
 2395 60.9300
 2396 61.0900
 2397 61.2700
 2398 61.3800
 2399 61.3500
 2400 61.2000
 2401 60.9900
 2402 60.9200
 2403 61.0100
 2404 61.0700
 2405 61.0900
 2406 61.1600
 2407 61.1600
 2408 61.0800
 2409 60.9800
 2410 60.9100
 2411 60.9200
 2412 61.0500
 2413 61.2700
 2414 61.4800
 2415 61.4800
 2416 61.3400
 2417 60.9900
 2418 60.6600
 2419 60.5400
 2420 60.6200
 2421 60.8500
 2422 61.0700
 2423 61.3200
 2424 61.4500
 2425 61.4600
 2426 61.3600
 2427 61.2600
 2428 61.1000
 2429 60.9500
 2430 60.8300
 2431 60.8400
 2432 60.8900
 2433 60.9600
 2434 61.0900
 2435 61.1700
 2436 61.1300
 2437 61.0600
 2438 61.0500
 2439 61.1100
 2440 61.1700
 2441 61.2600
 2442 61.2100
 2443 61.0100
 2444 60.8300
 2445 60.8600
 2446 60.9900
 2447 61.1000
 2448 61.1700
 2449 61.1600
 2450 61.2200
 2451 61.1000
 2452 60.9600
 2453 60.8400
 2454 60.8900
 2455 60.9900
 2456 61.1700
 2457 61.3700
 2458 61.3100
 2459 61.1200
 2460 60.9800
 2461 60.8700
 2462 60.9100
 2463 60.9000
 2464 60.9400
 2465 60.9200
 2466 61.0400
 2467 61.0900
 2468 61.2200
 2469 61.1300
 2470 61.2000
 2471 61.0500
 2472 61.2100
 2473 61.1300
 2474 61.2700
 2475 61.0600
 2476 60.9700
 2477 60.6300
 2478 60.6600
 2479 60.7100
 2480 61.0600
 2481 61.3500
 2482 61.6100
 2483 61.5500
 2484 61.0900
 2485 60.7600
 2486 60.5200
 2487 60.7700
 2488 61.0100
 2489 61.2300
 2490 61.1100
 2491 60.9700
 2492 60.8400
 2493 60.8900
 2494 61.0200
 2495 61.2100
 2496 61.5100
 2497 61.6300
 2498 61.4200
 2499 61.1800
 2500 60.8900
 2501 60.7400
 2502 60.5500
 2503 60.4300
 2504 60.5800
 2505 61.2100
 2506 61.5100
 2507 61.4100
 2508 61.0100
 2509 60.6800
 2510 60.8700
 2511 60.9500
 2512 61.0500
 2513 60.8700
 2514 61.1500
 2515 61.0700
 2516 61.0400
 2517 61.1500
 2518 61.1900
 2519 60.9500
 2520 60.9700
 2521 61.2500
 2522 61.5200
 2523 61.3600
 2524 60.8900
 2525 60.6700
 2526 60.4100
 2527 60.6100
 2528 60.9200
 2529 61.0000
 2530 61.5800
 2531 61.6000
 2532 61.2300
 2533 60.4200
 2534 60.4000
 2535 60.2000
 2536 60.6100
 2537 61.0900
 2538 61.9200
 2539 61.9600
 2540 61.6700
 2541 61.2500
 2542 60.9300
 2543 60.8700
 2544 60.7100
 2545 60.8400
 2546 60.9000
 2547 60.6000
 2548 60.6000
 2549 60.6100
 2550 60.6300
 2551 61.0500
 2552 61.2800
 2553 61.6600
 2554 61.8800
 2555 61.6000
 2556 61.0200
 2557 60.5000
 2558 60.0500
 2559 60.3700
 2560 61.0000
 2561 61.4300
 2562 61.7300
 2563 61.6100
 2564 60.8700
 2565 60.4300
 2566 60.8100
 2567 60.9900
 2568 61.3800
 2569 61.0700
 2570 60.8200
 2571 60.5900
 2572 60.7700
 2573 60.8600
 2574 61.1100
 2575 61.3500
 2576 61.5400
 2577 61.2500
 2578 60.9900
 2579 60.6700
 2580 60.5700
 2581 60.9200
 2582 61.3300
 2583 61.3600
 2584 61.2500
 2585 61.0400
 2586 60.5800
 2587 60.6200
 2588 61.0100
 2589 61.5300
 2590 61.5700
 2591 60.9400
 2592 60.3400
 2593 60.1700
 2594 60.4500
 2595 61.0900
 2596 61.7900
 2597 61.6300
 2598 61.3400
 2599 61.2100
 2600 61.1900
 2601 61.1600
 2602 60.9700
 2603 60.7600
 2604 60.5200
 2605 60.6800
 2606 60.8200
 2607 60.6700
 2608 60.6400
 2609 60.7900
 2610 61.2600
 2611 61.7800
 2612 61.8400
 2613 61.6200
 2614 61.2900
 2615 60.8600
 2616 60.4300
 2617 60.3300
 2618 60.1800
 2619 60.4300
 2620 61.0600
 2621 61.6200
 2622 61.5800
 2623 61.4800
 2624 61.0300
 2625 61.1900
 2626 61.1600
 2627 61.0400
 2628 60.6600
 2629 60.3900
 2630 60.3000
 2631 60.8600
 2632 61.5000
 2633 61.8400
 2634 61.4700
 2635 60.7100
 2636 60.4800
 2637 60.4600
 2638 61.1000
 2639 61.5700
 2640 61.6700
 2641 61.1200
 2642 60.7000
 2643 60.2600
 2644 60.4100
 2645 60.8100
 2646 60.9000
 2647 61.4500
 2648 61.7000
 2649 61.6600
 2650 60.9700
 2651 60.8600
 2652 60.6900
 2653 60.9800
 2654 61.2000
 2655 61.2500
 2656 60.8600
 2657 60.1700
 2658 60.2800
 2659 60.5300
 2660 60.9900
 2661 61.5600
 2662 61.9900
 2663 62.0300
 2664 61.4700
 2665 60.8900
 2666 60.4000
 2667 60.1100
 2668 60.2900
 2669 60.8700
 2670 61.3700
 2671 61.4600
 2672 61.3100
 2673 61.0500
 2674 60.7700
 2675 60.7500
 2676 60.9600
 2677 61.0800
 2678 61.1000
 2679 61.1300
 2680 61.1600
 2681 61.0000
 2682 61.1700
 2683 61.3100
 2684 61.0300
 2685 60.7600
 2686 60.4900
 2687 60.3800
 2688 60.6200
 2689 61.1800
 2690 61.5000
 2691 61.6800
 2692 61.5900
 2693 61.0100
 2694 61.0600
 2695 60.8900
 2696 60.6500
 2697 60.4900
 2698 60.4200
 2699 60.7500
 2700 61.2000
 2701 61.4300
 2702 61.4600
 2703 61.3400
 2704 61.0800
 2705 61.1100
 2706 61.3100
 2707 61.1300
 2708 60.6900
 2709 60.6000
 2710 60.6200
 2711 60.8100
 2712 60.6000
 2713 60.7900
 2714 61.2600
 2715 61.4000
 2716 61.5200
 2717 61.6100
 2718 61.3600
 2719 61.0400
 2720 60.8800
 2721 60.8300
 2722 60.6800
 2723 60.6400
 2724 60.8100
 2725 61.1100
 2726 61.3300
 2727 61.1100
 2728 60.7600
 2729 60.5900
 2730 60.8700
 2731 61.0800
 2732 61.3800
 2733 61.4800
 2734 61.5300
 2735 61.5700
 2736 61.4300
 2737 60.9500
 2738 60.4500
 2739 59.9500
 2740 60.1800
 2741 60.9700
 2742 61.5300
 2743 61.5800
 2744 61.5300
 2745 61.0300
 2746 60.7100
 2747 60.7900
 2748 61.0900
 2749 61.3700
 2750 61.4800
 2751 61.2800
 2752 61.0100
 2753 60.4600
 2754 60.6800
 2755 61.2500
 2756 61.3000
 2757 60.9100
 2758 60.7600
 2759 60.7900
 2760 61.1700
 2761 61.4200
 2762 61.3200
 2763 61.0400
 2764 60.8700
 2765 60.7000
 2766 60.9800
 2767 61.1000
 2768 61.1300
 2769 61.3700
 2770 61.5200
 2771 61.2900
 2772 60.8100
 2773 60.5700
 2774 60.6400
 2775 61.0900
 2776 61.3400
 2777 61.2000
 2778 61.0600
 2779 60.9000
 2780 60.9400
 2781 61.0300
 2782 60.9300
 2783 60.9700
 2784 60.9400
 2785 61.1000
 2786 61.4400
 2787 61.3500
 2788 61.4100
 2789 61.5100
 2790 61.3700
 2791 60.9000
 2792 60.4300
 2793 60.1100
 2794 60.3500
 2795 60.8600
 2796 61.3800
 2797 61.5500
 2798 61.5500
 2799 61.4600
 2800 61.2900
 2801 61.1700
 2802 61.0000
 2803 60.9700
 2804 61.0800
 2805 61.0600
 2806 60.9200
 2807 60.6800
 2808 60.6900
 2809 60.9500
 2810 61.1200
 2811 61.2500
 2812 61.3300
 2813 61.1700
 2814 61.0800
 2815 61.1100
 2816 61.1800
 2817 61.2500
 2818 61.1900
 2819 61.0300
 2820 60.9400
 2821 60.9200
 2822 60.9200
 2823 60.9100
 2824 60.8400
 2825 60.9300
 2826 61.0800
 2827 61.2300
 2828 61.4300
 2829 61.5700
 2830 61.5900
 2831 61.3500
 2832 60.8700
 2833 60.2400
 2834 60.0200
 2835 60.4400
 2836 61.0500
 2837 61.5500
 2838 61.8100
 2839 61.7700
 2840 61.6000
 2841 61.4500
 2842 61.1800
 2843 60.8800
 2844 60.7200
 2845 60.4900
 2846 60.3500
 2847 60.4300
 2848 60.6300
 2849 60.9100
 2850 61.2900
 2851 61.6400
 2852 61.9000
 2853 61.8200
 2854 61.7000
 2855 61.5800
 2856 61.3300
 2857 60.8500
 2858 60.4700
 2859 60.1300
 2860 60.1400
 2861 60.4500
 2862 60.7200
 2863 61.0100
 2864 61.0800
 2865 61.3200
 2866 61.6400
 2867 61.8900
 2868 62.0200
 2869 61.9600
 2870 61.6100
 2871 61.1800
 2872 60.8100
 2873 60.3700
 2874 59.9700
 2875 59.7800
 2876 60.0000
 2877 60.4900
 2878 61.0200
 2879 61.6200
 2880 62.1000
 2881 62.2700
 2882 62.2100
 2883 61.9200
 2884 61.5400
 2885 61.0100
 2886 60.5700
 2887 60.3000
 2888 60.2100
 2889 60.1700
 2890 60.4100
 2891 60.7000
 2892 60.9800
 2893 61.1800
 2894 61.3700
 2895 61.6900
 2896 61.9900
 2897 62.0300
 2898 61.8400
 2899 61.4900
 2900 61.0500
 2901 60.5400
 2902 60.2000
 2903 60.1600
 2904 60.3000
 2905 60.6200
 2906 60.9600
 2907 61.2000
 2908 61.3800
 2909 61.5600
 2910 61.7100
 2911 61.7800
 2912 61.7400
 2913 61.4400
 2914 61.0800
 2915 60.7000
 2916 60.4300
 2917 60.3400
 2918 60.5700
 2919 61.0000
 2920 61.2900
 2921 61.2800
 2922 61.0900
 2923 61.0200
 2924 61.1300
 2925 61.2800
 2926 61.4300
 2927 61.5700
 2928 61.6500
 2929 61.4300
 2930 60.9900
 2931 60.5000
 2932 60.2200
 2933 60.3800
 2934 60.8900
 2935 61.3800
 2936 61.5100
 2937 61.3800
 2938 61.2500
 2939 61.2300
 2940 61.2300
 2941 61.1700
 2942 61.0400
 2943 60.9400
 2944 60.9800
 2945 61.0600
 2946 61.1100
 2947 61.1400
 2948 61.1000
 2949 61.0900
 2950 61.0700
 2951 61.0200
 2952 60.9700
 2953 60.9700
 2954 61.1000
 2955 61.2300
 2956 61.2200
 2957 61.0700
 2958 61.0500
 2959 61.1800
 2960 61.3000
 2961 61.2100
 2962 60.9900
 2963 60.8600
 2964 60.9500
 2965 61.0800
 2966 61.1100
 2967 61.0800
 2968 61.1500
 2969 61.2200
 2970 61.1700
 2971 60.9800
 2972 60.7900
 2973 60.8000
 2974 61.0000
 2975 61.2600
 2976 61.4600
 2977 61.4900
 2978 61.3400
 2979 61.1600
 2980 60.9400
 2981 60.6900
 2982 60.5200
 2983 60.6500
 2984 61.0100
 2985 61.4100
 2986 61.5700
 2987 61.5100
 2988 61.2900
 2989 61.0400
 2990 60.8000
 2991 60.6800
 2992 60.7600
 2993 61.0500
 2994 61.2600
 2995 61.3200
 2996 61.2800
 2997 61.1600
 2998 61.0400
 2999 61.0000
 3000 61.0100
 3001 61.0500
 3002 61.0600
 3003 61.0500
 3004 60.9800
 3005 60.8900
 3006 60.8800
 3007 61.0400
 3008 61.2500
 3009 61.3600
 3010 61.3100
 3011 61.2400
 3012 61.2000
 3013 61.1100
 3014 60.9100
 3015 60.7700
 3016 60.8200
 3017 60.9900
 3018 61.0900
 3019 61.1100
 3020 61.1100
 3021 61.1900
 3022 61.2900
 3023 61.2400
 3024 61.1000
 3025 61.0100
 3026 61.0300
 3027 61.0800
 3028 61.0600
 3029 61.0500
 3030 61.0100
 3031 61.0100
 3032 61.0400
 3033 61.0400
 3034 61.0100
 3035 61.0200
 3036 61.1400
 3037 61.2700
 3038 61.3000
 3039 61.3100
 3040 61.2900
 3041 61.2000
 3042 60.9700
 3043 60.6600
 3044 60.4800
 3045 60.6000
 3046 60.9800
 3047 61.4000
 3048 61.6300
 3049 61.6600
 3050 61.4900
 3051 61.2300
 3052 60.9600
 3053 60.7100
 3054 60.6300
 3055 60.7400
 3056 61.0000
 3057 61.2200
 3058 61.2900
 3059 61.2800
 3060 61.2200
 3061 61.0900
 3062 60.9800
 3063 60.9600
 3064 61.0000
 3065 61.0500
 3066 61.1400
 3067 61.2100
 3068 61.2500
 3069 61.2300
 3070 61.1600
 3071 61.0500
 3072 60.9700
 3073 60.9300
 3074 60.9100
 3075 60.9700
 3076 61.0500
 3077 61.1000
 3078 61.0800
 3079 61.0500
 3080 61.1400
 3081 61.2900
 3082 61.3400
 3083 61.2300
 3084 61.0600
 3085 60.9300
 3086 60.8800
 3087 60.8500
 3088 60.8500
 3089 60.8800
 3090 61.0500
 3091 61.2700
 3092 61.4300
 3093 61.4100
 3094 61.2400
 3095 61.1100
 3096 60.9900
 3097 60.8400
 3098 60.7200
 3099 60.7000
 3100 60.8000
 3101 61.0400
 3102 61.2700
 3103 61.4200
 3104 61.4500
 3105 61.3500
 3106 61.1300
 3107 60.8500
 3108 60.6500
 3109 60.7000
 3110 60.9000
 3111 61.1100
 3112 61.2400
 3113 61.2900
 3114 61.2600
 3115 61.1800
 3116 61.0200
 3117 60.8200
 3118 60.7300
 3119 60.8400
 3120 61.0400
 3121 61.2300
 3122 61.3400
 3123 61.2900
 3124 61.1700
 3125 61.0400
 3126 60.9300
 3127 60.8900
 3128 60.9200
 3129 61.0000
 3130 61.0500
 3131 61.0200
 3132 60.9700
 3133 61.0100
 3134 61.1100
 3135 61.2200
 3136 61.3400
 3137 61.2900
 3138 61.0900
 3139 60.9300
 3140 60.8900
 3141 60.8800
 3142 60.8800
 3143 60.8900
 3144 60.9900
 3145 61.1600
 3146 61.3100
 3147 61.3800
 3148 61.3500
 3149 61.2300
 3150 61.0400
 3151 60.9000
 3152 60.7900
 3153 60.8200
 3154 60.9400
 3155 61.0500
 3156 61.1200
 3157 61.2000
 3158 61.2600
 3159 61.3200
 3160 61.3100
 3161 61.1700
 3162 60.9800
 3163 60.8700
 3164 60.8900
 3165 61.0100
 3166 61.1300
 3167 61.1800
 3168 61.1500
 3169 61.0700
 3170 61.0200
 3171 61.0900
 3172 61.2000
 3173 61.2600
 3174 61.2400
 3175 61.1600
 3176 61.1000
 3177 61.0500
 3178 61.0500
 3179 61.0600
 3180 61.0700
 3181 61.0200
 3182 61.0000
 3183 61.0700
 3184 61.2100
 3185 61.3100
 3186 61.2900
 3187 61.2000
 3188 61.0600
 3189 60.9900
 3190 61.0200
 3191 61.1000
 3192 61.1600
 3193 61.2100
 3194 61.2100
 3195 61.1400
 3196 61.0400
 3197 60.9700
 3198 61.0100
 3199 61.1500
 3200 61.2500
 3201 61.2900
 3202 61.2400
 3203 61.1400
 3204 61.1100
 3205 61.1200
 3206 61.1300
 3207 61.1000
 3208 61.0500
 3209 61.0100
 3210 61.0800
 3211 61.1600
 3212 61.2000
 3213 61.2100
 3214 61.1800
 3215 61.1300
 3216 61.1100
 3217 61.1100
 3218 61.1200
 3219 61.1300
 3220 61.1400
 3221 61.1700
 3222 61.1600
 3223 61.1400
 3224 61.1300
 3225 61.1300
 3226 61.1000
 3227 61.0500
 3228 61.0200
 3229 61.0600
 3230 61.1700
 3231 61.2600
 3232 61.2900
 3233 61.2400
 3234 61.1700
 3235 61.1100
 3236 61.1100
 3237 61.1600
 3238 61.1900
 3239 61.1300
 3240 61.0300
 3241 60.9400
 3242 60.9300
 3243 61.0000
 3244 61.1200
 3245 61.2300
 3246 61.3100
 3247 61.3900
 3248 61.4100
 3249 61.3800
 3250 61.2500
 3251 61.0700
 3252 60.9300
 3253 60.8600
 3254 60.9100
 3255 61.0000
 3256 61.1100
 3257 61.1900
 3258 61.2700
 3259 61.3200
 3260 61.3100
 3261 61.2700
 3262 61.2300
 3263 61.1900
 3264 61.1700
 3265 61.1700
 3266 61.1300
 3267 61.0400
 3268 60.9700
 3269 61.0000
 3270 61.1100
 3271 61.2000
 3272 61.2600
 3273 61.2700
 3274 61.2600
 3275 61.2500
 3276 61.2300
 3277 61.2100
 3278 61.1600
 3279 61.1200
 3280 61.1300
 3281 61.1600
 3282 61.1600
 3283 61.1500
 3284 61.1600
 3285 61.1800
 3286 61.1600
 3287 61.1500
 3288 61.1700
 3289 61.2200
 3290 61.2800
 3291 61.3300
 3292 61.3100
 3293 61.2200
 3294 61.0800
 3295 60.9900
 3296 61.0000
 3297 61.0900
 3298 61.2500
 3299 61.3800
 3300 61.4400
 3301 61.3900
 3302 61.2400
 3303 61.0500
 3304 60.9500
 3305 60.9500
 3306 61.0200
 3307 61.1500
 3308 61.3000
 3309 61.4500
 3310 61.5400
 3311 61.4900
 3312 61.3200
 3313 61.0800
 3314 60.8500
 3315 60.7900
 3316 60.9200
 3317 61.1300
 3318 61.3600
 3319 61.4800
 3320 61.5000
 3321 61.3800
 3322 61.2000
 3323 61.0600
 3324 60.9900
 3325 61.0000
 3326 61.0900
 3327 61.2000
 3328 61.2900
 3329 61.3400
 3330 61.3300
 3331 61.2700
 3332 61.1800
 3333 61.1200
 3334 61.0900
 3335 61.1000
 3336 61.1500
 3337 61.1700
 3338 61.1700
 3339 61.2100
 3340 61.2600
 3341 61.3100
 3342 61.2900
 3343 61.2000
 3344 61.0900
 3345 61.0200
 3346 61.0100
 3347 61.0600
 3348 61.1900
 3349 61.3300
 3350 61.4400
 3351 61.4100
 3352 61.3200
 3353 61.1500
 3354 60.9700
 3355 60.8800
 3356 60.8900
 3357 61.0000
 3358 61.1400
 3359 61.3000
 3360 61.4200
 3361 61.4500
 3362 61.3900
 3363 61.2800
 3364 61.1500
 3365 61.0400
 3366 61.0000
 3367 61.0100
 3368 61.0200
 3369 61.0700
 3370 61.1300
 3371 61.2000
 3372 61.2700
 3373 61.3200
 3374 61.3500
 3375 61.2800
 3376 61.1700
 3377 61.0400
 3378 60.9500
 3379 60.9400
 3380 61.0500
 3381 61.2200
 3382 61.3400
 3383 61.4300
 3384 61.4100
 3385 61.2800
 3386 61.1200
 3387 60.9700
 3388 60.8800
 3389 60.8900
 3390 60.9900
 3391 61.1300
 3392 61.2600
 3393 61.3600
 3394 61.4600
 3395 61.4600
 3396 61.3900
 3397 61.2300
 3398 61.0300
 3399 60.8400
 3400 60.7600
 3401 60.8300
 3402 60.9700
 3403 61.2000
 3404 61.3800
 3405 61.5200
 3406 61.5500
 3407 61.4400
 3408 61.2500
 3409 61.0400
 3410 60.9000
 3411 60.8600
 3412 60.9600
 3413 61.1200
 3414 61.2000
 3415 61.2700
 3416 61.2900
 3417 61.2500
 3418 61.1900
 3419 61.1600
 3420 61.1500
 3421 61.1300
 3422 61.2300
 3423 61.2500
 3424 61.2200
 3425 61.1700
 3426 61.0800
 3427 61.1000
 3428 61.0700
 3429 61.0400
 3430 61.1300
 3431 61.1800
 3432 61.2300
 3433 61.2900
 3434 61.3000
 3435 61.2500
 3436 61.2000
 3437 61.1100
 3438 61.1000
 3439 61.1200
 3440 61.1400
 3441 61.1500
 3442 61.1400
 3443 61.1500
 3444 61.1500
 3445 61.1400
 3446 61.2200
 3447 61.2300
 3448 61.2100
 3449 61.2000
 3450 61.2100
 3451 61.2100
 3452 61.1600
 3453 61.1200
 3454 61.1100
 3455 61.0900
 3456 61.0400
 3457 61.0700
 3458 61.1100
 3459 61.2500
 3460 61.3800
 3461 61.4500
 3462 61.4000
 3463 61.3000
 3464 61.0800
 3465 60.9700
 3466 60.8900
 3467 60.8700
 3468 60.9700
 3469 61.1200
 3470 61.2800
 3471 61.3800
 3472 61.3900
 3473 61.3900
 3474 61.3400
 3475 61.2500
 3476 61.1800
 3477 61.0800
 3478 61.0500
 3479 61.0800
 3480 61.0800
 3481 61.0700
 3482 61.0800
 3483 61.1000
 3484 61.2000
 3485 61.2900
 3486 61.3400
 3487 61.3100
 3488 61.2400
 3489 61.1700
 3490 61.1500
 3491 61.2000
 3492 61.2700
 3493 61.3100
 3494 61.3000
 3495 61.1600
 3496 61.0000
 3497 60.8900
 3498 60.9500
 3499 61.0800
 3500 61.2700
 3501 61.4100
 3502 61.5000
 3503 61.4800
 3504 61.3900
 3505 61.2500
 3506 61.1200
 3507 61.0000
 3508 60.9700
 3509 61.0100
 3510 61.0500
 3511 61.2200
 3512 61.3500
 3513 61.4400
 3514 61.4000
 3515 61.3100
 3516 61.1900
 3517 61.1200
 3518 61.1100
 3519 61.1000
 3520 61.1500
 3521 61.1900
 3522 61.2600
 3523 61.3600
 3524 61.3500
 3525 61.3000
 3526 61.2100
 3527 61.1600
 3528 61.1800
 3529 61.2100
 3530 61.2700
 3531 61.3000
 3532 61.2500
 3533 61.1900
 3534 61.1400
 3535 61.1300
 3536 61.1500
 3537 61.1800
 3538 61.2100
 3539 61.2500
 3540 61.2900
 3541 61.3200
 3542 61.4100
 3543 61.3900
 3544 61.3700
 3545 61.2500
 3546 61.1000
 3547 61.0300
 3548 61.0300
 3549 61.1100
 3550 61.2200
 3551 61.3100
 3552 61.3600
 3553 61.3100
 3554 61.2300
 3555 61.1700
 3556 61.2000
 3557 61.2900
 3558 61.3400
 3559 61.3600
 3560 61.3100
 3561 61.2100
 3562 61.1200
 3563 61.0400
 3564 61.0200
 3565 61.1000
 3566 61.2300
 3567 61.3700
 3568 61.4500
 3569 61.4000
 3570 61.3200
 3571 61.2000
 3572 61.1400
 3573 61.1600
 3574 61.2000
 3575 61.2500
 3576 61.2200
 3577 61.1900
 3578 61.1700
 3579 61.1900
 3580 61.2000
 3581 61.2100
 3582 61.2300
 3583 61.2200
 3584 61.2400
 3585 61.3000
 3586 61.3000
 3587 61.2700
 3588 61.2100
 3589 61.1800
 3590 61.1900
 3591 61.2200
 3592 61.2300
 3593 61.2100
 3594 61.1700
 3595 61.1300
 3596 61.1500
 3597 61.2100
 3598 61.2900
 3599 61.3200
 3600 61.3100
 3601 61.2600
 3602 61.2000
 3603 61.1400
 3604 61.1200
 3605 61.1300
 3606 61.2000
 3607 61.2600
 3608 61.2900
 3609 61.2800
 3610 61.2000
 3611 61.1300
 3612 61.1300
 3613 61.1600
 3614 61.2300
 3615 61.2900
 3616 61.3200
 3617 61.3100
 3618 61.2000
 3619 61.0800
 3620 61.0100
 3621 61.0500
 3622 61.1500
 3623 61.2800
 3624 61.3600
 3625 61.4100
 3626 61.4000
 3627 61.3200
 3628 61.2000
 3629 61.0600
 3630 60.9600
 3631 60.9600
 3632 61.0500
 3633 61.1600
 3634 61.2900
 3635 61.3400
 3636 61.3100
 3637 61.2500
 3638 61.2000
 3639 61.1700
 3640 61.2000
 3641 61.2500
 3642 61.2900
 3643 61.2900
 3644 61.2200
 3645 61.1400
 3646 61.0500
 3647 61.0100
 3648 61.0100
 3649 61.0800
 3650 61.1600
 3651 61.2600
 3652 61.3100
 3653 61.3400
 3654 61.3300
 3655 61.3000
 3656 61.2300
 3657 61.1800
 3658 61.1300
 3659 61.0900
 3660 61.0600
 3661 61.0300
 3662 61.0500
 3663 61.0900
 3664 61.1700
 3665 61.2400
 3666 61.3000
 3667 61.3300
 3668 61.3200
 3669 61.2800
 3670 61.2000
 3671 61.1200
 3672 61.0500
 3673 61.0200
 3674 61.0200
 3675 61.0600
 3676 61.1300
 3677 61.2000
 3678 61.2700
 3679 61.3000
 3680 61.3000
 3681 61.2500
 3682 61.1700
 3683 61.0700
 3684 61.0200
 3685 61.0200
 3686 61.0700
 3687 61.1500
 3688 61.2300
 3689 61.2600
 3690 61.2700
 3691 61.2400
 3692 61.1800
 3693 61.1100
 3694 61.0800
 3695 61.0700
 3696 61.0900
 3697 61.1000
 3698 61.1000
 3699 61.1000
 3700 61.1400
 3701 61.2000
 3702 61.2500
 3703 61.2600
 3704 61.2500
 3705 61.2200
 3706 61.1700
 3707 61.1100
 3708 61.0400
 3709 61.0100
 3710 61.0200
 3711 61.0600
 3712 61.1300
 3713 61.2200
 3714 61.2700
 3715 61.2600
 3716 61.2000
 3717 61.1300
 3718 61.0700
 3719 61.0700
 3720 61.1100
 3721 61.1800
 3722 61.2200
 3723 61.2100
 3724 61.1600
 3725 61.1000
 3726 61.0500
 3727 61.0400
 3728 61.0800
 3729 61.1000
 3730 61.1300
 3731 61.1500
 3732 61.1700
 3733 61.2000
 3734 61.2600
 3735 61.2700
 3736 61.2300
 3737 61.1500
 3738 61.0600
 3739 61.0000
 3740 60.9900
 3741 61.0200
 3742 61.0800
 3743 61.1500
 3744 61.2100
 3745 61.2500
 3746 61.2600
 3747 61.2200
 3748 61.1400
 3749 61.0800
 3750 61.0200
 3751 61.0100
 3752 61.0600
 3753 61.1400
 3754 61.2200
 3755 61.2700
 3756 61.2500
 3757 61.1800
 3758 61.0900
 3759 61.0400
 3760 61.0200
 3761 61.0300
 3762 61.0400
 3763 61.0600
 3764 61.1200
 3765 61.2000
 3766 61.2700
 3767 61.2900
 3768 61.2500
 3769 61.1400
 3770 61.0500
 3771 60.9600
 3772 60.9700
 3773 61.0400
 3774 61.1500
 3775 61.2300
 3776 61.2500
 3777 61.2000
 3778 61.1100
 3779 61.0500
 3780 61.0200
 3781 61.0400
 3782 61.0700
 3783 61.1000
 3784 61.1600
 3785 61.2000
 3786 61.2400
 3787 61.2400
 3788 61.1800
 3789 61.1100
 3790 61.0200
 3791 60.9700
 3792 60.9500
 3793 60.9800
 3794 61.0700
 3795 61.1700
 3796 61.2500
 3797 61.2500
 3798 61.2100
 3799 61.1200
 3800 61.0400
 3801 61.0200
 3802 61.0200
 3803 61.0700
 3804 61.1200
 3805 61.1500
 3806 61.1600
 3807 61.1400
 3808 61.1100
 3809 61.0800
 3810 61.0600
 3811 61.0500
 3812 61.0300
 3813 61.0400
 3814 61.0800
 3815 61.1200
 3816 61.1500
 3817 61.1600
 3818 61.1300
 3819 61.1000
 3820 61.0700
 3821 61.0700
 3822 61.0800
 3823 61.0900
 3824 61.0800
 3825 61.0400
 3826 61.0100
 3827 61.0000
 3828 61.0400
 3829 61.1200
 3830 61.1900
 3831 61.2100
 3832 61.1700
 3833 61.0900
 3834 61.0000
 3835 60.9600
 3836 60.9600
 3837 61.0200
 3838 61.1200
 3839 61.1900
 3840 61.2000
 3841 61.1300
 3842 61.0500
 3843 60.9900
 3844 60.9700
 3845 60.9900
 3846 61.0500
 3847 61.0800
 3848 61.1000
 3849 61.1000
 3850 61.0700
 3851 61.0600
 3852 61.0500
 3853 61.0700
 3854 61.0900
 3855 61.1200
 3856 61.1100
 3857 61.0900
 3858 61.0600
 3859 61.0300
 3860 61.0200
 3861 61.0200
 3862 61.0300
 3863 61.0200
 3864 61.0400
 3865 61.0200
 3866 61.0300
 3867 61.0600
 3868 61.1000
 3869 61.1300
 3870 61.1700
 3871 61.1400
 3872 61.1000
 3873 61.0500
 3874 61.0100
 3875 61.0100
 3876 61.0300
 3877 61.0600
 3878 61.0400
 3879 61.0200
 3880 60.9400
 3881 60.9500
 3882 60.9800
 3883 61.0800
 3884 61.1700
 3885 61.2600
 3886 61.2800
 3887 61.2200
 3888 61.0700
 3889 60.9200
 3890 60.8100
 3891 60.8400
 3892 60.9400
 3893 61.0800
 3894 61.1900
 3895 61.2500
 3896 61.2300
 3897 61.1200
 3898 61.0200
 3899 60.9300
 3900 60.9700
 3901 61.0400
 3902 61.1200
 3903 61.1400
 3904 61.1100
 3905 61.0700
 3906 61.0400
 3907 60.9900
 3908 60.9900
 3909 61.0500
 3910 61.0900
 3911 61.1300
 3912 61.1700
 3913 61.2100
 3914 61.1300
 3915 61.0300
 3916 60.9500
 3917 60.9600
 3918 60.9800
 3919 61.0700
 3920 61.0900
 3921 61.1200
 3922 61.1400
 3923 61.1400
 3924 61.1300
 3925 61.1400
 3926 61.0900
 3927 61.0100
 3928 60.9200
 3929 60.8900
 3930 60.9800
 3931 61.0500
 3932 61.2100
 3933 61.2600
 3934 61.3200
 3935 61.1900
 3936 61.1400
 3937 61.0300
 3938 60.9100
 3939 60.7700
 3940 60.8300
 3941 60.9400
 3942 61.0400
 3943 61.2000
 3944 61.3100
 3945 61.3300
 3946 61.2500
 3947 61.1700
 3948 61.0700
 3949 60.9700
 3950 60.9000
 3951 60.9100
 3952 60.9200
 3953 60.9900
 3954 61.1000
 3955 61.1500
 3956 61.1700
 3957 61.1500
 3958 61.1000
 3959 61.1200
 3960 61.0500
 3961 60.9900
 3962 60.9500
 3963 60.9900
 3964 61.0500
 3965 61.1500
 3966 61.2600
 3967 61.2100
 3968 61.0600
 3969 60.9500
 3970 60.8500
 3971 60.8400
 3972 60.8700
 3973 60.9800
 3974 61.1800
 3975 61.3000
 3976 61.2700
 3977 61.2700
 3978 61.1700
 3979 61.0400
 3980 60.8700
 3981 60.8300
 3982 60.8800
 3983 60.9300
 3984 61.0000
 3985 61.0600
 3986 61.1500
 3987 61.2000
 3988 61.1700
 3989 61.1100
 3990 61.0800
 3991 61.0400
 3992 61.0000
 3993 61.0200
 3994 61.0000
 3995 60.9600
 3996 60.9500
 3997 61.0000
 3998 60.9800
 3999 61.0500
 4000 61.0700
 4001 61.1600
 4002 61.1700
 4003 61.1900
 4004 61.0800
 4005 61.0200
 4006 60.9500
 4007 60.8400
 4008 60.8600
 4009 60.9400
 4010 61.0700
 4011 61.1600
 4012 61.1600
 4013 61.1000
 4014 61.0700
 4015 61.0500
 4016 60.9800
 4017 60.9000
 4018 60.9600
 4019 60.9900
 4020 61.0500
 4021 61.0700
 4022 61.1500
 4023 61.1400
 4024 61.0600
 4025 60.9900
 4026 60.9300
 4027 60.9400
 4028 60.9600
 4029 60.9800
 4030 61.0500
 4031 61.1000
 4032 61.1000
 4033 61.0500
 4034 61.0300
 4035 61.0300
 4036 61.0000
 4037 61.0000
 4038 61.0500
 4039 61.0500
 4040 61.0400
 4041 61.0200
 4042 60.9900
 4043 60.9200
 4044 60.9800
 4045 60.9800
 4046 61.0500
 4047 61.1100
 4048 61.0800
 4049 61.0400
 4050 61.0300
 4051 60.9900
 4052 61.0300
 4053 61.0400
 4054 61.0500
 4055 61.0100
 4056 60.9300
 4057 60.9000
 4058 60.9300
 4059 61.0000
 4060 61.1100
 4061 61.1300
 4062 61.1100
 4063 61.0800
 4064 61.0500
 4065 60.9700
 4066 60.9400
 4067 60.9300
 4068 60.9500
 4069 60.9900
 4070 61.0200
 4071 61.0600
 4072 61.1000
 4073 61.0600
 4074 61.0200
 4075 60.9600
 4076 60.9400
 4077 60.9800
 4078 61.0400
 4079 61.0900
 4080 61.1000
 4081 61.0500
 4082 60.9900
 4083 60.9300
 4084 60.9400
 4085 61.0000
 4086 61.0100
 4087 61.0400
 4088 61.0200
 4089 60.9900
 4090 60.9800
 4091 60.9800
 4092 61.0200
 4093 61.0600
 4094 61.0900
 4095 61.1000
 4096 61.0500
 4097 61.0000
 4098 60.9700
 4099 60.9500
 4100 60.9300
 4101 60.9400
 4102 60.9300
 4103 60.9700
 4104 61.0500
 4105 61.1300
 4106 61.1600
 4107 61.1300
 4108 61.1000
 4109 61.0500
 4110 60.9400
 4111 60.8600
 4112 60.8700
 4113 60.9000
 4114 60.9600
 4115 61.0400
 4116 61.1300
 4117 61.1600
 4118 61.1400
 4119 61.0900
 4120 61.0200
 4121 60.9600
 4122 60.9300
 4123 60.9600
 4124 61.0200
 4125 61.0300
 4126 61.0600
 4127 61.0000
 4128 60.9600
 4129 60.9400
 4130 60.9900
 4131 61.0500
 4132 61.1000
 4133 61.1500
 4134 61.1800
 4135 61.1200
 4136 61.0400
 4137 60.9400
 4138 60.8800
 4139 60.8800
 4140 60.9400
 4141 61.0100
 4142 61.0700
 4143 61.1100
 4144 61.1500
 4145 61.1300
 4146 61.0600
 4147 61.0100
 4148 60.9700
 4149 60.9600
 4150 61.0100
 4151 61.0600
 4152 61.0900
 4153 61.1000
 4154 61.1000
 4155 61.0600
 4156 61.0200
 4157 60.9800
 4158 60.9700
 4159 60.9600
 4160 60.9900
 4161 61.0200
 4162 61.0600
 4163 61.1100
 4164 61.1000
 4165 61.0900
 4166 61.0600
 4167 61.0300
 4168 61.0400
 4169 61.0600
 4170 61.0700
 4171 61.0200
 4172 61.0100
 4173 60.9900
 4174 61.0000
 4175 61.0600
 4176 61.1000
 4177 61.0700
 4178 61.0300
 4179 60.9900
 4180 60.9700
 4181 61.0000
 4182 61.0600
 4183 61.1100
 4184 61.1400
 4185 61.1400
 4186 61.1000
 4187 61.0300
 4188 60.9800
 4189 60.9600
 4190 60.9900
 4191 61.0300
 4192 61.0600
 4193 61.0700
 4194 61.0500
 4195 61.0300
 4196 61.0200
 4197 61.0400
 4198 61.0700
 4199 61.1200
 4200 61.1400
 4201 61.0900
 4202 61.0400
 4203 60.9600
 4204 60.9300
 4205 60.9700
 4206 61.0500
 4207 61.1100
 4208 61.1200
 4209 61.0900
 4210 61.0700
 4211 61.0500
 4212 61.0300
 4213 61.0500
 4214 61.0400
 4215 61.0100
 4216 61.0000
 4217 61.0300
 4218 61.0500
 4219 61.0900
 4220 61.1000
 4221 61.1000
 4222 61.1000
 4223 61.0600
 4224 61.0500
 4225 61.0200
 4226 61.0000
 4227 61.0100
 4228 61.0200
 4229 61.0700
 4230 61.1100
 4231 61.1200
 4232 61.1000
 4233 61.0600
 4234 61.0100
 4235 60.9900
 4236 61.0200
 4237 61.1000
 4238 61.1600
 4239 61.1800
 4240 61.1400
 4241 61.0800
 4242 60.9900
 4243 60.9500
 4244 60.9600
 4245 61.0100
 4246 61.0900
 4247 61.1500
 4248 61.1900
 4249 61.1900
 4250 61.1300
 4251 61.0900
 4252 61.0400
 4253 61.0200
 4254 61.0400
 4255 61.0800
 4256 61.1100
 4257 61.0900
 4258 61.0500
 4259 61.0300
 4260 61.0500
 4261 61.0800
 4262 61.1300
 4263 61.1900
 4264 61.2000
 4265 61.1600
 4266 61.1000
 4267 61.0500
 4268 61.0100
 4269 61.0200
 4270 61.0800
 4271 61.1100
 4272 61.1300
 4273 61.1400
 4274 61.1300
 4275 61.1300
 4276 61.1500
 4277 61.1400
 4278 61.1300
 4279 61.1000
 4280 61.0700
 4281 61.0700
 4282 61.0700
 4283 61.0800
 4284 61.1200
 4285 61.1500
 4286 61.1900
 4287 61.2100
 4288 61.1900
 4289 61.1300
 4290 61.0700
 4291 61.0300
 4292 61.0200
 4293 61.0600
 4294 61.1300
 4295 61.1900
 4296 61.2200
 4297 61.1900
 4298 61.1300
 4299 61.0900
 4300 61.0800
 4301 61.1200
 4302 61.1800
 4303 61.1900
 4304 61.1700
 4305 61.1100
 4306 61.0500
 4307 61.0200
 4308 61.0400
 4309 61.1000
 4310 61.1800
 4311 61.2200
 4312 61.2400
 4313 61.2200
 4314 61.1600
 4315 61.1200
 4316 61.0700
 4317 61.0500
 4318 61.0700
 4319 61.1000
 4320 61.1400
 4321 61.1700
 4322 61.1500
 4323 61.1300
 4324 61.1100
 4325 61.1100
 4326 61.1400
 4327 61.1600
 4328 61.1700
 4329 61.1600
 4330 61.1300
 4331 61.1100
 4332 61.1000
 4333 61.1100
 4334 61.1500
 4335 61.1900
 4336 61.2100
 4337 61.1800
 4338 61.1100
 4339 61.0400
 4340 61.0100
 4341 61.0200
 4342 61.0900
 4343 61.1600
 4344 61.2300
 4345 61.2600
 4346 61.2400
 4347 61.1900
 4348 61.1400
 4349 61.1000
 4350 61.0900
 4351 61.0700
 4352 61.0900
 4353 61.1000
 4354 61.1000
 4355 61.1200
 4356 61.1400
 4357 61.1600
 4358 61.1900
 4359 61.2100
 4360 61.2100
 4361 61.1700
 4362 61.1000
 4363 61.0700
 4364 61.0700
 4365 61.1200
 4366 61.1700
 4367 61.2000
 4368 61.1700
 4369 61.1300
 4370 61.0800
 4371 61.0700
 4372 61.1100
 4373 61.1800
 4374 61.2300
 4375 61.2400
 4376 61.1900
 4377 61.1200
 4378 61.0700
 4379 61.0400
 4380 61.0900
 4381 61.1600
 4382 61.2100
 4383 61.2200
 4384 61.1800
 4385 61.1300
 4386 61.0400
 4387 61.0100
 4388 61.0600
 4389 61.1300
 4390 61.2200
 4391 61.2800
 4392 61.2800
 4393 61.2100
 4394 61.1100
 4395 61.0400
 4396 61.0200
 4397 61.0400
 4398 61.1000
 4399 61.1500
 4400 61.1700
 4401 61.1800
 4402 61.1700
 4403 61.1600
 4404 61.1600
 4405 61.1600
 4406 61.1700
 4407 61.1400
 4408 61.1000
 4409 61.0800
 4410 61.0700
 4411 61.0800
 4412 61.0900
 4413 61.1100
 4414 61.1300
 4415 61.1500
 4416 61.1800
 4417 61.2000
 4418 61.2000
 4419 61.1600
 4420 61.1200
 4421 61.0700
 4422 61.0200
 4423 61.0000
 4424 61.0200
 4425 61.0700
 4426 61.1400
 4427 61.2000
 4428 61.2500
 4429 61.2600
 4430 61.2300
 4431 61.1600
 4432 61.0700
 4433 60.9900
 4434 60.9700
 4435 61.0100
 4436 61.0600
 4437 61.1100
 4438 61.1400
 4439 61.1700
 4440 61.1900
 4441 61.1900
 4442 61.1800
 4443 61.1600
 4444 61.1300
 4445 61.0900
 4446 61.0500
 4447 61.0100
 4448 61.0100
 4449 61.0500
 4450 61.1200
 4451 61.1800
 4452 61.2300
 4453 61.2300
 4454 61.1700
 4455 61.1100
 4456 61.0700
 4457 61.0600
 4458 61.0600
 4459 61.0600
 4460 61.0700
 4461 61.1000
 4462 61.1300
 4463 61.1700
 4464 61.2100
 4465 61.2300
 4466 61.2200
 4467 61.1600
 4468 61.0800
 4469 60.9900
 4470 60.9200
 4471 60.9100
 4472 61.0000
 4473 61.1400
 4474 61.2800
 4475 61.3800
 4476 61.3800
 4477 61.2900
 4478 61.1600
 4479 61.0300
 4480 60.9300
 4481 60.9100
 4482 60.9400
 4483 61.0200
 4484 61.1000
 4485 61.1800
 4486 61.2400
 4487 61.2400
 4488 61.2200
 4489 61.1800
 4490 61.1200
 4491 61.0900
 4492 61.0800
 4493 61.1000
 4494 61.1300
 4495 61.1200
 4496 61.0700
 4497 61.0300
 4498 61.0200
 4499 61.0400
 4500 61.0900
 4501 61.1600
 4502 61.2400
 4503 61.2900
 4504 61.2800
 4505 61.2200
 4506 61.1100
 4507 61.0000
 4508 60.9100
 4509 60.8800
 4510 60.9600
 4511 61.0800
 4512 61.2000
 4513 61.2900
 4514 61.3100
 4515 61.2700
 4516 61.1700
 4517 61.0800
 4518 61.0300
 4519 61.0300
 4520 61.0600
 4521 61.0300
 4522 61.0600
 4523 61.0900
 4524 61.1100
 4525 61.1500
 4526 61.2000
 4527 61.2100
 4528 61.1700
 4529 61.1300
 4530 61.0800
 4531 61.0500
 4532 61.0000
 4533 61.0400
 4534 61.1100
 4535 61.1900
 4536 61.2600
 4537 61.2200
 4538 61.1600
 4539 61.0900
 4540 61.0300
 4541 61.0200
 4542 61.0500
 4543 61.1000
 4544 61.1500
 4545 61.1900
 4546 61.2100
 4547 61.1900
 4548 61.1800
 4549 61.1500
 4550 61.1300
 4551 61.0700
 4552 61.0200
 4553 61.0400
 4554 61.0800
 4555 61.1700
 4556 61.2200
 4557 61.2500
 4558 61.2400
 4559 61.1900
 4560 61.1200
 4561 61.0900
 4562 61.0700
 4563 61.1100
 4564 61.1600
 4565 61.2100
 4566 61.2300
 4567 61.2000
 4568 61.1100
 4569 61.0500
 4570 61.0500
 4571 61.1100
 4572 61.2100
 4573 61.3100
 4574 61.3500
 4575 61.2800
 4576 61.1400
 4577 61.0300
 4578 60.9900
 4579 61.0400
 4580 61.1700
 4581 61.2700
 4582 61.3000
 4583 61.2800
 4584 61.2300
 4585 61.1700
 4586 61.1500
 4587 61.1600
 4588 61.1600
 4589 61.1400
 4590 61.1400
 4591 61.1500
 4592 61.1600
 4593 61.2200
 4594 61.2800
 4595 61.3100
 4596 61.2500
 4597 61.1900
 4598 61.1200
 4599 61.0900
 4600 61.1100
 4601 61.1800
 4602 61.2700
 4603 61.3000
 4604 61.2800
 4605 61.2000
 4606 61.1500
 4607 61.1300
 4608 61.1600
 4609 61.2300
 4610 61.3100
 4611 61.3300
 4612 61.2700
 4613 61.1800
 4614 61.1100
 4615 61.0700
 4616 61.1000
 4617 61.1900
 4618 61.3200
 4619 61.3800
 4620 61.3600
 4621 61.2800
 4622 61.1600
 4623 61.0700
 4624 61.0800
 4625 61.1600
 4626 61.2600
 4627 61.3000
 4628 61.3100
 4629 61.2800
 4630 61.2500
 4631 61.2500
 4632 61.2400
 4633 61.2200
 4634 61.1700
 4635 61.1400
 4636 61.1500
 4637 61.1900
 4638 61.2600
 4639 61.3100
 4640 61.3400
 4641 61.2900
 4642 61.2200
 4643 61.1800
 4644 61.1900
 4645 61.2100
 4646 61.2700
 4647 61.3300
 4648 61.3100
 4649 61.2600
 4650 61.1900
 4651 61.1200
 4652 61.1000
 4653 61.1400
 4654 61.2200
 4655 61.3200
 4656 61.3700
 4657 61.3800
 4658 61.3400
 4659 61.2800
 4660 61.2200
 4661 61.1700
 4662 61.1300
 4663 61.1300
 4664 61.1800
 4665 61.2200
 4666 61.3000
 4667 61.3400
 4668 61.3500
 4669 61.3200
 4670 61.2800
 4671 61.2200
 4672 61.1400
 4673 61.0900
 4674 61.1200
 4675 61.2100
 4676 61.3400
 4677 61.4200
 4678 61.4200
 4679 61.3400
 4680 61.2200
 4681 61.1200
 4682 61.0700
 4683 61.0900
 4684 61.1800
 4685 61.2800
 4686 61.3600
 4687 61.3800
 4688 61.3200
 4689 61.2400
 4690 61.1700
 4691 61.1300
 4692 61.1400
 4693 61.1700
 4694 61.2200
 4695 61.2800
 4696 61.3400
 4697 61.3700
 4698 61.3500
 4699 61.3000
 4700 61.1800
 4701 61.0800
 4702 61.0400
 4703 61.0800
 4704 61.1800
 4705 61.2800
 4706 61.3600
 4707 61.3800
 4708 61.3200
 4709 61.2200
 4710 61.1500
 4711 61.1100
 4712 61.1500
 4713 61.2100
 4714 61.2700
 4715 61.2600
 4716 61.2400
 4717 61.1900
 4718 61.1600
 4719 61.1600
 4720 61.1700
 4721 61.1900
 4722 61.2100
 4723 61.2200
 4724 61.2400
 4725 61.2200
 4726 61.2000
 4727 61.1800
 4728 61.1700
 4729 61.2000
 4730 61.2200
 4731 61.2000
 4732 61.1900
 4733 61.1600
 4734 61.1800
 4735 61.1700
 4736 61.1600
 4737 61.1500
 4738 61.1500
 4739 61.1800
 4740 61.1800
 4741 61.1900
 4742 61.1900
 4743 61.1900
 4744 61.1800
 4745 61.1800
 4746 61.1700
 4747 61.1700
 4748 61.1500
 4749 61.1600
 4750 61.1600
 4751 61.1600
 4752 61.1300
 4753 61.1400
 4754 61.1300
 4755 61.1700
 4756 61.2000
 4757 61.2200
 4758 61.2000
 4759 61.2100
 4760 61.1600
 4761 61.1300
 4762 61.0800
 4763 61.0800
 4764 61.0700
 4765 61.1000
 4766 61.1600
 4767 61.2200
 4768 61.2700
 4769 61.2300
 4770 61.1800
 4771 61.1000
 4772 61.0700
 4773 61.0800
 4774 61.1300
 4775 61.1500
 4776 61.1700
 4777 61.1900
 4778 61.1800
 4779 61.1600
 4780 61.1300
 4781 61.1200
 4782 61.1100
 4783 61.1300
 4784 61.1400
 4785 61.1500
 4786 61.1400
 4787 61.1400
 4788 61.1400
 4789 61.1400
 4790 61.1600
 4791 61.1700
 4792 61.1800
 4793 61.1600
 4794 61.1200
 4795 61.0900
 4796 61.0800
 4797 61.1200
 4798 61.1700
 4799 61.1900
 4800 61.1600
 4801 61.1600
 4802 61.1400
 4803 61.1400
 4804 61.1300
 4805 61.1300
 4806 61.1300
 4807 61.1300
 4808 61.1300
 4809 61.1300
 4810 61.1400
 4811 61.1700
 4812 61.1900
 4813 61.2000
 4814 61.1900
 4815 61.1300
 4816 61.0400
 4817 60.9900
 4818 61.0200
 4819 61.1100
 4820 61.2300
 4821 61.3000
 4822 61.3300
 4823 61.2900
 4824 61.2200
 4825 61.0900
 4826 60.9800
 4827 60.9300
 4828 60.9800
 4829 61.0600
 4830 61.2100
 4831 61.2900
 4832 61.3200
 4833 61.2800
 4834 61.2200
 4835 61.1600
 4836 61.1200
 4837 61.1100
 4838 61.0900
 4839 61.0700
 4840 61.0800
 4841 61.1000
 4842 61.1200
 4843 61.2000
 4844 61.3000
 4845 61.3400
 4846 61.3300
 4847 61.2300
 4848 61.0900
 4849 60.9900
 4850 60.9800
 4851 61.0400
 4852 61.1800
 4853 61.2700
 4854 61.3500
 4855 61.3200
 4856 61.2500
 4857 61.1700
 4858 61.1300
 4859 61.1200
 4860 61.1400
 4861 61.1600
 4862 61.1800
 4863 61.1900
 4864 61.1800
 4865 61.1800
 4866 61.2000
 4867 61.2600
 4868 61.2800
 4869 61.2900
 4870 61.2500
 4871 61.1900
 4872 61.1500
 4873 61.1100
 4874 61.1300
 4875 61.1700
 4876 61.2200
 4877 61.2700
 4878 61.3200
 4879 61.3500
 4880 61.3100
 4881 61.2300
 4882 61.1500
 4883 61.0800
 4884 61.0800
 4885 61.1100
 4886 61.2200
 4887 61.3400
 4888 61.4000
 4889 61.4400
 4890 61.3800
 4891 61.3000
 4892 61.1900
 4893 61.1100
 4894 61.0400
 4895 61.0900
 4896 61.1600
 4897 61.2800
 4898 61.4000
 4899 61.4500
 4900 61.4300
 4901 61.3300
 4902 61.2500
 4903 61.1600
 4904 61.1300
 4905 61.1400
 4906 61.2300
 4907 61.3100
 4908 61.3700
 4909 61.4000
 4910 61.3500
 4911 61.2800
 4912 61.2200
 4913 61.1900
 4914 61.2100
 4915 61.2800
 4916 61.3400
 4917 61.3300
 4918 61.3600
 4919 61.3600
 4920 61.3700
 4921 61.3100
 4922 61.2500
 4923 61.2300
 4924 61.2600
 4925 61.2400
 4926 61.2800
 4927 61.3400
 4928 61.3400
 4929 61.4100
 4930 61.4000
 4931 61.4000
 4932 61.3500
 4933 61.3100
 4934 61.2800
 4935 61.2600
 4936 61.2500
 4937 61.2600
 4938 61.3200
 4939 61.4000
 4940 61.4700
 4941 61.4900
 4942 61.4500
 4943 61.3800
 4944 61.2900
 4945 61.2100
 4946 61.2000
 4947 61.2600
 4948 61.3200
 4949 61.4300
 4950 61.5000
 4951 61.5400
 4952 61.5100
 4953 61.4300
 4954 61.3500
 4955 61.2200
 4956 61.1600
 4957 61.1900
 4958 61.2600
 4959 61.3900
 4960 61.5000
 4961 61.6000
 4962 61.6100
 4963 61.5400
 4964 61.3900
 4965 61.2500
 4966 61.2000
 4967 61.1900
 4968 61.2800
 4969 61.3800
 4970 61.4900
 4971 61.5500
 4972 61.5200
 4973 61.4500
 4974 61.3700
 4975 61.2800
 4976 61.2900
 4977 61.3500
 4978 61.4100
 4979 61.4600
 4980 61.4700
 4981 61.4700
 4982 61.3900
 4983 61.3300
 4984 61.3000
 4985 61.2800
 4986 61.3300
 4987 61.4000
 4988 61.4700
 4989 61.5000
 4990 61.5000
 4991 61.4600
 4992 61.3900
 4993 61.3200
 4994 61.3100
 4995 61.2800
 4996 61.3000
 4997 61.3200
 4998 61.3700
 4999 61.4300
 5000 61.4800
 5001 61.4700
 5002 61.4400
 5003 61.3900
 5004 61.3300
 5005 61.3000
 5006 61.3000
 5007 61.3000
 5008 61.3000
 5009 61.3500
 5010 61.4200
 5011 61.4500
 5012 61.4600
 5013 61.4400
 5014 61.4000
 5015 61.3200
 5016 61.2600
 5017 61.2100
 5018 61.2000
 5019 61.2400
 5020 61.3100
 5021 61.4000
 5022 61.4700
 5023 61.5200
 5024 61.4800
 5025 61.4000
 5026 61.3400
 5027 61.2700
 5028 61.1900
 5029 61.1200
 5030 61.1500
 5031 61.2200
 5032 61.3300
 5033 61.4400
 5034 61.4800
 5035 61.4700
 5036 61.4300
 5037 61.3500
 5038 61.2500
 5039 61.1700
 5040 61.1300
 5041 61.1600
 5042 61.2300
 5043 61.3100
 5044 61.3800
 5045 61.4100
 5046 61.3900
 5047 61.3600
 5048 61.2900
 5049 61.2000
 5050 61.1700
 5051 61.1700
 5052 61.2200
 5053 61.2700
 5054 61.3200
 5055 61.3200
 5056 61.3100
 5057 61.2500
 5058 61.2000
 5059 61.1800
 5060 61.1900
 5061 61.2500
 5062 61.3000
 5063 61.3400
 5064 61.3100
 5065 61.2800
 5066 61.2100
 5067 61.1700
 5068 61.1400
 5069 61.1600
 5070 61.1900
 5071 61.2300
 5072 61.2900
 5073 61.3100
 5074 61.2900
 5075 61.2400
 5076 61.2200
 5077 61.1900
 5078 61.1900
 5079 61.2000
 5080 61.1800
 5081 61.1600
 5082 61.1700
 5083 61.1700
 5084 61.1900
 5085 61.2000
 5086 61.2300
 5087 61.2800
 5088 61.2700
 5089 61.2500
 5090 61.1900
 5091 61.1400
 5092 61.0800
 5093 61.0900
 5094 61.1100
 5095 61.1700
 5096 61.2500
 5097 61.2800
 5098 61.2700
 5099 61.2100
 5100 61.1400
 5101 61.1100
 5102 61.1200
 5103 61.1700
 5104 61.2000
 5105 61.2200
 5106 61.2000
 5107 61.1600
 5108 61.1000
 5109 61.0700
 5110 61.0800
 5111 61.1300
 5112 61.1900
 5113 61.2500
 5114 61.2600
 5115 61.2300
 5116 61.2000
 5117 61.1400
 5118 61.0800
 5119 61.0300
 5120 61.0500
 5121 61.1000
 5122 61.1800
 5123 61.2200
 5124 61.2200
 5125 61.1700
 5126 61.1500
 5127 61.1200
 5128 61.1100
 5129 61.0900
 5130 61.1000
 5131 61.1000
 5132 61.1000
 5133 61.1200
 5134 61.1200
 5135 61.1400
 5136 61.1600
 5137 61.1800
 5138 61.1700
 5139 61.1400
 5140 61.1000
 5141 61.0700
 5142 61.0400
 5143 61.0500
 5144 61.0900
 5145 61.1300
 5146 61.1600
 5147 61.1900
 5148 61.1900
 5149 61.1500
 5150 61.0900
 5151 61.0400
 5152 61.0100
 5153 61.0300
 5154 61.0900
 5155 61.1600
 5156 61.2000
 5157 61.1900
 5158 61.1700
 5159 61.1200
 5160 61.0600
 5161 61.0300
 5162 61.0100
 5163 61.0500
 5164 61.0700
 5165 61.1300
 5166 61.1700
 5167 61.1900
 5168 61.1800
 5169 61.1400
 5170 61.1000
 5171 61.0600
 5172 61.0500
 5173 61.0600
 5174 61.0900
 5175 61.1400
 5176 61.1600
 5177 61.1500
 5178 61.1200
 5179 61.0700
 5180 61.0400
 5181 61.0400
 5182 61.0800
 5183 61.1300
 5184 61.1600
 5185 61.1600
 5186 61.1600
 5187 61.1300
 5188 61.1100
 5189 61.0900
 5190 61.0800
 5191 61.0800
 5192 61.0800
 5193 61.0800
 5194 61.0800
 5195 61.0900
 5196 61.1100
 5197 61.1300
 5198 61.1800
 5199 61.1900
 5200 61.1700
 5201 61.1200
 5202 61.0700
 5203 61.0400
 5204 61.0300
 5205 61.0500
 5206 61.0700
 5207 61.1200
 5208 61.1600
 5209 61.2100
 5210 61.2200
 5211 61.1900
 5212 61.1500
 5213 61.0900
 5214 61.0500
 5215 61.0400
 5216 61.0600
 5217 61.1000
 5218 61.1400
 5219 61.1900
 5220 61.2200
 5221 61.2200
 5222 61.2000
 5223 61.1500
 5224 61.0900
 5225 61.0500
 5226 61.0400
 5227 61.0600
 5228 61.1000
 5229 61.1700
 5230 61.2300
 5231 61.3000
 5232 61.3100
 5233 61.2500
 5234 61.1500
 5235 61.0400
 5236 60.9800
 5237 61.0200
 5238 61.1000
 5239 61.2200
 5240 61.3100
 5241 61.3100
 5242 61.2800
 5243 61.1900
 5244 61.1400
 5245 61.1100
 5246 61.1300
 5247 61.1700
 5248 61.2100
 5249 61.2000
 5250 61.1900
 5251 61.1900
 5252 61.1900
 5253 61.2000
 5254 61.2200
 5255 61.2400
 5256 61.2600
 5257 61.2800
 5258 61.2600
 5259 61.2300
 5260 61.1900
 5261 61.1700
 5262 61.1700
 5263 61.1700
 5264 61.2200
 5265 61.2500
 5266 61.2800
 5267 61.2900
 5268 61.3100
 5269 61.2800
 5270 61.2300
 5271 61.2100
 5272 61.1900
 5273 61.1900
 5274 61.2300
 5275 61.2800
 5276 61.3300
 5277 61.3200
 5278 61.2800
 5279 61.2300
 5280 61.2000
 5281 61.2300
 5282 61.2500
 5283 61.3100
 5284 61.3200
 5285 61.3200
 5286 61.3200
 5287 61.2700
 5288 61.2100
 5289 61.1900
 5290 61.2100
 5291 61.2300
 5292 61.2800
 5293 61.3100
 5294 61.3500
 5295 61.3600
 5296 61.3400
 5297 61.3200
 5298 61.2700
 5299 61.2500
 5300 61.2300
 5301 61.2300
 5302 61.2200
 5303 61.2300
 5304 61.2600
 5305 61.3100
 5306 61.3500
 5307 61.3400
 5308 61.3400
 5309 61.3100
 5310 61.2800
 5311 61.2600
 5312 61.2500
 5313 61.2900
 5314 61.2800
 5315 61.2700
 5316 61.2600
 5317 61.2600
 5318 61.2500
 5319 61.3000
 5320 61.3200
 5321 61.3100
 5322 61.2800
 5323 61.2900
 5324 61.2900
 5325 61.2800
 5326 61.2500
 5327 61.2500
 5328 61.2500
 5329 61.2700
 5330 61.2700
 5331 61.3100
 5332 61.3200
 5333 61.3200
 5334 61.3200
 5335 61.2900
 5336 61.2600
 5337 61.2500
 5338 61.2300
 5339 61.2400
 5340 61.2200
 5341 61.2400
 5342 61.2700
 5343 61.3300
 5344 61.3600
 5345 61.3400
 5346 61.3200
 5347 61.2500
 5348 61.2000
 5349 61.2100
 5350 61.2700
 5351 61.2800
 5352 61.2600
 5353 61.2600
 5354 61.2600
 5355 61.2700
 5356 61.2600
 5357 61.2700
 5358 61.2700
 5359 61.3000
 5360 61.3100
 5361 61.3100
 5362 61.2900
 5363 61.2500
 5364 61.1900
 5365 61.1800
 5366 61.2100
 5367 61.2700
 5368 61.3000
 5369 61.3400
 5370 61.3300
 5371 61.2900
 5372 61.2500
 5373 61.1600
 5374 61.1500
 5375 61.1400
 5376 61.2400
 5377 61.2900
 5378 61.3500
 5379 61.3700
 5380 61.3400
 5381 61.2800
 5382 61.2100
 5383 61.1500
 5384 61.1400
 5385 61.1600
 5386 61.2300
 5387 61.2700
 5388 61.2900
 5389 61.2700
 5390 61.2800
 5391 61.2500
 5392 61.2600
 5393 61.2400
 5394 61.2200
 5395 61.2200
 5396 61.2200
 5397 61.2300
 5398 61.2100
 5399 61.2200
 5400 61.2100
 5401 61.2200
 5402 61.2000
 5403 61.2000
 5404 61.1900
 5405 61.2000
 5406 61.2300
 5407 61.2400
 5408 61.2600
 5409 61.2800
 5410 61.2800
 5411 61.2200
 5412 61.1600
 5413 61.1300
 5414 61.1300
 5415 61.1700
 5416 61.1900
 5417 61.2000
 5418 61.1900
 5419 61.1900
 5420 61.2000
 5421 61.2100
 5422 61.2200
 5423 61.2000
 5424 61.2100
 5425 61.2000
 5426 61.1800
 5427 61.1600
 5428 61.1400
 5429 61.1500
 5430 61.1600
 5431 61.1800
 5432 61.1800
 5433 61.1700
 5434 61.1800
 5435 61.1900
 5436 61.1700
 5437 61.1700
 5438 61.1600
 5439 61.1700
 5440 61.1600
 5441 61.1500
 5442 61.1400
 5443 61.1300
 5444 61.1300
 5445 61.1400
 5446 61.1700
 5447 61.1800
 5448 61.1600
 5449 61.1400
 5450 61.1000
 5451 61.1300
 5452 61.1500
 5453 61.1400
 5454 61.1300
 5455 61.1200
 5456 61.1500
 5457 61.1300
 5458 61.1500
 5459 61.1400
 5460 61.1200
 5461 61.1300
 5462 61.1300
 5463 61.1000
 5464 61.0900
 5465 61.0800
 5466 61.0900
 5467 61.1100
 5468 61.1500
 5469 61.1700
 5470 61.1700
 5471 61.1500
 5472 61.1400
 5473 61.1100
 5474 61.0800
 5475 61.0200
 5476 61.0300
 5477 61.0600
 5478 61.0900
 5479 61.1400
 5480 61.1700
 5481 61.1700
 5482 61.1500
 5483 61.1600
 5484 61.1000
 5485 61.0900
 5486 61.0600
 5487 61.0700
 5488 61.0500
 5489 61.0600
 5490 61.0900
 5491 61.0900
 5492 61.1100
 5493 61.1500
 5494 61.1500
 5495 61.1400
 5496 61.1200
 5497 61.1200
 5498 61.1100
 5499 61.0700
 5500 61.0600
 5501 61.0400
 5502 61.0400
 5503 61.0300
 5504 61.0900
 5505 61.1200
 5506 61.1400
 5507 61.1400
 5508 61.1200
 5509 61.1300
 5510 61.1500
 5511 61.1600
 5512 61.0700
 5513 61.0000
 5514 60.9300
 5515 60.9500
 5516 61.0200
 5517 61.1000
 5518 61.1800
 5519 61.2100
 5520 61.2400
 5521 61.2200
 5522 61.1600
 5523 61.0600
 5524 60.9700
 5525 60.9000
 5526 60.9100
 5527 60.9900
 5528 61.0300
 5529 61.1300
 5530 61.2500
 5531 61.2300
 5532 61.1500
 5533 61.0700
 5534 61.0000
 5535 60.9900
 5536 60.9800
 5537 61.1000
 5538 61.0400
 5539 61.0300
 5540 61.1200
 5541 61.0700
 5542 61.1100
 5543 61.1700
 5544 61.0000
 5545 61.0400
 5546 61.0600
 5547 61.0700
 5548 60.9800
 5549 61.0700
 5550 61.1500
 5551 61.1000
 5552 61.0400
 5553 61.0500
 5554 60.9500
 5555 60.9300
 5556 60.9800
 5557 61.0700
 5558 61.1100
 5559 61.0700
 5560 61.1800
 5561 61.1500
 5562 61.0100
 5563 61.0300
 5564 60.9400
 5565 61.0200
 5566 61.0400
 5567 61.0700
 5568 61.0700
 5569 61.0100
 5570 61.1200
 5571 61.0200
 5572 61.0200
 5573 61.0400
 5574 60.9600
 5575 60.9200
 5576 60.9700
 5577 61.0700
 5578 61.1700
 5579 61.1300
 5580 61.0800
 5581 61.0400
 5582 61.0500
 5583 60.9800
 5584 60.9800
 5585 61.0400
 5586 61.0300
 5587 61.0100
 5588 61.0300
 5589 60.9700
 5590 60.9900
 5591 61.0500
 5592 61.1300
 5593 61.1400
 5594 61.0600
 5595 60.9800
 5596 61.0100
 5597 61.0300
 5598 61.0700
 5599 61.0900
 5600 61.1200
 5601 60.9900
 5602 60.9200
 5603 60.9600
 5604 61.0200
 5605 61.1200
 5606 61.1500
 5607 60.9900
 5608 61.0200
 5609 61.0400
 5610 61.0100
 5611 61.0800
 5612 61.1600
 5613 61.0700
 5614 61.0500
 5615 61.0800
 5616 61.0700
 5617 61.0700
 5618 60.9700
 5619 60.9300
 5620 60.9900
 5621 60.9900
 5622 61.0200
 5623 61.0400
 5624 61.1900
 5625 61.2600
 5626 61.1900
 5627 61.0800
 5628 61.0900
 5629 61.0500
 5630 60.9000
 5631 60.9300
 5632 61.0300
 5633 61.0100
 5634 61.0200
 5635 61.1200
 5636 61.1900
 5637 61.1600
 5638 61.0900
 5639 61.1000
 5640 61.1000
 5641 61.0000
 5642 60.9400
 5643 61.0300
 5644 61.1200
 5645 61.1000
 5646 61.0500
 5647 61.0700
 5648 61.0000
 5649 60.9900
 5650 61.2000
 5651 61.2700
 5652 61.1800
 5653 60.9900
 5654 60.8400
 5655 60.9000
 5656 61.0000
 5657 61.0900
 5658 61.1900
 5659 61.1300
 5660 61.0400
 5661 61.0400
 5662 61.1000
 5663 61.1800
 5664 61.1200
 5665 61.0400
 5666 61.0000
 5667 61.0200
 5668 61.0700
 5669 61.0400
 5670 61.0100
 5671 60.9900
 5672 61.0200
 5673 61.0900
 5674 61.0400
 5675 61.0600
 5676 61.0700
 5677 61.0700
 5678 61.1800
 5679 61.2000
 5680 61.1400
 5681 61.0600
 5682 60.9800
 5683 60.9500
 5684 60.9400
 5685 60.9800
 5686 61.0100
 5687 61.0200
 5688 61.1000
 5689 61.1600
 5690 61.1200
 5691 61.0600
 5692 61.1000
 5693 61.0400
 5694 60.9900
 5695 61.0600
 5696 61.0600
 5697 61.0700
 5698 61.0600
 5699 60.9800
 5700 60.9700
 5701 61.0000
 5702 61.0500
 5703 61.1000
 5704 61.1200
 5705 61.0800
 5706 61.0100
 5707 61.0000
 5708 61.0200
 5709 61.0600
 5710 61.0700
 5711 61.0300
 5712 61.0100
 5713 61.0400
 5714 61.0700
 5715 61.0300
 5716 61.0100
 5717 61.0600
 5718 61.0800
 5719 61.1100
 5720 61.0600
 5721 60.9700
 5722 60.9600
 5723 61.0400
 5724 61.0500
 5725 61.0500
 5726 61.0600
 5727 61.0400
 5728 61.0000
 5729 61.0400
 5730 61.1100
 5731 61.0700
 5732 60.9800
 5733 60.9500
 5734 60.9900
 5735 61.0500
 5736 61.1100
 5737 61.1600
 5738 61.1000
 5739 61.0700
 5740 61.0400
 5741 60.9800
 5742 60.9800
 5743 60.9900
 5744 61.0000
 5745 61.0200
 5746 61.0500
 5747 61.0900
 5748 61.1200
 5749 61.1000
 5750 61.0500
 5751 61.0500
 5752 61.0900
 5753 61.1000
 5754 61.0700
 5755 61.0500
 5756 61.0100
 5757 61.0000
 5758 61.0400
 5759 61.0700
 5760 61.0900
 5761 61.0800
 5762 61.0700
 5763 61.1200
 5764 61.1100
 5765 61.0800
 5766 61.0600
 5767 61.0400
 5768 61.1000
 5769 61.1200
 5770 61.1600
 5771 61.1500
 5772 61.0900
 5773 61.0500
 5774 61.0400
 5775 61.0300
 5776 61.0500
 5777 61.0900
 5778 61.1100
 5779 61.1200
 5780 61.1500
 5781 61.2100
 5782 61.2600
 5783 61.2300
 5784 61.1600
 5785 61.0800
 5786 61.0100
 5787 61.0100
 5788 61.0200
 5789 61.0700
 5790 61.1300
 5791 61.1500
 5792 61.1600
 5793 61.2300
 5794 61.2900
 5795 61.2600
 5796 61.1900
 5797 61.1100
 5798 61.1200
 5799 61.1300
 5800 61.1300
 5801 61.1000
 5802 61.0700
 5803 61.1000
 5804 61.1700
 5805 61.2100
 5806 61.2300
 5807 61.2400
 5808 61.2100
 5809 61.1700
 5810 61.1600
 5811 61.2000
 5812 61.1900
 5813 61.1700
 5814 61.1600
 5815 61.1600
 5816 61.1500
 5817 61.1800
 5818 61.2200
 5819 61.2300
 5820 61.2200
 5821 61.2300
 5822 61.2000
 5823 61.1600
 5824 61.1400
 5825 61.1400
 5826 61.1600
 5827 61.1900
 5828 61.2400
 5829 61.2600
 5830 61.2500
 5831 61.2700
 5832 61.2300
 5833 61.1800
 5834 61.1600
 5835 61.1500
 5836 61.1500
 5837 61.1700
 5838 61.2100
 5839 61.2400
 5840 61.2500
 5841 61.2300
 5842 61.1900
 5843 61.1800
 5844 61.2000
 5845 61.2000
 5846 61.1900
 5847 61.2200
 5848 61.1900
 5849 61.1900
 5850 61.2300
 5851 61.2400
 5852 61.2200
 5853 61.2000
 5854 61.1800
 5855 61.1500
 5856 61.1500
 5857 61.1600
 5858 61.2200
 5859 61.2700
 5860 61.2900
 5861 61.2500
 5862 61.1900
 5863 61.1600
 5864 61.1300
 5865 61.1100
 5866 61.1300
 5867 61.1800
 5868 61.2100
 5869 61.2300
 5870 61.2600
 5871 61.2800
 5872 61.2400
 5873 61.1800
 5874 61.1900
 5875 61.1800
 5876 61.1300
 5877 61.1100
 5878 61.1100
 5879 61.1300
 5880 61.1600
 5881 61.1700
 5882 61.1900
 5883 61.2200
 5884 61.2600
 5885 61.2900
 5886 61.2700
 5887 61.2200
 5888 61.1500
 5889 61.1100
 5890 61.0800
 5891 61.0300
 5892 61.0400
 5893 61.1100
 5894 61.2100
 5895 61.2600
 5896 61.2800
 5897 61.2700
 5898 61.2500
 5899 61.2100
 5900 61.1600
 5901 61.1000
 5902 61.0500
 5903 61.0600
 5904 61.1200
 5905 61.1900
 5906 61.2300
 5907 61.2500
 5908 61.2400
 5909 61.1800
 5910 61.1400
 5911 61.1400
 5912 61.1300
 5913 61.1200
 5914 61.1200
 5915 61.1300
 5916 61.1600
 5917 61.1800
 5918 61.1900
 5919 61.2100
 5920 61.2200
 5921 61.2100
 5922 61.1800
 5923 61.1300
 5924 61.1100
 5925 61.1100
 5926 61.1000
 5927 61.1100
 5928 61.1300
 5929 61.1800
 5930 61.2300
 5931 61.2300
 5932 61.2200
 5933 61.1900
 5934 61.1300
 5935 61.0800
 5936 61.0700
 5937 61.0900
 5938 61.1200
 5939 61.1600
 5940 61.2300
 5941 61.2500
 5942 61.2200
 5943 61.1900
 5944 61.1400
 5945 61.1000
 5946 61.0800
 5947 61.0700
 5948 61.1000
 5949 61.1300
 5950 61.1800
 5951 61.2200
 5952 61.2400
 5953 61.2200
 5954 61.1700
 5955 61.1300
 5956 61.1000
 5957 61.0800
 5958 61.0700
 5959 61.0700
 5960 61.1300
 5961 61.1900
 5962 61.2200
 5963 61.2100
 5964 61.2000
 5965 61.1800
 5966 61.1400
 5967 61.1000
 5968 61.1000
 5969 61.1300
 5970 61.1300
 5971 61.1200
 5972 61.1000
 5973 61.1200
 5974 61.1600
 5975 61.2000
 5976 61.1900
 5977 61.1600
 5978 61.1300
 5979 61.1200
 5980 61.1300
 5981 61.1600
 5982 61.1800
 5983 61.1900
 5984 61.1600
 5985 61.1000
 5986 61.0800
 5987 61.1000
 5988 61.1200
 5989 61.1300
 5990 61.1400
 5991 61.1800
 5992 61.2000
 5993 61.2000
 5994 61.2200
 5995 61.2000
 5996 61.1600
 5997 61.1100
 5998 61.0800
 5999 61.0800
 6000 61.1100
 6001 61.1600
 6002 61.2000
 6003 61.2200
 6004 61.1900
 6005 61.1700
 6006 61.1600
 6007 61.1700
 6008 61.1600
 6009 61.1500
 6010 61.1600
 6011 61.1600
 6012 61.1700
 6013 61.1700
 6014 61.1800
 6015 61.1700
 6016 61.1500
 6017 61.1600
 6018 61.2000
 6019 61.2200
 6020 61.2000
 6021 61.1800
 6022 61.1700
 6023 61.1800
 6024 61.2000
 6025 61.2100
 6026 61.2200
 6027 61.2200
 6028 61.2000
 6029 61.1900
 6030 61.2000
 6031 61.1900
 6032 61.1900
 6033 61.1900
 6034 61.1900
 6035 61.2000
 6036 61.2300
 6037 61.2800
 6038 61.2800
 6039 61.2500
 6040 61.2100
 6041 61.1900
 6042 61.2000
 6043 61.2200
 6044 61.2200
 6045 61.2000
 6046 61.2000
 6047 61.2300
 6048 61.2600
 6049 61.2800
 6050 61.2700
 6051 61.2600
 6052 61.2600
 6053 61.2800
 6054 61.2800
 6055 61.2500
 6056 61.2100
 6057 61.2000
 6058 61.2200
 6059 61.2600
 6060 61.2700
 6061 61.2700
 6062 61.2700
 6063 61.2800
 6064 61.2700
 6065 61.2700
 6066 61.2800
 6067 61.2800
 6068 61.2700
 6069 61.2800
 6070 61.2900
 6071 61.2900
 6072 61.2700
 6073 61.2500
 6074 61.2300
 6075 61.2300
 6076 61.2300
 6077 61.2400
 6078 61.2800
 6079 61.3100
 6080 61.3200
 6081 61.3300
 6082 61.3200
 6083 61.2900
 6084 61.2500
 6085 61.2100
 6086 61.1900
 6087 61.2100
 6088 61.2600
 6089 61.3100
 6090 61.3300
 6091 61.3100
 6092 61.2800
 6093 61.2700
 6094 61.2600
 6095 61.2400
 6096 61.2500
 6097 61.2300
 6098 61.2500
 6099 61.2500
 6100 61.2700
 6101 61.2700
 6102 61.3000
 6103 61.3000
 6104 61.2800
 6105 61.2800
 6106 61.2400
 6107 61.2300
 6108 61.2200
 6109 61.1900
 6110 61.2100
 6111 61.2400
 6112 61.2800
 6113 61.3300
 6114 61.3300
 6115 61.2900
 6116 61.2500
 6117 61.2100
 6118 61.1700
 6119 61.1800
 6120 61.1900
 6121 61.2200
 6122 61.2600
 6123 61.2800
 6124 61.3000
 6125 61.2900
 6126 61.2600
 6127 61.2100
 6128 61.1800
 6129 61.1600
 6130 61.1900
 6131 61.2300
 6132 61.2800
 6133 61.3200
 6134 61.3100
 6135 61.2600
 6136 61.2300
 6137 61.1900
 6138 61.1700
 6139 61.1700
 6140 61.2000
 6141 61.2400
 6142 61.2800
 6143 61.3000
 6144 61.2800
 6145 61.2500
 6146 61.2100
 6147 61.2100
 6148 61.2200
 6149 61.2100
 6150 61.2300
 6151 61.2300
 6152 61.2500
 6153 61.3000
 6154 61.3100
 6155 61.3000
 6156 61.2700
 6157 61.2300
 6158 61.2000
 6159 61.1900
 6160 61.1900
 6161 61.2100
 6162 61.2300
 6163 61.2600
 6164 61.2900
 6165 61.3300
 6166 61.3500
 6167 61.3400
 6168 61.3300
 6169 61.2500
 6170 61.1800
 6171 61.1400
 6172 61.1600
 6173 61.2100
 6174 61.2700
 6175 61.3200
 6176 61.3500
 6177 61.3900
 6178 61.3800
 6179 61.3600
 6180 61.3000
 6181 61.2100
 6182 61.1300
 6183 61.1200
 6184 61.1600
 6185 61.2200
 6186 61.2900
 6187 61.3500
 6188 61.4000
 6189 61.4200
 6190 61.4000
 6191 61.3400
 6192 61.2500
 6193 61.1600
 6194 61.1300
 6195 61.1700
 6196 61.2200
 6197 61.3100
 6198 61.3400
 6199 61.3400
 6200 61.3000
 6201 61.2600
 6202 61.2500
 6203 61.2500
 6204 61.2500
 6205 61.2700
 6206 61.2900
 6207 61.2800
 6208 61.2700
 6209 61.2500
 6210 61.2300
 6211 61.2200
 6212 61.2200
 6213 61.2200
 6214 61.2300
 6215 61.2700
 6216 61.2800
 6217 61.3000
 6218 61.2900
 6219 61.2600
 6220 61.2500
 6221 61.2300
 6222 61.2300
 6223 61.2100
 6224 61.2000
 6225 61.1700
 6226 61.1700
 6227 61.1600
 6228 61.2000
 6229 61.2500
 6230 61.3000
 6231 61.3000
 6232 61.2500
 6233 61.2200
 6234 61.1700
 6235 61.1400
 6236 61.1300
 6237 61.1600
 6238 61.1800
 6239 61.2300
 6240 61.2700
 6241 61.2900
 6242 61.2400
 6243 61.1600
 6244 61.1100
 6245 61.1000
 6246 61.1600
 6247 61.2000
 6248 61.2700
 6249 61.2600
 6250 61.2200
 6251 61.1800
 6252 61.2000
 6253 61.2300
 6254 61.2400
 6255 61.2200
 6256 61.1600
 6257 61.1300
 6258 61.1100
 6259 61.1600
 6260 61.1800
 6261 61.2300
 6262 61.2700
 6263 61.3100
 6264 61.2900
 6265 61.2000
 6266 61.1300
 6267 61.1200
 6268 61.1800
 6269 61.2200
 6270 61.2200
 6271 61.2000
 6272 61.2400
 6273 61.2900
 6274 61.2900
 6275 61.2500
 6276 61.2300
 6277 61.2100
 6278 61.2400
 6279 61.2200
 6280 61.2000
 6281 61.1400
 6282 61.1200
 6283 61.2100
 6284 61.2800
 6285 61.3100
 6286 61.3500
 6287 61.3500
 6288 61.3100
 6289 61.2400
 6290 61.2100
 6291 61.2100
 6292 61.2200
 6293 61.2500
 6294 61.2400
 6295 61.2600
 6296 61.2700
 6297 61.2800
 6298 61.3300
 6299 61.3400
 6300 61.3100
 6301 61.2400
 6302 61.2100
 6303 61.2500
 6304 61.2700
 6305 61.3000
 6306 61.2900
 6307 61.2800
 6308 61.2800
 6309 61.3000
 6310 61.4100
 6311 61.3400
 6312 61.2300
 6313 61.1900
 6314 61.2200
 6315 61.2800
 6316 61.3400
 6317 61.3100
 6318 61.3200
 6319 61.2700
 6320 61.2500
 6321 61.2200
 6322 61.2200
 6323 61.3000
 6324 61.3500
 6325 61.4300
 6326 61.4000
 6327 61.2800
 6328 61.1600
 6329 61.1000
 6330 61.1900
 6331 61.2600
 6332 61.3800
 6333 61.4200
 6334 61.3400
 6335 61.2700
 6336 61.2400
 6337 61.2200
 6338 61.1800
 6339 61.2100
 6340 61.2600
 6341 61.2700
 6342 61.2400
 6343 61.3200
 6344 61.2700
 6345 61.3100
 6346 61.2600
 6347 61.1900
 6348 61.2700
 6349 61.2700
 6350 61.2000
 6351 61.1900
 6352 61.2200
 6353 61.2800
 6354 61.2900
 6355 61.3100
 6356 61.2900
 6357 61.2400
 6358 61.1900
 6359 61.1700
 6360 61.1700
 6361 61.1700
 6362 61.2300
 6363 61.2300
 6364 61.2400
 6365 61.1900
 6366 61.2400
 6367 61.3100
 6368 61.3200
 6369 61.3100
 6370 61.2700
 6371 61.2100
 6372 61.1600
 6373 61.0900
 6374 61.0700
 6375 61.1500
 6376 61.2500
 6377 61.2500
 6378 61.2700
 6379 61.3800
 6380 61.3500
 6381 61.2600
 6382 61.1500
 6383 61.1600
 6384 61.1700
 6385 61.2200
 6386 61.2700
 6387 61.2600
 6388 61.2500
 6389 61.1800
 6390 61.1300
 6391 61.1200
 6392 61.1700
 6393 61.2500
 6394 61.3100
 6395 61.3100
 6396 61.3700
 6397 61.3200
 6398 61.2200
 6399 61.2000
 6400 61.1300
 6401 61.1200
 6402 61.1900
 6403 61.2100
 6404 61.2900
 6405 61.3400
 6406 61.3100
 6407 61.2800
 6408 61.2300
 6409 61.1300
 6410 61.1900
 6411 61.2000
 6412 61.3000
 6413 61.3000
 6414 61.1900
 6415 61.2700
 6416 61.3000
 6417 61.2600
 6418 61.2700
 6419 61.2100
 6420 61.2400
 6421 61.2600
 6422 61.2700
 6423 61.2700
 6424 61.2100
 6425 61.1600
 6426 61.1400
 6427 61.2200
 6428 61.2000
 6429 61.3100
 6430 61.3700
 6431 61.3100
 6432 61.2800
 6433 61.2600
 6434 61.2500
 6435 61.2100
 6436 61.1400
 6437 61.1200
 6438 61.2000
 6439 61.2200
 6440 61.3100
 6441 61.2500
 6442 61.2200
 6443 61.2300
 6444 61.2600
 6445 61.2900
 6446 61.2500
 6447 61.2100
 6448 61.1700
 6449 61.1600
 6450 61.1800
 6451 61.2500
 6452 61.2700
 6453 61.2100
 6454 61.1600
 6455 61.1600
 6456 61.1700
 6457 61.2500
 6458 61.3000
 6459 61.2700
 6460 61.1800
 6461 61.1400
 6462 61.1200
 6463 61.1200
 6464 61.1600
 6465 61.2000
 6466 61.2200
 6467 61.2500
 6468 61.2600
 6469 61.2400
 6470 61.1900
 6471 61.1500
 6472 61.1200
 6473 61.1600
 6474 61.1900
 6475 61.2100
 6476 61.1900
 6477 61.1600
 6478 61.1700
 6479 61.1900
 6480 61.1900
 6481 61.1900
 6482 61.1900
 6483 61.1600
 6484 61.1800
 6485 61.2100
 6486 61.2600
 6487 61.2000
 6488 61.1300
 6489 61.1400
 6490 61.1400
 6491 61.1700
 6492 61.2400
 6493 61.2800
 6494 61.2600
 6495 61.1900
 6496 61.1500
 6497 61.1300
 6498 61.1400
 6499 61.2300
 6500 61.2500
 6501 61.2800
 6502 61.2100
 6503 61.2100
 6504 61.2100
 6505 61.2200
 6506 61.1900
 6507 61.1900
 6508 61.2100
 6509 61.2600
 6510 61.2400
 6511 61.2200
 6512 61.2200
 6513 61.1900
 6514 61.2000
 6515 61.2500
 6516 61.2700
 6517 61.2500
 6518 61.2700
 6519 61.2500
 6520 61.2300
 6521 61.2600
 6522 61.2500
 6523 61.2100
 6524 61.2000
 6525 61.2200
 6526 61.2900
 6527 61.3100
 6528 61.2800
 6529 61.2200
 6530 61.2100
 6531 61.2400
 6532 61.2200
 6533 61.2600
 6534 61.2700
 6535 61.2500
 6536 61.2700
 6537 61.2800
 6538 61.2600
 6539 61.2600
 6540 61.2500
 6541 61.2600
 6542 61.2500
 6543 61.2200
 6544 61.2100
 6545 61.2400
 6546 61.2500
 6547 61.2900
 6548 61.3200
 6549 61.3100
 6550 61.2600
 6551 61.1900
 6552 61.2000
 6553 61.2200
 6554 61.2400
 6555 61.2400
 6556 61.2600
 6557 61.2600
 6558 61.2800
 6559 61.2400
 6560 61.2400
 6561 61.2700
 6562 61.2800
 6563 61.2800
 6564 61.2300
 6565 61.1700
 6566 61.1900
 6567 61.2300
 6568 61.2700
 6569 61.3100
 6570 61.2700
 6571 61.2200
 6572 61.2100
 6573 61.2400
 6574 61.2400
 6575 61.2600
 6576 61.2600
 6577 61.2200
 6578 61.2200
 6579 61.1900
 6580 61.2000
 6581 61.1800
 6582 61.2200
 6583 61.2800
 6584 61.3000
 6585 61.2600
 6586 61.2400
 6587 61.2000
 6588 61.1700
 6589 61.1800
 6590 61.2100
 6591 61.2400
 6592 61.2500
 6593 61.2500
 6594 61.2200
 6595 61.2000
 6596 61.2100
 6597 61.2100
 6598 61.2400
 6599 61.2100
 6600 61.1900
 6601 61.1800
 6602 61.2000
 6603 61.2200
 6604 61.2500
 6605 61.2600
 6606 61.2500
 6607 61.2500
 6608 61.2400
 6609 61.1900
 6610 61.1800
 6611 61.1800
 6612 61.1800
 6613 61.1800
 6614 61.2200
 6615 61.2500
 6616 61.2900
 6617 61.3000
 6618 61.2800
 6619 61.2000
 6620 61.1600
 6621 61.1400
 6622 61.1600
 6623 61.1900
 6624 61.2200
 6625 61.2700
 6626 61.3000
 6627 61.2800
 6628 61.2500
 6629 61.2000
 6630 61.1600
 6631 61.1800
 6632 61.1900
 6633 61.2200
 6634 61.2200
 6635 61.2400
 6636 61.2200
 6637 61.2300
 6638 61.2000
 6639 61.2000
 6640 61.2200
 6641 61.2500
 6642 61.2700
 6643 61.2600
 6644 61.2100
 6645 61.1800
 6646 61.1500
 6647 61.1500
 6648 61.1900
 6649 61.2300
 6650 61.2500
 6651 61.2400
 6652 61.2500
 6653 61.2700
 6654 61.2500
 6655 61.2100
 6656 61.1700
 6657 61.1800
 6658 61.2100
 6659 61.2200
 6660 61.2300
 6661 61.2300
 6662 61.2200
 6663 61.2000
 6664 61.2100
 6665 61.2400
 6666 61.2300
 6667 61.2200
 6668 61.2100
 6669 61.2300
 6670 61.2500
 6671 61.2400
 6672 61.2500
 6673 61.2100
 6674 61.1900
 6675 61.1900
 6676 61.1900
 6677 61.2000
 6678 61.2100
 6679 61.2200
 6680 61.2600
 6681 61.2700
 6682 61.2400
 6683 61.2100
 6684 61.2100
 6685 61.2200
 6686 61.2100
 6687 61.1900
 6688 61.2100
 6689 61.2100
 6690 61.2100
 6691 61.2200
 6692 61.2100
 6693 61.2100
 6694 61.2400
 6695 61.2400
 6696 61.2300
 6697 61.2100
 6698 61.1900
 6699 61.1800
 6700 61.1800
 6701 61.1800
 6702 61.2000
 6703 61.2200
 6704 61.2600
 6705 61.2600
 6706 61.2200
 6707 61.1700
 6708 61.1400
 6709 61.1500
 6710 61.2100
 6711 61.2400
 6712 61.2400
 6713 61.1800
 6714 61.1500
 6715 61.1600
 6716 61.1800
 6717 61.2000
 6718 61.2100
 6719 61.2100
 6720 61.2100
 6721 61.2000
 6722 61.2000
 6723 61.1900
 6724 61.1900
 6725 61.1600
 6726 61.1600
 6727 61.1600
 6728 61.1900
 6729 61.2100
 6730 61.2200
 6731 61.2100
 6732 61.1800
 6733 61.1700
 6734 61.1600
 6735 61.1900
 6736 61.2000
 6737 61.1900
 6738 61.1900
 6739 61.1900
 6740 61.2100
 6741 61.2200
 6742 61.2200
 6743 61.1900
 6744 61.1600
 6745 61.1500
 6746 61.1700
 6747 61.2000
 6748 61.2100
 6749 61.2200
 6750 61.2200
 6751 61.2200
 6752 61.1900
 6753 61.1700
 6754 61.1800
 6755 61.2000
 6756 61.2200
 6757 61.2200
 6758 61.2000
 6759 61.1800
 6760 61.1800
 6761 61.1800
 6762 61.2000
 6763 61.2000
 6764 61.2000
 6765 61.2100
 6766 61.2200
 6767 61.1900
 6768 61.1800
 6769 61.1800
 6770 61.2000
 6771 61.2000
 6772 61.1700
 6773 61.1400
 6774 61.1300
 6775 61.1500
 6776 61.1900
 6777 61.2100
 6778 61.2100
 6779 61.2100
 6780 61.2100
 6781 61.2000
 6782 61.1800
 6783 61.1200
 6784 61.0800
 6785 61.0700
 6786 61.0900
 6787 61.1400
 6788 61.2000
 6789 61.2200
 6790 61.2300
 6791 61.2100
 6792 61.1800
 6793 61.1400
 6794 61.1000
 6795 61.0800
 6796 61.1000
 6797 61.1000
 6798 61.1100
 6799 61.1300
 6800 61.1500
 6801 61.1600
 6802 61.1800
 6803 61.1800
 6804 61.1900
 6805 61.1500
 6806 61.1100
 6807 61.0600
 6808 61.0800
 6809 61.1200
 6810 61.1600
 6811 61.1700
 6812 61.1800
 6813 61.1500
 6814 61.1400
 6815 61.1100
 6816 61.0900
 6817 61.0800
 6818 61.1100
 6819 61.1500
 6820 61.1800
 6821 61.1500
 6822 61.1300
 6823 61.1300
 6824 61.1300
 6825 61.1400
 6826 61.1500
 6827 61.1200
 6828 61.1300
 6829 61.1400
 6830 61.1300
 6831 61.1400
 6832 61.1400
 6833 61.1400
 6834 61.1700
 6835 61.1900
 6836 61.1600
 6837 61.1100
 6838 61.1100
 6839 61.1300
 6840 61.1500
 6841 61.1600
 6842 61.1300
 6843 61.1500
 6844 61.1500
 6845 61.1800
 6846 61.1900
 6847 61.2100
 6848 61.1500
 6849 61.1200
 6850 61.1100
 6851 61.1400
 6852 61.1700
 6853 61.1500
 6854 61.1000
 6855 61.0900
 6856 61.1300
 6857 61.2000
 6858 61.2500
 6859 61.2200
 6860 61.1700
 6861 61.0900
 6862 61.0900
 6863 61.1100
 6864 61.1400
 6865 61.1800
 6866 61.2000
 6867 61.1800
 6868 61.1800
 6869 61.1600
 6870 61.0800
 6871 61.0900
 6872 61.1100
 6873 61.1300
 6874 61.1400
 6875 61.1600
 6876 61.1900
 6877 61.1800
 6878 61.1800
 6879 61.1600
 6880 61.1500
 6881 61.1100
 6882 61.1000
 6883 61.1000
 6884 61.0700
 6885 61.1000
 6886 61.1100
 6887 61.1800
 6888 61.2100
 6889 61.2100
 6890 61.1800
 6891 61.0900
 6892 61.1000
 6893 61.1300
 6894 61.1200
 6895 61.1100
 6896 61.1000
 6897 61.1300
 6898 61.1800
 6899 61.2000
 6900 61.1700
 6901 61.0900
 6902 61.0700
 6903 61.1200
 6904 61.1300
 6905 61.1000
 6906 61.1300
 6907 61.1700
 6908 61.1500
 6909 61.1500
 6910 61.1700
 6911 61.1900
 6912 61.1500
 6913 61.1200
 6914 61.0900
 6915 61.1000
 6916 61.1000
 6917 61.1100
 6918 61.1500
 6919 61.1800
 6920 61.1800
 6921 61.1500
 6922 61.1400
 6923 61.1600
 6924 61.1600
 6925 61.1300
 6926 61.1300
 6927 61.1100
 6928 61.1100
 6929 61.1100
 6930 61.1000
 6931 61.1100
 6932 61.1700
 6933 61.2200
 6934 61.1600
 6935 61.1700
 6936 61.1400
 6937 61.1300
 6938 61.1000
 6939 61.1400
 6940 61.1700
 6941 61.1200
 6942 61.0800
 6943 61.0800
 6944 61.1200
 6945 61.1900
 6946 61.2200
 6947 61.2100
 6948 61.1200
 6949 61.1000
 6950 61.1200
 6951 61.0900
 6952 61.0900
 6953 61.1000
 6954 61.1400
 6955 61.1900
 6956 61.1800
 6957 61.1800
 6958 61.1500
 6959 61.1500
 6960 61.1100
 6961 61.0800
 6962 61.0900
 6963 61.0800
 6964 61.1100
 6965 61.1500
 6966 61.1600
 6967 61.1600
 6968 61.1500
 6969 61.1400
 6970 61.1300
 6971 61.1900
 6972 61.1800
 6973 61.1000
 6974 61.0500
 6975 61.0500
 6976 61.1000
 6977 61.1700
 6978 61.1500
 6979 61.1600
 6980 61.1400
 6981 61.1400
 6982 61.1400
 6983 61.1500
 6984 61.1900
 6985 61.1400
 6986 61.1500
 6987 61.1500
 6988 61.1200
 6989 61.0900
 6990 61.0700
 6991 61.0900
 6992 61.1400
 6993 61.1800
 6994 61.2000
 6995 61.2000
 6996 61.1700
 6997 61.1600
 6998 61.1600
 6999 61.1200
 7000 61.1000
 7001 61.0900
 7002 61.1100
 7003 61.1500
 7004 61.1600
 7005 61.1600
 7006 61.1800
 7007 61.1700
 7008 61.1700
 7009 61.1500
 7010 61.1300
 7011 61.1400
 7012 61.1400
 7013 61.1000
 7014 61.1100
 7015 61.1400
 7016 61.1700
 7017 61.2000
 7018 61.2000
 7019 61.1600
 7020 61.1300
 7021 61.0900
 7022 61.0800
 7023 61.1300
 7024 61.1600
 7025 61.1800
 7026 61.1600
 7027 61.1500
 7028 61.1500
 7029 61.1200
 7030 61.1000
 7031 61.1000
 7032 61.1300
 7033 61.1800
 7034 61.1600
 7035 61.1800
 7036 61.1800
 7037 61.1500
 7038 61.1200
 7039 61.1100
 7040 61.1100
 7041 61.1000
 7042 61.1100
 7043 61.1300
 7044 61.1700
 7045 61.1700
 7046 61.1600
 7047 61.1500
 7048 61.1300
 7049 61.1400
 7050 61.1400
 7051 61.1600
 7052 61.1700
 7053 61.1300
 7054 61.1100
 7055 61.1200
 7056 61.1100
 7057 61.1400
 7058 61.1500
 7059 61.1800
 7060 61.1800
 7061 61.1600
 7062 61.1600
 7063 61.1200
 7064 61.0800
 7065 61.0900
 7066 61.1100
 7067 61.1300
 7068 61.1500
 7069 61.1900
 7070 61.2000
 7071 61.1800
 7072 61.1500
 7073 61.1100
 7074 61.0800
 7075 61.0800
 7076 61.1100
 7077 61.1200
 7078 61.1500
 7079 61.1600
 7080 61.1700
 7081 61.1700
 7082 61.1500
 7083 61.1300
 7084 61.1300
 7085 61.1200
 7086 61.1000
 7087 61.0800
 7088 61.1100
 7089 61.1500
 7090 61.1600
 7091 61.1700
 7092 61.1500
 7093 61.1200
 7094 61.1000
 7095 61.0800
 7096 61.1000
 7097 61.1300
 7098 61.1500
 7099 61.1700
 7100 61.1500
 7101 61.1200
 7102 61.1100
 7103 61.1000
 7104 61.1000
 7105 61.1100
 7106 61.1200
 7107 61.1400
 7108 61.1400
 7109 61.1300
 7110 61.0900
 7111 61.0900
 7112 61.1000
 7113 61.1100
 7114 61.1300
 7115 61.1300
 7116 61.1300
 7117 61.1200
 7118 61.1300
 7119 61.1200
 7120 61.1000
 7121 61.0900
 7122 61.0900
 7123 61.1100
 7124 61.1000
 7125 61.0900
 7126 61.1000
 7127 61.1200
 7128 61.1300
 7129 61.1500
 7130 61.1500
 7131 61.1400
 7132 61.1400
 7133 61.1300
 7134 61.0900
 7135 61.0700
 7136 61.0500
 7137 61.0800
 7138 61.1200
 7139 61.1500
