    0 22.7800
    1 22.7700
    2 22.7800
    3 22.7700
    4 22.7700
    5 22.7800
    6 22.7700
    7 22.7800
    8 22.7700
    9 22.7800
   10 22.7700
   11 22.7800
   12 22.7700
   13 22.7800
   14 22.7700
   15 22.7700
   16 22.7800
   17 22.7700
   18 22.7800
   19 22.7700
   20 22.7800
   21 22.7700
   22 22.7800
   23 22.7700
   24 22.7800
   25 22.7700
   26 22.7700
   27 22.7800
   28 22.7700
   29 22.7800
   30 22.7700
   31 22.7800
   32 22.7700
   33 22.7800
   34 22.7700
   35 22.7800
   36 22.7700
   37 22.7700
   38 22.7800
   39 22.7700
   40 22.7800
   41 22.7700
   42 22.7800
   43 22.7700
   44 22.7800
   45 22.7700
   46 22.7800
   47 22.7700
   48 22.7700
   49 22.7800
   50 22.7700
   51 22.7800
   52 22.7700
   53 22.7800
   54 22.7700
   55 22.7800
   56 22.7700
   57 22.7800
   58 22.7700
   59 22.7700
   60 22.7800
   61 22.7700
   62 22.7800
   63 22.7700
   64 22.7800
   65 22.7700
   66 22.7800
   67 22.7700
   68 22.7700
   69 22.7800
   70 22.7700
   71 22.7800
   72 22.7700
   73 22.7800
   74 22.7800
   75 22.7800
   76 22.7700
   77 22.7800
   78 22.7700
   79 22.7800
   80 22.7800
   81 22.7700
   82 22.7800
   83 22.7800
   84 22.7800
   85 22.7800
   86 22.7800
   87 22.7800
   88 22.7800
   89 22.7800
   90 22.7800
   91 22.7800
   92 22.7700
   93 22.7800
   94 22.7700
   95 22.7800
   96 22.7700
   97 22.7700
   98 22.7700
   99 22.7800
  100 22.7700
  101 22.7900
  102 22.7700
  103 22.8100
  104 22.7700
  105 22.7900
  106 22.7600
  107 22.7900
  108 22.7700
  109 22.8000
  110 22.7600
  111 22.7600
  112 22.7500
  113 22.7800
  114 22.7900
  115 22.7900
  116 22.7300
  117 22.7100
  118 22.7600
  119 22.8200
  120 22.8300
  121 22.8300
  122 22.7200
  123 22.7300
  124 22.7200
  125 22.9100
  126 23.0100
  127 22.9900
  128 22.8900
  129 22.5600
  130 22.6100
  131 22.5000
  132 22.8200
  133 22.8700
  134 22.9400
  135 22.7500
  136 22.6700
  137 22.7200
  138 22.8800
  139 22.8100
  140 22.7900
  141 22.6600
  142 22.8100
  143 22.7300
  144 22.9400
  145 22.8900
  146 22.7600
  147 22.5900
  148 22.6600
  149 22.8400
  150 22.9200
  151 22.9500
  152 22.7200
  153 22.7000
  154 22.5000
  155 22.8100
  156 22.8400
  157 22.9300
  158 23.0000
  159 22.9700
  160 23.0400
  161 22.7500
  162 22.7400
  163 22.5900
  164 22.6700
  165 22.7800
  166 22.7500
  167 22.6900
  168 22.4800
  169 22.4100
  170 22.6400
  171 22.9100
  172 23.1900
  173 23.0600
  174 22.5600
  175 22.1700
  176 22.0500
  177 23.0700
  178 23.3900
  179 23.7300
  180 22.9500
  181 22.7100
  182 22.4100
  183 22.8600
  184 23.0200
  185 23.2200
  186 22.7600
  187 22.8800
  188 22.6700
  189 22.8100
  190 22.4900
  191 22.4100
  192 21.6100
  193 21.6100
  194 22.4600
  195 23.3600
  196 22.6500
  197 22.2000
  198 22.0700
  199 22.2600
  200 23.0500
  201 22.9700
  202 23.0800
  203 23.3600
  204 22.7300
  205 23.5600
  206 23.9100
  207 23.2900
  208 23.1700
  209 23.6900
  210 23.6200
  211 22.7700
  212 21.9900
  213 21.8900
  214 22.5800
  215 23.0400
  216 23.5200
  217 22.9200
  218 22.5900
  219 22.1500
  220 21.9600
  221 22.4400
  222 22.5900
  223 22.3800
  224 21.9000
  225 21.5800
  226 22.9400
  227 23.9000
  228 24.0800
  229 23.7100
  230 22.7400
  231 21.5300
  232 21.7200
  233 22.8600
  234 23.6800
  235 25.0900
  236 24.9800
  237 24.5600
  238 22.9200
  239 21.0500
  240 20.0000
  241 21.1800
  242 21.8100
  243 23.6800
  244 23.6800
  245 22.7800
  246 20.8200
  247 22.1900
  248 23.6400
  249 23.3400
  250 21.5300
  251 23.1400
  252 23.4200
  253 24.0800
  254 24.0600
  255 24.4700
  256 22.5900
  257 23.7200
  258 22.5100
  259 22.5300
  260 22.1400
  261 22.4700
  262 20.5800
  263 20.1500
  264 22.3800
  265 21.7300
  266 22.3000
  267 24.2300
  268 24.5800
  269 23.9800
  270 23.9800
  271 23.1300
  272 22.4100
  273 22.4900
  274 22.1000
  275 22.6900
  276 25.3200
  277 24.9200
  278 23.0100
  279 20.8300
  280 20.9900
  281 20.5100
  282 20.9800
  283 23.8000
  284 23.1900
  285 22.8800
  286 23.6100
  287 23.5100
  288 21.9800
  289 22.8000
  290 23.6800
  291 23.2000
  292 23.2800
  293 24.5300
  294 21.7800
  295 21.5700
  296 22.7300
  297 21.9400
  298 23.7100
  299 22.8200
  300 21.7500
  301 22.0600
  302 22.7100
  303 23.2100
  304 23.6600
  305 22.7300
  306 22.5000
  307 22.1800
  308 23.9400
  309 22.9200
  310 22.5400
  311 23.6100
  312 23.2600
  313 21.8400
  314 22.5100
  315 23.5600
  316 23.0500
  317 22.5600
  318 22.4900
  319 21.9100
  320 21.7300
  321 21.2000
  322 22.3100
  323 23.9800
  324 24.7400
  325 22.8500
  326 23.8700
  327 23.8600
  328 22.3300
  329 22.3700
  330 23.7000
  331 22.6300
  332 21.8300
  333 22.5000
  334 20.5000
  335 21.5900
  336 22.8000
  337 24.0000
  338 24.0600
  339 24.1600
  340 22.6900
  341 22.0200
  342 22.1200
  343 22.1400
  344 22.0300
  345 23.0400
  346 24.8100
  347 24.0100
  348 22.4400
  349 23.6400
  350 22.1100
  351 21.7500
  352 23.2400
  353 23.2100
  354 21.9200
  355 20.9400
  356 21.3800
  357 22.3300
  358 24.0800
  359 24.7300
  360 22.8000
  361 22.1800
  362 22.7100
  363 22.4000
  364 22.0900
  365 24.7100
  366 25.2200
  367 23.2000
  368 21.6500
  369 20.7900
  370 21.1100
  371 23.9300
  372 24.7000
  373 23.1300
  374 21.8000
  375 20.2800
  376 21.0100
  377 23.0300
  378 24.6100
  379 24.2100
  380 23.9000
  381 23.6600
  382 22.7600
  383 22.5000
  384 21.7300
  385 21.5600
  386 22.6800
  387 22.6200
  388 23.0000
  389 22.8500
  390 23.1400
  391 22.9100
  392 21.9500
  393 23.1700
  394 23.2300
  395 22.7900
  396 22.3000
  397 23.1000
  398 23.1700
  399 23.5600
  400 22.7700
  401 22.0500
  402 23.0200
  403 22.7400
  404 22.7100
  405 22.9500
  406 23.4000
  407 22.8000
  408 21.2700
  409 21.2000
  410 22.2500
  411 22.8700
  412 24.5400
  413 25.3100
  414 23.3900
  415 21.7800
  416 21.2800
  417 21.7800
  418 22.8100
  419 23.3000
  420 23.7100
  421 23.3600
  422 22.9400
  423 22.6400
  424 22.0500
  425 22.1100
  426 22.0000
  427 22.7900
  428 24.0000
  429 23.8100
  430 22.9200
  431 22.7300
  432 22.6200
  433 22.0100
  434 21.5600
  435 21.9000
  436 22.1900
  437 22.9000
  438 23.5600
  439 24.3800
  440 24.9300
  441 24.6400
  442 22.6300
  443 21.3200
  444 20.9000
  445 21.3500
  446 22.0300
  447 22.6200
  448 23.1500
  449 23.4000
  450 23.1200
  451 23.5300
  452 23.0200
  453 22.9000
  454 22.4900
  455 23.1200
  456 23.6500
  457 23.2800
  458 21.7700
  459 20.7400
  460 21.8800
  461 23.0500
  462 24.4200
  463 24.4600
  464 23.0500
  465 22.0800
  466 22.2200
  467 22.2700
  468 22.3500
  469 22.4400
  470 22.4400
  471 23.0300
  472 24.0200
  473 23.3700
  474 21.7600
  475 21.5900
  476 23.1700
  477 23.7000
  478 23.8700
  479 23.8900
  480 22.9100
  481 22.0100
  482 21.2200
  483 21.3300
  484 22.5600
  485 23.3000
  486 23.2900
  487 23.8800
  488 23.4400
  489 21.7400
  490 21.0400
  491 22.2100
  492 23.6400
  493 24.6000
  494 24.6100
  495 23.9000
  496 22.2400
  497 21.0700
  498 21.2500
  499 22.2600
  500 23.0500
  501 23.4000
  502 23.0100
  503 22.0700
  504 21.5200
  505 22.4000
  506 24.1400
  507 23.9900
  508 23.0200
  509 22.1400
  510 22.6500
  511 23.7700
  512 24.1800
  513 23.5400
  514 22.3700
  515 21.7800
  516 21.6300
  517 21.5400
  518 21.8100
  519 22.2900
  520 22.6100
  521 22.9600
  522 23.8800
  523 24.5800
  524 23.7000
  525 22.8600
  526 23.3100
  527 23.0300
  528 22.3900
  529 21.9300
  530 21.3500
  531 22.0500
  532 22.7800
  533 23.1400
  534 23.5400
  535 23.4900
  536 22.7800
  537 22.0900
  538 22.2800
  539 22.6900
  540 23.3600
  541 23.5700
  542 22.7400
  543 22.1500
  544 22.6400
  545 22.8900
  546 23.0200
  547 23.1600
  548 22.6200
  549 22.3700
  550 22.5200
  551 22.7200
  552 23.2100
  553 23.3100
  554 22.9900
  555 23.0700
  556 23.2200
  557 22.4800
  558 21.4900
  559 21.1500
  560 21.9900
  561 23.4400
  562 24.1900
  563 23.4400
  564 23.0400
  565 23.1400
  566 23.3700
  567 23.1100
  568 22.2900
  569 21.6000
  570 21.7200
  571 22.8100
  572 23.7800
  573 23.6900
  574 22.9200
  575 22.7600
  576 22.3400
  577 21.5000
  578 21.4300
  579 22.4600
  580 24.2300
  581 24.6000
  582 23.2700
  583 22.3000
  584 21.9200
  585 22.4800
  586 23.5700
  587 23.8900
  588 23.0800
  589 21.7600
  590 21.1600
  591 21.9400
  592 23.1900
  593 23.8000
  594 23.4200
  595 22.8600
  596 22.5400
  597 22.3900
  598 22.0800
  599 22.2700
  600 23.1400
  601 24.0100
  602 24.3400
  603 23.4100
  604 22.0000
  605 21.3700
  606 21.8500
  607 22.7000
  608 23.1000
  609 22.9700
  610 22.5500
  611 22.7000
  612 22.9600
  613 23.1600
  614 23.2600
  615 22.9800
  616 22.8200
  617 22.8900
  618 22.7500
  619 22.5200
  620 22.2100
  621 22.3100
  622 22.9700
  623 23.2800
  624 23.1800
  625 23.1000
  626 22.9600
  627 22.4400
  628 21.7300
  629 21.4800
  630 22.5100
  631 23.9200
  632 24.4700
  633 23.9400
  634 22.9500
  635 22.0200
  636 21.9200
  637 22.3400
  638 22.1900
  639 22.1000
  640 22.6600
  641 23.4200
  642 23.7300
  643 23.5300
  644 23.1500
  645 22.6600
  646 22.2300
  647 22.0600
  648 21.8900
  649 22.2800
  650 23.2800
  651 23.9900
  652 23.9600
  653 23.2700
  654 21.9100
  655 21.1100
  656 21.6700
  657 23.0500
  658 24.1300
  659 24.4000
  660 23.7100
  661 22.3200
  662 21.4500
  663 21.4100
  664 21.9500
  665 22.9400
  666 23.4700
  667 23.4200
  668 23.2200
  669 23.0600
  670 23.0300
  671 23.0100
  672 22.6000
  673 22.1500
  674 22.3500
  675 23.0500
  676 23.4200
  677 23.1200
  678 22.1700
  679 21.4800
  680 22.0100
  681 23.5100
  682 24.4100
  683 24.1400
  684 22.9000
  685 21.5700
  686 21.3100
  687 22.2900
  688 23.2100
  689 23.2400
  690 22.9900
  691 22.9700
  692 23.0300
  693 23.0700
  694 23.1000
  695 22.9200
  696 22.6900
  697 22.0100
  698 21.4700
  699 21.7300
  700 22.9600
  701 24.4300
  702 24.9600
  703 24.1800
  704 22.3900
  705 20.8100
  706 20.4500
  707 21.2900
  708 22.7700
  709 24.4200
  710 25.2400
  711 24.8200
  712 23.3300
  713 21.4800
  714 20.3900
  715 20.5100
  716 22.1000
  717 23.8300
  718 24.6500
  719 24.3300
  720 23.4100
  721 22.6200
  722 22.0200
  723 21.6000
  724 21.8700
  725 22.5800
  726 23.1500
  727 23.5000
  728 23.6600
  729 23.3700
  730 22.8100
  731 22.0500
  732 21.7700
  733 22.0700
  734 22.6600
  735 23.1400
  736 23.4300
  737 23.3800
  738 23.0500
  739 22.8700
  740 23.0000
  741 23.0900
  742 22.9100
  743 22.3300
  744 21.8500
  745 22.0200
  746 22.4900
  747 23.0300
  748 23.1700
  749 23.3000
  750 23.3500
  751 22.8700
  752 22.2900
  753 21.9900
  754 22.3500
  755 23.1000
  756 23.7600
  757 23.8600
  758 23.3000
  759 22.5300
  760 22.1700
  761 22.3300
  762 22.5300
  763 22.4000
  764 22.3000
  765 22.4200
  766 22.7400
  767 23.0600
  768 23.2500
  769 23.2000
  770 22.8200
  771 22.4300
  772 22.6800
  773 23.4900
  774 23.9900
  775 23.5000
  776 22.4400
  777 21.6600
  778 21.5400
  779 22.0200
  780 22.8200
  781 23.3800
  782 23.3800
  783 23.0700
  784 23.0300
  785 23.1800
  786 22.8000
  787 22.2500
  788 22.1300
  789 22.5500
  790 23.0800
  791 23.1400
  792 23.0300
  793 22.9600
  794 22.9400
  795 22.9300
  796 22.8900
  797 22.5800
  798 22.2000
  799 22.1700
  800 22.5300
  801 23.0900
  802 23.3900
  803 23.3400
  804 23.0000
  805 22.6100
  806 22.3400
  807 22.3900
  808 22.7700
  809 23.0700
  810 23.0200
  811 22.8200
  812 22.6400
  813 22.9100
  814 22.9200
  815 22.6400
  816 22.3000
  817 22.5200
  818 23.0100
  819 23.3200
  820 23.1300
  821 22.7400
  822 22.5600
  823 22.6900
  824 22.8400
  825 22.7900
  826 22.6000
  827 22.4500
  828 22.5100
  829 22.7900
  830 23.1200
  831 23.3300
  832 23.2900
  833 22.9400
  834 22.4400
  835 22.1000
  836 22.2800
  837 22.8900
  838 23.3700
  839 23.1200
  840 22.4800
  841 22.1200
  842 22.5300
  843 23.1000
  844 23.2700
  845 23.0500
  846 22.8100
  847 22.8700
  848 23.0700
  849 23.0000
  850 22.5800
  851 22.1000
  852 22.2400
  853 22.7900
  854 23.2500
  855 23.1900
  856 22.6700
  857 22.2000
  858 22.2400
  859 22.6700
  860 23.2600
  861 23.4500
  862 23.1600
  863 22.7800
  864 22.6800
  865 22.7800
  866 22.8300
  867 22.8300
  868 22.9000
  869 22.7300
  870 22.4600
  871 22.3000
  872 22.3900
  873 22.4800
  874 22.6800
  875 22.9600
  876 23.2100
  877 23.2800
  878 23.1800
  879 23.0900
  880 23.0300
  881 22.9200
  882 22.6500
  883 22.3700
  884 22.0500
  885 21.9900
  886 22.5700
  887 23.5100
  888 23.9500
  889 23.3700
  890 22.1200
  891 21.3600
  892 21.6700
  893 22.8400
  894 24.0700
  895 24.5500
  896 23.9700
  897 22.6800
  898 21.6300
  899 21.3600
  900 21.8100
  901 22.6300
  902 23.4200
  903 23.8500
  904 23.5100
  905 22.7300
  906 22.0100
  907 21.8900
  908 22.4600
  909 23.2700
  910 23.6400
  911 23.4000
  912 22.7700
  913 22.2900
  914 22.2700
  915 22.6300
  916 22.8500
  917 22.8700
  918 22.8000
  919 22.7400
  920 22.8000
  921 22.9800
  922 23.2900
  923 23.3800
  924 23.0500
  925 22.4100
  926 21.9200
  927 21.7400
  928 22.0400
  929 22.7000
  930 23.4000
  931 23.7700
  932 23.7500
  933 23.4100
  934 22.8500
  935 22.2900
  936 22.0100
  937 22.1900
  938 22.6700
  939 23.0700
  940 23.2200
  941 23.0000
  942 22.6800
  943 22.4700
  944 22.5700
  945 22.8900
  946 23.1300
  947 23.0200
  948 22.6400
  949 22.3100
  950 22.3800
  951 22.7300
  952 23.0600
  953 23.1500
  954 23.0300
  955 22.8800
  956 22.8700
  957 22.9600
  958 23.0500
  959 22.9700
  960 22.6700
  961 22.2900
  962 22.0500
  963 22.2100
  964 22.8700
  965 23.5700
  966 23.6000
  967 22.8900
  968 22.0900
  969 21.8000
  970 22.2300
  971 23.0200
  972 23.6800
  973 23.8300
  974 23.4800
  975 22.9300
  976 22.5600
  977 22.3900
  978 22.3300
  979 22.3500
  980 22.3600
  981 22.4200
  982 22.5500
  983 22.9000
  984 23.3600
  985 23.5700
  986 23.2700
  987 22.6800
  988 22.2300
  989 22.2200
  990 22.6300
  991 23.0700
  992 23.1200
  993 22.9100
  994 22.7400
  995 22.7400
  996 22.8300
  997 22.9300
  998 22.9200
  999 22.9600
 1000 22.8300
 1001 22.5500
 1002 22.2800
 1003 22.3400
 1004 22.6800
 1005 23.0700
 1006 23.2300
 1007 23.0800
 1008 22.6900
 1009 22.4700
 1010 22.6200
 1011 22.9400
 1012 23.1000
 1013 23.0300
 1014 22.8500
 1015 22.7200
 1016 22.7600
 1017 22.8600
 1018 22.7800
 1019 22.5800
 1020 22.3600
 1021 22.3600
 1022 22.6200
 1023 22.9200
 1024 23.1700
 1025 23.2000
 1026 23.1500
 1027 23.0400
 1028 22.9700
 1029 22.8300
 1030 22.7000
 1031 22.4900
 1032 22.3200
 1033 22.3100
 1034 22.4500
 1035 22.6700
 1036 22.9000
 1037 23.1200
 1038 23.2700
 1039 23.2800
 1040 23.0400
 1041 22.6700
 1042 22.3700
 1043 22.3500
 1044 22.6100
 1045 22.9700
 1046 23.2800
 1047 23.3800
 1048 23.0800
 1049 22.5300
 1050 22.0500
 1051 21.9500
 1052 22.2900
 1053 22.8300
 1054 23.2500
 1055 23.3900
 1056 23.2700
 1057 23.0000
 1058 22.6700
 1059 22.4700
 1060 22.4800
 1061 22.7300
 1062 23.0500
 1063 23.2800
 1064 23.1700
 1065 22.7500
 1066 22.3100
 1067 22.1300
 1068 22.3000
 1069 22.6800
 1070 23.0000
 1071 23.1100
 1072 23.0500
 1073 22.9600
 1074 22.9800
 1075 23.1000
 1076 23.0700
 1077 22.7400
 1078 22.3400
 1079 22.1000
 1080 22.2400
 1081 22.6700
 1082 23.2000
 1083 23.4900
 1084 23.3800
 1085 23.0300
 1086 22.6000
 1087 22.2900
 1088 22.2700
 1089 22.6200
 1090 22.9000
 1091 23.0700
 1092 22.9800
 1093 22.7800
 1094 22.5600
 1095 22.4800
 1096 22.5900
 1097 22.8900
 1098 23.1400
 1099 23.3000
 1100 23.2300
 1101 22.9400
 1102 22.4900
 1103 22.1900
 1104 22.1900
 1105 22.4800
 1106 22.9300
 1107 23.3500
 1108 23.4000
 1109 23.0600
 1110 22.5200
 1111 22.1300
 1112 22.0400
 1113 22.3500
 1114 22.9200
 1115 23.3600
 1116 23.5500
 1117 23.4900
 1118 23.2300
 1119 22.8600
 1120 22.4500
 1121 22.0700
 1122 21.9400
 1123 22.2400
 1124 22.7500
 1125 23.2100
 1126 23.3200
 1127 23.1600
 1128 22.8400
 1129 22.5300
 1130 22.5300
 1131 22.8300
 1132 23.0800
 1133 23.1200
 1134 22.9900
 1135 22.6800
 1136 22.3900
 1137 22.3400
 1138 22.4200
 1139 22.6400
 1140 22.9800
 1141 23.1200
 1142 23.0800
 1143 23.0100
 1144 22.8500
 1145 22.6900
 1146 22.6400
 1147 22.7400
 1148 22.9100
 1149 23.0200
 1150 22.8700
 1151 22.6400
 1152 22.4100
 1153 22.3900
 1154 22.6300
 1155 22.9300
 1156 23.1000
 1157 23.0300
 1158 22.8400
 1159 22.7000
 1160 22.6300
 1161 22.6700
 1162 22.8700
 1163 23.1400
 1164 23.2100
 1165 23.1000
 1166 22.7300
 1167 22.2500
 1168 22.0600
 1169 22.2600
 1170 22.6800
 1171 23.1800
 1172 23.3600
 1173 23.1900
 1174 22.9300
 1175 22.7600
 1176 22.7100
 1177 22.7500
 1178 22.7400
 1179 22.6100
 1180 22.5800
 1181 22.6700
 1182 22.8500
 1183 23.0700
 1184 23.2300
 1185 22.9800
 1186 22.6300
 1187 22.3000
 1188 22.1800
 1189 22.4100
 1190 22.8800
 1191 23.3600
 1192 23.5900
 1193 23.3800
 1194 22.8000
 1195 22.2100
 1196 21.9300
 1197 22.1400
 1198 22.7600
 1199 23.4100
 1200 23.6400
 1201 23.4300
 1202 22.9500
 1203 22.5000
 1204 22.1700
 1205 22.1300
 1206 22.3300
 1207 22.6500
 1208 22.9900
 1209 23.3300
 1210 23.4600
 1211 23.3000
 1212 22.9300
 1213 22.4800
 1214 22.1600
 1215 22.1600
 1216 22.4700
 1217 22.8600
 1218 23.1900
 1219 23.2800
 1220 23.1500
 1221 22.8700
 1222 22.5900
 1223 22.5200
 1224 22.5900
 1225 22.7500
 1226 22.9300
 1227 23.0300
 1228 22.9700
 1229 22.8600
 1230 22.7000
 1231 22.5100
 1232 22.4000
 1233 22.4600
 1234 22.7400
 1235 23.0900
 1236 23.2400
 1237 23.1200
 1238 22.8600
 1239 22.6600
 1240 22.5800
 1241 22.6500
 1242 22.7500
 1243 22.8100
 1244 22.8500
 1245 22.9000
 1246 22.9000
 1247 22.9000
 1248 22.8600
 1249 22.7300
 1250 22.5800
 1251 22.4200
 1252 22.4500
 1253 22.7100
 1254 23.0600
 1255 23.2700
 1256 23.1900
 1257 22.8800
 1258 22.5900
 1259 22.4900
 1260 22.6000
 1261 22.8300
 1262 23.0200
 1263 23.0600
 1264 23.0000
 1265 22.7900
 1266 22.5100
 1267 22.3400
 1268 22.3800
 1269 22.6200
 1270 22.8800
 1271 23.0700
 1272 23.1200
 1273 23.0500
 1274 22.9400
 1275 22.8500
 1276 22.7900
 1277 22.7900
 1278 22.7700
 1279 22.7100
 1280 22.6800
 1281 22.6900
 1282 22.6800
 1283 22.7500
 1284 22.8300
 1285 22.8400
 1286 22.8500
 1287 22.8700
 1288 22.9100
 1289 22.8000
 1290 22.6300
 1291 22.5600
 1292 22.7000
 1293 23.0400
 1294 23.2500
 1295 23.1600
 1296 22.8000
 1297 22.4200
 1298 22.3300
 1299 22.5500
 1300 22.8600
 1301 23.0600
 1302 23.1400
 1303 23.0500
 1304 22.8800
 1305 22.6600
 1306 22.5500
 1307 22.5900
 1308 22.7500
 1309 22.9100
 1310 23.0100
 1311 22.9500
 1312 22.8400
 1313 22.7300
 1314 22.7000
 1315 22.7200
 1316 22.7800
 1317 22.8400
 1318 22.8800
 1319 22.9100
 1320 22.9600
 1321 22.9100
 1322 22.8300
 1323 22.7100
 1324 22.6600
 1325 22.7000
 1326 22.8300
 1327 22.9300
 1328 22.9300
 1329 22.8600
 1330 22.7900
 1331 22.7100
 1332 22.6700
 1333 22.7500
 1334 22.8500
 1335 22.9300
 1336 22.9800
 1337 22.9800
 1338 22.9100
 1339 22.8000
 1340 22.7600
 1341 22.8100
 1342 22.9200
 1343 22.9500
 1344 22.8000
 1345 22.6100
 1346 22.5300
 1347 22.5900
 1348 22.7800
 1349 22.9600
 1350 23.0800
 1351 23.0700
 1352 23.0100
 1353 22.8700
 1354 22.7100
 1355 22.6500
 1356 22.7300
 1357 22.9200
 1358 23.0800
 1359 23.1400
 1360 23.0000
 1361 22.7000
 1362 22.4400
 1363 22.3600
 1364 22.5000
 1365 22.7900
 1366 23.0200
 1367 23.2000
 1368 23.2100
 1369 23.1500
 1370 22.9700
 1371 22.8100
 1372 22.6400
 1373 22.5600
 1374 22.6000
 1375 22.7500
 1376 22.9100
 1377 23.0200
 1378 23.0500
 1379 22.9400
 1380 22.7700
 1381 22.5600
 1382 22.5000
 1383 22.7200
 1384 23.0700
 1385 23.3300
 1386 23.3100
 1387 23.0900
 1388 22.7700
 1389 22.4900
 1390 22.3800
 1391 22.4300
 1392 22.6700
 1393 23.0600
 1394 23.3200
 1395 23.3200
 1396 23.1500
 1397 22.8500
 1398 22.5000
 1399 22.3600
 1400 22.4200
 1401 22.7100
 1402 23.0700
 1403 23.3300
 1404 23.3900
 1405 23.2200
 1406 22.9600
 1407 22.5900
 1408 22.3600
 1409 22.2700
 1410 22.5900
 1411 23.0400
 1412 23.3200
 1413 23.3800
 1414 23.2200
 1415 22.8900
 1416 22.5100
 1417 22.3700
 1418 22.4700
 1419 22.7600
 1420 23.0500
 1421 23.2600
 1422 23.3400
 1423 23.2200
 1424 22.9000
 1425 22.6600
 1426 22.5200
 1427 22.5900
 1428 22.7900
 1429 23.0200
 1430 23.0600
 1431 23.0100
 1432 22.7700
 1433 22.6900
 1434 22.7800
 1435 23.0100
 1436 23.1100
 1437 23.0100
 1438 22.9500
 1439 22.7200
 1440 22.7500
 1441 22.6800
 1442 22.8000
 1443 22.9200
 1444 23.1500
 1445 23.2300
 1446 23.2300
 1447 22.8900
 1448 22.5900
 1449 22.2900
 1450 22.4100
 1451 22.7700
 1452 23.1200
 1453 23.4600
 1454 23.4800
 1455 23.4100
 1456 22.9700
 1457 22.5900
 1458 22.2400
 1459 22.4100
 1460 22.6300
 1461 23.0100
 1462 23.2400
 1463 23.2100
 1464 23.1500
 1465 22.9000
 1466 22.9800
 1467 22.6300
 1468 22.7900
 1469 22.7800
 1470 22.9500
 1471 22.9300
 1472 22.9100
 1473 22.9000
 1474 22.8800
 1475 22.9700
 1476 22.6800
 1477 22.8400
 1478 23.0300
 1479 23.1800
 1480 22.9800
 1481 22.9500
 1482 22.8700
 1483 22.8100
 1484 22.8100
 1485 22.8300
 1486 22.7100
 1487 22.8700
 1488 23.0500
 1489 23.1700
 1490 23.2200
 1491 23.0900
 1492 22.9800
 1493 22.7100
 1494 22.6700
 1495 22.9400
 1496 22.8500
 1497 22.8600
 1498 22.7600
 1499 22.7800
 1500 22.9300
 1501 22.5900
 1502 22.7600
 1503 22.6700
 1504 23.0400
 1505 23.0000
 1506 23.4500
 1507 23.3500
 1508 23.3200
 1509 23.0600
 1510 22.8300
 1511 22.8900
 1512 22.8700
 1513 23.0500
 1514 22.5400
 1515 22.1300
 1516 22.1400
 1517 22.5300
 1518 22.8900
 1519 23.3900
 1520 23.4700
 1521 23.3900
 1522 23.1600
 1523 23.1700
 1524 22.7600
 1525 22.6600
 1526 22.7500
 1527 22.9100
 1528 23.0700
 1529 23.1300
 1530 22.8400
 1531 22.5700
 1532 22.3800
 1533 22.5100
 1534 22.7300
 1535 23.0700
 1536 23.4200
 1537 23.3900
 1538 23.1900
 1539 22.8100
 1540 22.8500
 1541 22.8000
 1542 22.5700
 1543 22.6100
 1544 22.8700
 1545 23.3100
 1546 23.1800
 1547 23.0000
 1548 22.7300
 1549 22.5600
 1550 22.7200
 1551 22.7700
 1552 22.8700
 1553 23.2800
 1554 23.2900
 1555 22.9500
 1556 23.0400
 1557 22.7000
 1558 22.3400
 1559 22.6300
 1560 22.9400
 1561 22.7200
 1562 23.1700
 1563 23.3700
 1564 23.4400
 1565 23.1000
 1566 22.6100
 1567 22.4200
 1568 22.5900
 1569 22.7800
 1570 22.9000
 1571 23.0800
 1572 23.0400
 1573 22.9800
 1574 23.0500
 1575 22.8700
 1576 22.8300
 1577 23.0300
 1578 22.8700
 1579 22.5300
 1580 22.5200
 1581 22.8200
 1582 23.1100
 1583 23.6000
 1584 23.3500
 1585 23.0000
 1586 22.4500
 1587 22.4600
 1588 22.5400
 1589 22.8200
 1590 22.5800
 1591 23.0300
 1592 23.4400
 1593 23.2900
 1594 23.0700
 1595 23.1000
 1596 22.8900
 1597 22.5100
 1598 22.6300
 1599 22.9100
 1600 22.8400
 1601 22.8200
 1602 22.7800
 1603 23.0100
 1604 22.9900
 1605 22.8600
 1606 23.0000
 1607 22.9800
 1608 22.6400
 1609 22.7300
 1610 23.2300
 1611 23.2500
 1612 23.2700
 1613 22.9600
 1614 22.8100
 1615 22.6300
 1616 22.6500
 1617 22.4900
 1618 22.6900
 1619 22.7700
 1620 23.0100
 1621 23.2600
 1622 23.3300
 1623 23.1200
 1624 22.9700
 1625 22.7800
 1626 22.8700
 1627 22.9900
 1628 23.1000
 1629 22.8000
 1630 22.6700
 1631 22.8000
 1632 22.8900
 1633 22.7000
 1634 22.6900
 1635 22.7800
 1636 22.9900
 1637 23.3500
 1638 23.4400
 1639 23.4000
 1640 23.0500
 1641 22.6200
 1642 22.2100
 1643 22.3700
 1644 22.8300
 1645 23.1900
 1646 23.3900
 1647 23.4600
 1648 23.4000
 1649 22.8300
 1650 22.4400
 1651 22.5400
 1652 22.6700
 1653 22.9400
 1654 23.0500
 1655 22.8800
 1656 23.0500
 1657 23.1900
 1658 23.3800
 1659 23.1400
 1660 22.8100
 1661 22.5800
 1662 22.6500
 1663 22.9400
 1664 23.2800
 1665 23.3000
 1666 23.1500
 1667 22.9000
 1668 22.7600
 1669 22.8700
 1670 22.7900
 1671 22.4500
 1672 22.7200
 1673 23.1300
 1674 23.4600
 1675 23.6500
 1676 23.3200
 1677 22.7400
 1678 22.7000
 1679 22.9200
 1680 22.9400
 1681 22.8600
 1682 22.9100
 1683 22.9600
 1684 23.0800
 1685 23.0900
 1686 23.2200
 1687 23.1000
 1688 22.7100
 1689 22.4700
 1690 22.6400
 1691 23.0800
 1692 23.5300
 1693 23.5200
 1694 23.3900
 1695 23.2300
 1696 23.0400
 1697 22.8700
 1698 22.5700
 1699 22.5300
 1700 22.5500
 1701 22.9200
 1702 23.2600
 1703 23.4200
 1704 23.3700
 1705 23.3600
 1706 23.1700
 1707 22.7300
 1708 22.4100
 1709 22.6500
 1710 23.2200
 1711 23.5200
 1712 23.4900
 1713 23.2000
 1714 22.9800
 1715 22.8000
 1716 22.7700
 1717 22.8500
 1718 22.8800
 1719 23.0400
 1720 23.2500
 1721 23.3900
 1722 23.2700
 1723 23.0600
 1724 22.7400
 1725 22.7800
 1726 23.0500
 1727 23.1600
 1728 23.0700
 1729 23.0600
 1730 23.1900
 1731 23.4100
 1732 23.3300
 1733 23.1500
 1734 22.9300
 1735 22.6300
 1736 22.6000
 1737 22.7600
 1738 23.0200
 1739 23.2500
 1740 23.4400
 1741 23.4600
 1742 23.3700
 1743 23.1000
 1744 22.9200
 1745 22.8400
 1746 22.7800
 1747 22.9900
 1748 23.2200
 1749 23.3800
 1750 23.2800
 1751 23.1400
 1752 23.0500
 1753 22.9700
 1754 22.8400
 1755 22.8400
 1756 22.8600
 1757 23.0500
 1758 23.3700
 1759 23.5100
 1760 23.4200
 1761 23.1400
 1762 22.8800
 1763 22.8400
 1764 22.8900
 1765 22.9200
 1766 23.1100
 1767 23.3200
 1768 23.3300
 1769 23.3600
 1770 23.3600
 1771 23.1200
 1772 22.7700
 1773 22.5300
 1774 22.6400
 1775 23.1200
 1776 23.5300
 1777 23.6000
 1778 23.3300
 1779 23.2000
 1780 23.1200
 1781 22.8800
 1782 22.7600
 1783 22.8900
 1784 23.1300
 1785 23.4100
 1786 23.4400
 1787 23.2900
 1788 23.1100
 1789 22.9200
 1790 22.7600
 1791 22.9000
 1792 23.0100
 1793 23.1200
 1794 23.4400
 1795 23.7700
 1796 23.6100
 1797 23.0600
 1798 22.5400
 1799 22.4400
 1800 22.7900
 1801 23.2600
 1802 23.4000
 1803 23.4000
 1804 23.3900
 1805 23.3800
 1806 23.2500
 1807 23.0300
 1808 22.9100
 1809 22.9500
 1810 23.0700
 1811 23.1800
 1812 23.1600
 1813 23.0600
 1814 23.1300
 1815 23.2100
 1816 23.3400
 1817 23.3200
 1818 23.1800
 1819 23.1800
 1820 23.1000
 1821 22.9900
 1822 23.0300
 1823 23.1500
 1824 23.2100
 1825 23.2500
 1826 23.2100
 1827 23.0900
 1828 23.1600
 1829 23.2500
 1830 23.1400
 1831 23.0800
 1832 23.0100
 1833 23.1600
 1834 23.3500
 1835 23.5300
 1836 23.5400
 1837 23.3400
 1838 22.8600
 1839 22.6400
 1840 22.8700
 1841 23.2800
 1842 23.4700
 1843 23.3200
 1844 23.2200
 1845 23.1800
 1846 23.2100
 1847 23.1300
 1848 23.0400
 1849 23.1600
 1850 23.4000
 1851 23.4800
 1852 23.3100
 1853 23.1400
 1854 23.0900
 1855 23.1300
 1856 23.1900
 1857 23.1800
 1858 23.2100
 1859 23.2400
 1860 23.3100
 1861 23.2900
 1862 23.3100
 1863 23.0900
 1864 23.1500
 1865 23.2500
 1866 23.3900
 1867 23.3400
 1868 23.2100
 1869 23.0800
 1870 23.0600
 1871 23.0400
 1872 23.3200
 1873 23.6100
 1874 23.5500
 1875 23.3800
 1876 23.2000
 1877 23.0800
 1878 23.1900
 1879 23.1900
 1880 23.1600
 1881 23.0100
 1882 23.1700
 1883 23.5200
 1884 23.5900
 1885 23.4400
 1886 23.1400
 1887 23.0900
 1888 23.1300
 1889 23.3500
 1890 23.4700
 1891 23.3100
 1892 23.0900
 1893 23.1000
 1894 23.3300
 1895 23.5700
 1896 23.4900
 1897 23.4000
 1898 23.3400
 1899 23.1400
 1900 22.9900
 1901 23.0800
 1902 23.3000
 1903 23.3400
 1904 23.3900
 1905 23.5000
 1906 23.3900
 1907 23.2600
 1908 23.1300
 1909 23.2400
 1910 23.3500
 1911 23.4500
 1912 23.3800
 1913 23.4300
 1914 23.4100
 1915 23.1900
 1916 23.0100
 1917 23.0100
 1918 23.1800
 1919 23.5300
 1920 23.6100
 1921 23.4800
 1922 23.3800
 1923 23.2500
 1924 23.1200
 1925 23.1500
 1926 23.3600
 1927 23.5200
 1928 23.4200
 1929 23.3800
 1930 23.3600
 1931 23.2200
 1932 23.1100
 1933 23.1400
 1934 23.2500
 1935 23.4200
 1936 23.6200
 1937 23.6700
 1938 23.4700
 1939 23.2500
 1940 23.2100
 1941 23.0600
 1942 23.0000
 1943 23.0800
 1944 23.2400
 1945 23.4900
 1946 23.8200
 1947 23.7700
 1948 23.5800
 1949 23.3000
 1950 22.8800
 1951 22.6600
 1952 22.9400
 1953 23.3800
 1954 23.6300
 1955 23.7400
 1956 23.7100
 1957 23.5600
 1958 23.2700
 1959 23.0800
 1960 23.1000
 1961 23.3400
 1962 23.4300
 1963 23.4600
 1964 23.2300
 1965 23.1500
 1966 23.1000
 1967 23.2400
 1968 23.3800
 1969 23.5300
 1970 23.4300
 1971 23.3400
 1972 23.3300
 1973 23.4100
 1974 23.4200
 1975 23.2900
 1976 23.2000
 1977 23.1100
 1978 23.3200
 1979 23.4200
 1980 23.5700
 1981 23.4600
 1982 23.3600
 1983 23.1000
 1984 23.0400
 1985 23.2600
 1986 23.4900
 1987 23.5100
 1988 23.5000
 1989 23.5300
 1990 23.5000
 1991 23.3300
 1992 23.1900
 1993 23.0300
 1994 23.0600
 1995 23.3100
 1996 23.5100
 1997 23.6200
 1998 23.6200
 1999 23.4600
 2000 23.1400
 2001 22.9900
 2002 22.9000
 2003 23.0000
 2004 23.2700
 2005 23.6200
 2006 23.8200
 2007 23.7200
 2008 23.4300
 2009 23.1900
 2010 23.1800
 2011 23.1800
 2012 23.2500
 2013 23.1900
 2014 23.3300
 2015 23.3600
 2016 23.3600
 2017 23.4500
 2018 23.5200
 2019 23.4400
 2020 23.2900
 2021 23.2600
 2022 23.2900
 2023 23.2800
 2024 23.2000
 2025 23.1700
 2026 23.2500
 2027 23.3900
 2028 23.5400
 2029 23.6200
 2030 23.6600
 2031 23.5400
 2032 23.4000
 2033 23.1500
 2034 23.0000
 2035 23.0500
 2036 23.1700
 2037 23.2300
 2038 23.3600
 2039 23.4500
 2040 23.4400
 2041 23.3300
 2042 23.2300
 2043 23.2300
 2044 23.3100
 2045 23.5300
 2046 23.6100
 2047 23.5600
 2048 23.4500
 2049 23.2900
 2050 23.1500
 2051 23.1200
 2052 23.2800
 2053 23.6100
 2054 23.7200
 2055 23.6000
 2056 23.3800
 2057 23.0200
 2058 22.8400
 2059 22.9400
 2060 23.2100
 2061 23.3800
 2062 23.3900
 2063 23.3300
 2064 23.4400
 2065 23.5700
 2066 23.5000
 2067 23.5200
 2068 23.5400
 2069 23.3500
 2070 23.3100
 2071 23.2500
 2072 23.2500
 2073 23.3300
 2074 23.4800
 2075 23.5900
 2076 23.3900
 2077 23.2600
 2078 23.1900
 2079 23.0500
 2080 23.0300
 2081 23.0900
 2082 23.4400
 2083 23.4600
 2084 23.3400
 2085 23.4300
 2086 23.6200
 2087 23.5300
 2088 23.6300
 2089 23.4600
 2090 23.3500
 2091 23.2800
 2092 23.2600
 2093 23.3700
 2094 23.3300
 2095 23.2800
 2096 23.1000
 2097 23.0100
 2098 22.9400
 2099 23.1100
 2100 23.4800
 2101 23.8500
 2102 23.9500
 2103 23.7800
 2104 23.3100
 2105 23.0500
 2106 23.2100
 2107 23.2600
 2108 23.3700
 2109 23.3600
 2110 23.1800
 2111 23.1600
 2112 23.2100
 2113 23.4500
 2114 23.4500
 2115 23.4900
 2116 23.3900
 2117 23.2500
 2118 23.3500
 2119 23.4400
 2120 23.6100
 2121 23.4800
 2122 23.2800
 2123 23.1100
 2124 23.0500
 2125 23.2300
 2126 23.3900
 2127 23.4300
 2128 23.3300
 2129 23.3700
 2130 23.4300
 2131 23.5000
 2132 23.6700
 2133 23.5600
 2134 23.3600
 2135 23.2100
 2136 22.9400
 2137 22.8800
 2138 22.9700
 2139 23.3700
 2140 23.7900
 2141 23.8000
 2142 23.5600
 2143 23.4000
 2144 23.2100
 2145 23.1900
 2146 23.3200
 2147 23.4700
 2148 23.4100
 2149 23.3600
 2150 23.3900
 2151 23.3200
 2152 23.2600
 2153 23.1200
 2154 23.1100
 2155 23.1600
 2156 23.3200
 2157 23.4800
 2158 23.5300
 2159 23.5100
 2160 23.5800
 2161 23.5200
 2162 23.3200
 2163 23.3400
 2164 23.3500
 2165 23.2600
 2166 23.2700
 2167 23.3100
 2168 23.3700
 2169 23.2800
 2170 23.3400
 2171 23.3000
 2172 23.2100
 2173 23.1500
 2174 23.2700
 2175 23.3900
 2176 23.5500
 2177 23.5600
 2178 23.4800
 2179 23.4500
 2180 23.4800
 2181 23.5300
 2182 23.2900
 2183 23.0400
 2184 22.9500
 2185 23.0600
 2186 23.3600
 2187 23.6000
 2188 23.7400
 2189 23.6800
 2190 23.4300
 2191 23.1700
 2192 22.9600
 2193 22.9900
 2194 23.2700
 2195 23.5600
 2196 23.6900
 2197 23.6600
 2198 23.4700
 2199 23.2100
 2200 23.0500
 2201 23.0500
 2202 23.2200
 2203 23.4300
 2204 23.5900
 2205 23.5700
 2206 23.5100
 2207 23.4200
 2208 23.2900
 2209 23.2800
 2210 23.2800
 2211 23.1900
 2212 23.2000
 2213 23.2700
 2214 23.3800
 2215 23.4700
 2216 23.5900
 2217 23.6500
 2218 23.3900
 2219 23.0800
 2220 23.0000
 2221 23.2400
 2222 23.4300
 2223 23.6200
 2224 23.6500
 2225 23.5300
 2226 23.2500
 2227 23.0700
 2228 23.1000
 2229 23.2900
 2230 23.4000
 2231 23.5000
 2232 23.5300
 2233 23.5000
 2234 23.4800
 2235 23.3800
 2236 23.1000
 2237 22.9800
 2238 23.1100
 2239 23.3700
 2240 23.5700
 2241 23.7300
 2242 23.7200
 2243 23.5300
 2244 23.2900
 2245 23.1200
 2246 23.0800
 2247 23.1000
 2248 23.3500
 2249 23.5900
 2250 23.5800
 2251 23.4200
 2252 23.2000
 2253 23.1300
 2254 23.2200
 2255 23.4100
 2256 23.4200
 2257 23.3800
 2258 23.4100
 2259 23.4700
 2260 23.5600
 2261 23.5500
 2262 23.4100
 2263 23.2800
 2264 23.2100
 2265 23.1700
 2266 23.1400
 2267 23.1800
 2268 23.3100
 2269 23.4800
 2270 23.5800
 2271 23.5700
 2272 23.4600
 2273 23.3400
 2274 23.2600
 2275 23.2900
 2276 23.2900
 2277 23.2500
 2278 23.2400
 2279 23.3300
 2280 23.4700
 2281 23.6100
 2282 23.6100
 2283 23.4200
 2284 23.1600
 2285 23.0900
 2286 23.1300
 2287 23.2700
 2288 23.3800
 2289 23.5400
 2290 23.5100
 2291 23.4100
 2292 23.3400
 2293 23.3000
 2294 23.2900
 2295 23.3300
 2296 23.3900
 2297 23.4000
 2298 23.3600
 2299 23.3300
 2300 23.3500
 2301 23.3200
 2302 23.2500
 2303 23.3000
 2304 23.4100
 2305 23.4500
 2306 23.4000
 2307 23.3200
 2308 23.2700
 2309 23.2800
 2310 23.4000
 2311 23.4400
 2312 23.3900
 2313 23.3500
 2314 23.3500
 2315 23.2800
 2316 23.2200
 2317 23.2700
 2318 23.3900
 2319 23.4000
 2320 23.4200
 2321 23.4100
 2322 23.4000
 2323 23.3200
 2324 23.3100
 2325 23.2900
 2326 23.3200
 2327 23.3200
 2328 23.4300
 2329 23.5400
 2330 23.5000
 2331 23.2500
 2332 23.0500
 2333 23.0300
 2334 23.1300
 2335 23.3500
 2336 23.5200
 2337 23.5400
 2338 23.5000
 2339 23.4200
 2340 23.3700
 2341 23.3200
 2342 23.4300
 2343 23.4300
 2344 23.3700
 2345 23.2600
 2346 23.1900
 2347 23.1200
 2348 23.1000
 2349 23.1600
 2350 23.3300
 2351 23.4500
 2352 23.4600
 2353 23.4600
 2354 23.5900
 2355 23.6000
 2356 23.5100
 2357 23.2800
 2358 23.0500
 2359 22.9500
 2360 23.0700
 2361 23.3000
 2362 23.5500
 2363 23.6200
 2364 23.4600
 2365 23.2200
 2366 23.0900
 2367 23.1300
 2368 23.2300
 2369 23.4300
 2370 23.6000
 2371 23.5800
 2372 23.4000
 2373 23.2100
 2374 23.1600
 2375 23.2200
 2376 23.3500
 2377 23.3600
 2378 23.3300
 2379 23.2400
 2380 23.2000
 2381 23.3100
 2382 23.3700
 2383 23.4500
 2384 23.3800
 2385 23.2800
 2386 23.1900
 2387 23.2200
 2388 23.3000
 2389 23.4900
 2390 23.5800
 2391 23.5300
 2392 23.3300
 2393 23.0900
 2394 22.9100
 2395 23.0000
 2396 23.1300
 2397 23.3200
 2398 23.5200
 2399 23.6200
 2400 23.6100
 2401 23.4800
 2402 23.2500
 2403 23.1000
 2404 23.1500
 2405 23.2300
 2406 23.2400
 2407 23.2200
 2408 23.2300
 2409 23.2500
 2410 23.3600
 2411 23.4100
 2412 23.4300
 2413 23.3700
 2414 23.2700
 2415 23.1100
 2416 23.0700
 2417 23.2200
 2418 23.4100
 2419 23.4700
 2420 23.3900
 2421 23.2400
 2422 23.1200
 2423 23.0900
 2424 23.2100
 2425 23.4000
 2426 23.5100
 2427 23.4500
 2428 23.2400
 2429 23.1500
 2430 23.1300
 2431 23.1700
 2432 23.2000
 2433 23.1900
 2434 23.2500
 2435 23.2700
 2436 23.2600
 2437 23.3000
 2438 23.4100
 2439 23.5100
 2440 23.4500
 2441 23.2800
 2442 23.0700
 2443 22.9000
 2444 22.9400
 2445 23.1300
 2446 23.3500
 2447 23.4300
 2448 23.4400
 2449 23.3000
 2450 23.2100
 2451 23.2100
 2452 23.2200
 2453 23.2600
 2454 23.2700
 2455 23.2700
 2456 23.3200
 2457 23.2700
 2458 23.2600
 2459 23.1700
 2460 23.1500
 2461 23.0800
 2462 22.9700
 2463 23.0200
 2464 23.1500
 2465 23.3700
 2466 23.4800
 2467 23.5600
 2468 23.4400
 2469 23.2300
 2470 23.0900
 2471 23.0300
 2472 23.1200
 2473 23.2100
 2474 23.2700
 2475 23.1800
 2476 23.0700
 2477 23.0900
 2478 23.0700
 2479 23.1600
 2480 23.2400
 2481 23.4000
 2482 23.3900
 2483 23.4600
 2484 23.3500
 2485 23.2400
 2486 23.0400
 2487 23.1000
 2488 23.1300
 2489 23.2000
 2490 23.1600
 2491 23.1600
 2492 23.1000
 2493 23.0200
 2494 23.0400
 2495 23.2000
 2496 23.3800
 2497 23.4900
 2498 23.3700
 2499 23.0900
 2500 22.9900
 2501 22.9900
 2502 23.1400
 2503 23.2200
 2504 23.2600
 2505 23.2000
 2506 23.2200
 2507 23.3600
 2508 23.4600
 2509 23.3900
 2510 23.0800
 2511 22.8600
 2512 22.7300
 2513 22.9300
 2514 23.2000
 2515 23.6900
 2516 23.7100
 2517 23.5500
 2518 23.2900
 2519 22.9900
 2520 22.6000
 2521 22.6500
 2522 22.9900
 2523 23.2300
 2524 22.9700
 2525 23.1100
 2526 23.1600
 2527 23.3700
 2528 23.4300
 2529 23.3800
 2530 23.1500
 2531 23.0700
 2532 23.0500
 2533 23.1800
 2534 23.3700
 2535 23.2200
 2536 23.1300
 2537 23.1800
 2538 23.3300
 2539 23.3200
 2540 23.3600
 2541 23.3300
 2542 23.0800
 2543 22.6200
 2544 22.5100
 2545 22.5300
 2546 22.8700
 2547 23.2000
 2548 23.6600
 2549 23.7700
 2550 23.6500
 2551 23.3600
 2552 22.9900
 2553 22.6800
 2554 22.7100
 2555 23.0800
 2556 23.3700
 2557 23.4700
 2558 23.3700
 2559 22.9700
 2560 22.7200
 2561 22.8400
 2562 23.2400
 2563 23.5100
 2564 23.6400
 2565 23.4500
 2566 22.9000
 2567 22.7100
 2568 22.4600
 2569 22.6200
 2570 23.1600
 2571 23.6700
 2572 23.6100
 2573 23.2900
 2574 23.1700
 2575 22.9600
 2576 22.9400
 2577 23.1500
 2578 23.3500
 2579 23.2000
 2580 22.8800
 2581 22.7800
 2582 22.9100
 2583 23.1700
 2584 23.4600
 2585 23.7400
 2586 23.3100
 2587 22.8800
 2588 22.6800
 2589 22.8600
 2590 22.8400
 2591 23.0900
 2592 23.1500
 2593 23.1000
 2594 23.3000
 2595 23.4000
 2596 23.6500
 2597 23.5200
 2598 23.1000
 2599 22.8300
 2600 22.6200
 2601 22.6100
 2602 22.7300
 2603 23.1200
 2604 23.3600
 2605 23.6900
 2606 23.5700
 2607 23.3000
 2608 23.0900
 2609 22.4800
 2610 22.5100
 2611 22.7400
 2612 23.1000
 2613 23.6700
 2614 23.8400
 2615 23.5100
 2616 23.3500
 2617 22.8700
 2618 22.4900
 2619 22.5000
 2620 22.8400
 2621 23.4000
 2622 23.4500
 2623 23.5700
 2624 23.2200
 2625 22.9200
 2626 22.9000
 2627 22.8700
 2628 23.0600
 2629 23.2900
 2630 23.1000
 2631 23.1900
 2632 23.0700
 2633 23.0900
 2634 23.1300
 2635 23.4100
 2636 23.4000
 2637 23.0700
 2638 22.7800
 2639 22.6300
 2640 22.7200
 2641 23.0200
 2642 23.2800
 2643 23.4800
 2644 23.6200
 2645 23.5300
 2646 23.4200
 2647 22.9500
 2648 22.6400
 2649 22.6300
 2650 22.5900
 2651 22.8600
 2652 23.2900
 2653 23.5900
 2654 23.5400
 2655 23.2800
 2656 23.0300
 2657 22.8400
 2658 22.6900
 2659 22.7500
 2660 23.1900
 2661 23.5500
 2662 23.9400
 2663 23.5900
 2664 23.1100
 2665 22.6500
 2666 22.2800
 2667 22.2800
 2668 22.8600
 2669 23.1800
 2670 23.5000
 2671 23.6500
 2672 23.5300
 2673 23.1800
 2674 22.8700
 2675 23.1100
 2676 23.0200
 2677 22.9700
 2678 22.8800
 2679 22.8300
 2680 23.0100
 2681 23.3600
 2682 23.6200
 2683 23.3900
 2684 22.8200
 2685 22.5200
 2686 22.5300
 2687 22.7500
 2688 23.3000
 2689 23.7000
 2690 23.7700
 2691 23.3600
 2692 22.7500
 2693 22.5900
 2694 22.5700
 2695 22.7500
 2696 23.0000
 2697 23.2700
 2698 23.5000
 2699 23.6000
 2700 23.6100
 2701 23.0900
 2702 22.7400
 2703 22.3600
 2704 22.4300
 2705 22.6300
 2706 23.1100
 2707 23.5200
 2708 23.5000
 2709 23.3300
 2710 22.9800
 2711 22.8900
 2712 22.6400
 2713 22.9400
 2714 23.1700
 2715 23.4000
 2716 23.3800
 2717 23.2400
 2718 22.8500
 2719 22.5400
 2720 22.6800
 2721 22.9500
 2722 23.2000
 2723 22.9200
 2724 22.9500
 2725 23.0600
 2726 23.0000
 2727 22.9500
 2728 22.8300
 2729 23.0700
 2730 23.4200
 2731 23.6500
 2732 23.2700
 2733 23.0000
 2734 22.7200
 2735 22.6000
 2736 22.7100
 2737 22.7600
 2738 22.6100
 2739 22.7800
 2740 23.2100
 2741 23.3900
 2742 23.3300
 2743 23.0800
 2744 22.8900
 2745 23.0200
 2746 22.9300
 2747 22.9700
 2748 23.0400
 2749 23.2600
 2750 23.3900
 2751 23.0700
 2752 22.6700
 2753 22.2200
 2754 22.2800
 2755 22.7600
 2756 23.1700
 2757 23.1200
 2758 23.3400
 2759 23.5600
 2760 23.4500
 2761 23.0500
 2762 22.7300
 2763 22.7000
 2764 22.8100
 2765 22.9000
 2766 22.9000
 2767 22.7800
 2768 22.7700
 2769 23.1600
 2770 23.2300
 2771 23.1600
 2772 22.9300
 2773 22.7200
 2774 22.8500
 2775 22.9000
 2776 22.8100
 2777 22.9500
 2778 23.0700
 2779 23.3800
 2780 23.3300
 2781 22.8800
 2782 22.5900
 2783 22.6300
 2784 22.8900
 2785 23.1400
 2786 22.9700
 2787 22.8400
 2788 22.9600
 2789 23.0700
 2790 23.0800
 2791 22.9700
 2792 22.7900
 2793 22.7200
 2794 22.8800
 2795 23.1600
 2796 23.3000
 2797 23.0200
 2798 22.8300
 2799 22.7900
 2800 22.8500
 2801 22.9400
 2802 22.8200
 2803 22.7000
 2804 22.7100
 2805 23.0400
 2806 23.4400
 2807 23.4000
 2808 23.2100
 2809 22.7900
 2810 22.5500
 2811 22.6200
 2812 22.7300
 2813 22.8600
 2814 23.0400
 2815 23.0700
 2816 23.0100
 2817 22.9600
 2818 22.9100
 2819 22.9900
 2820 23.0300
 2821 23.1500
 2822 23.1100
 2823 22.9600
 2824 22.7200
 2825 22.6100
 2826 22.7100
 2827 22.7800
 2828 22.9300
 2829 23.1200
 2830 23.0600
 2831 22.9900
 2832 22.8900
 2833 22.7800
 2834 22.8800
 2835 23.2600
 2836 23.4100
 2837 23.2100
 2838 22.7300
 2839 22.5900
 2840 22.7100
 2841 22.9000
 2842 22.8000
 2843 22.4300
 2844 22.3800
 2845 23.0000
 2846 23.4500
 2847 23.5100
 2848 23.2300
 2849 23.0400
 2850 23.0200
 2851 23.0700
 2852 22.9000
 2853 22.6200
 2854 22.5800
 2855 22.7000
 2856 22.7700
 2857 22.7300
 2858 22.5700
 2859 22.7800
 2860 23.1300
 2861 23.4000
 2862 23.4200
 2863 23.2900
 2864 23.0200
 2865 22.8700
 2866 22.7600
 2867 22.6900
 2868 22.6800
 2869 22.7200
 2870 22.7600
 2871 22.9200
 2872 22.9000
 2873 22.7800
 2874 22.8300
 2875 22.9600
 2876 23.0400
 2877 23.1300
 2878 23.1600
 2879 23.2800
 2880 23.2600
 2881 23.0200
 2882 22.6300
 2883 22.3400
 2884 22.3200
 2885 22.5300
 2886 22.7900
 2887 23.0300
 2888 23.1600
 2889 23.3200
 2890 23.3800
 2891 23.1800
 2892 22.9000
 2893 22.7400
 2894 22.6700
 2895 22.6200
 2896 22.6700
 2897 22.9000
 2898 23.1700
 2899 23.2700
 2900 23.0600
 2901 22.5600
 2902 22.2400
 2903 22.3800
 2904 22.9100
 2905 23.3800
 2906 23.5000
 2907 23.4100
 2908 23.2000
 2909 23.0300
 2910 22.6800
 2911 22.2600
 2912 22.1300
 2913 22.3800
 2914 22.8300
 2915 23.2100
 2916 23.4900
 2917 23.4400
 2918 23.1800
 2919 22.8500
 2920 22.6400
 2921 22.5700
 2922 22.7000
 2923 22.9000
 2924 22.9500
 2925 22.8100
 2926 22.7100
 2927 22.8300
 2928 23.0300
 2929 23.0900
 2930 23.0500
 2931 22.9700
 2932 22.8700
 2933 22.9000
 2934 22.9000
 2935 22.7700
 2936 22.6700
 2937 22.7500
 2938 22.8300
 2939 22.9500
 2940 22.9800
 2941 22.9000
 2942 22.9300
 2943 22.9800
 2944 23.0100
 2945 22.9300
 2946 22.8400
 2947 22.8500
 2948 22.9400
 2949 22.9700
 2950 22.7400
 2951 22.5300
 2952 22.6000
 2953 22.8600
 2954 23.0900
 2955 23.2400
 2956 23.1900
 2957 23.0400
 2958 22.9200
 2959 22.7300
 2960 22.4900
 2961 22.4500
 2962 22.6600
 2963 23.0300
 2964 23.3300
 2965 23.2600
 2966 23.0600
 2967 22.8700
 2968 22.7600
 2969 22.7600
 2970 22.7500
 2971 22.6600
 2972 22.7000
 2973 22.9000
 2974 23.0600
 2975 23.0400
 2976 22.9100
 2977 22.8800
 2978 22.9800
 2979 23.0200
 2980 22.9400
 2981 22.7500
 2982 22.6800
 2983 22.8000
 2984 22.8700
 2985 22.9300
 2986 22.9800
 2987 22.9800
 2988 22.9800
 2989 22.9300
 2990 22.7000
 2991 22.6400
 2992 22.7100
 2993 22.9000
 2994 23.1500
 2995 23.2900
 2996 23.2700
 2997 22.9600
 2998 22.5800
 2999 22.4800
 3000 22.6200
 3001 22.7800
 3002 22.9200
 3003 22.9900
 3004 22.9800
 3005 23.0200
 3006 22.9700
 3007 22.9100
 3008 22.8100
 3009 22.8100
 3010 22.9500
 3011 23.0400
 3012 22.9900
 3013 22.8300
 3014 22.7300
 3015 22.7500
 3016 22.7800
 3017 22.8400
 3018 22.8700
 3019 22.9200
 3020 22.9800
 3021 22.9800
 3022 22.9700
 3023 22.9500
 3024 22.9100
 3025 22.8500
 3026 22.8100
 3027 22.7600
 3028 22.7800
 3029 22.8100
 3030 22.8300
 3031 22.9000
 3032 22.9800
 3033 23.0000
 3034 22.9300
 3035 22.8400
 3036 22.8200
 3037 22.9600
 3038 23.0700
 3039 22.9500
 3040 22.7600
 3041 22.7000
 3042 22.7400
 3043 22.7800
 3044 22.7800
 3045 22.7800
 3046 22.9300
 3047 23.0800
 3048 23.1300
 3049 23.0300
 3050 22.9500
 3051 22.9400
 3052 22.9200
 3053 22.7700
 3054 22.5700
 3055 22.5300
 3056 22.7600
 3057 23.0500
 3058 23.0900
 3059 22.8900
 3060 22.7900
 3061 22.9300
 3062 23.0700
 3063 23.0500
 3064 22.8900
 3065 22.8200
 3066 22.8500
 3067 22.8200
 3068 22.7400
 3069 22.7500
 3070 22.8800
 3071 23.0400
 3072 23.0200
 3073 22.8100
 3074 22.6800
 3075 22.8200
 3076 23.0100
 3077 23.0100
 3078 22.9100
 3079 22.8900
 3080 22.9800
 3081 22.9700
 3082 22.8200
 3083 22.6700
 3084 22.7300
 3085 22.9600
 3086 23.0400
 3087 22.8800
 3088 22.7300
 3089 22.7800
 3090 22.9500
 3091 23.0600
 3092 23.0500
 3093 22.9300
 3094 22.8800
 3095 22.9200
 3096 22.8300
 3097 22.7200
 3098 22.7300
 3099 22.8400
 3100 22.9000
 3101 22.8400
 3102 22.8500
 3103 23.0300
 3104 23.1800
 3105 23.1100
 3106 22.8900
 3107 22.6600
 3108 22.6800
 3109 22.8500
 3110 22.9700
 3111 22.9300
 3112 22.8500
 3113 22.8200
 3114 22.8600
 3115 22.9100
 3116 22.9600
 3117 22.9900
 3118 22.9700
 3119 22.9300
 3120 22.8600
 3121 22.7700
 3122 22.7700
 3123 22.8800
 3124 22.9500
 3125 22.8700
 3126 22.7800
 3127 22.8400
 3128 23.0200
 3129 23.1600
 3130 23.1000
 3131 22.9000
 3132 22.7300
 3133 22.6700
 3134 22.7100
 3135 22.8300
 3136 22.9800
 3137 23.0600
 3138 23.0000
 3139 22.8500
 3140 22.7100
 3141 22.7000
 3142 22.8600
 3143 23.0400
 3144 23.1600
 3145 23.1800
 3146 23.1400
 3147 22.9900
 3148 22.7100
 3149 22.4600
 3150 22.3900
 3151 22.5700
 3152 22.9400
 3153 23.2600
 3154 23.3500
 3155 23.1800
 3156 22.8900
 3157 22.7200
 3158 22.7000
 3159 22.7500
 3160 22.8000
 3161 22.8600
 3162 22.9700
 3163 23.0900
 3164 23.1200
 3165 23.0100
 3166 22.8400
 3167 22.7200
 3168 22.6600
 3169 22.6900
 3170 22.7500
 3171 22.8400
 3172 22.9600
 3173 23.1000
 3174 23.1800
 3175 23.1400
 3176 23.0100
 3177 22.8200
 3178 22.6800
 3179 22.6200
 3180 22.7100
 3181 22.8700
 3182 22.9700
 3183 22.9400
 3184 22.9000
 3185 22.9200
 3186 22.9300
 3187 22.8900
 3188 22.8500
 3189 22.8700
 3190 22.9400
 3191 22.9900
 3192 22.9100
 3193 22.7800
 3194 22.7000
 3195 22.7800
 3196 22.9400
 3197 23.0700
 3198 23.0500
 3199 22.8900
 3200 22.7200
 3201 22.6400
 3202 22.7600
 3203 22.9100
 3204 23.0000
 3205 23.0100
 3206 22.9800
 3207 22.9300
 3208 22.8600
 3209 22.7900
 3210 22.7200
 3211 22.7200
 3212 22.8100
 3213 22.9400
 3214 23.0400
 3215 23.0400
 3216 22.9600
 3217 22.8200
 3218 22.7300
 3219 22.7000
 3220 22.7700
 3221 22.8900
 3222 22.9400
 3223 22.9200
 3224 22.8900
 3225 22.8700
 3226 22.9000
 3227 22.9500
 3228 22.9700
 3229 22.9300
 3230 22.8400
 3231 22.7300
 3232 22.6300
 3233 22.6300
 3234 22.7400
 3235 22.9200
 3236 23.0800
 3237 23.1300
 3238 23.0700
 3239 22.9300
 3240 22.8100
 3241 22.7400
 3242 22.7100
 3243 22.7100
 3244 22.7400
 3245 22.8200
 3246 22.8900
 3247 22.9300
 3248 22.9400
 3249 22.9200
 3250 22.9000
 3251 22.9100
 3252 22.8800
 3253 22.8000
 3254 22.7300
 3255 22.7100
 3256 22.7600
 3257 22.8800
 3258 23.0300
 3259 23.1100
 3260 23.0300
 3261 22.8300
 3262 22.6500
 3263 22.5800
 3264 22.6300
 3265 22.7900
 3266 22.9800
 3267 23.1000
 3268 23.0500
 3269 22.9000
 3270 22.7600
 3271 22.7000
 3272 22.7100
 3273 22.7700
 3274 22.8300
 3275 22.9000
 3276 22.9800
 3277 23.0300
 3278 22.9500
 3279 22.8000
 3280 22.6800
 3281 22.6500
 3282 22.7100
 3283 22.8400
 3284 22.9600
 3285 23.0100
 3286 22.9700
 3287 22.9100
 3288 22.8100
 3289 22.7100
 3290 22.6800
 3291 22.7000
 3292 22.7900
 3293 22.8800
 3294 22.9400
 3295 22.9500
 3296 22.9300
 3297 22.9000
 3298 22.8700
 3299 22.8300
 3300 22.7900
 3301 22.7600
 3302 22.7400
 3303 22.7700
 3304 22.8300
 3305 22.8600
 3306 22.8500
 3307 22.8300
 3308 22.7900
 3309 22.7600
 3310 22.7700
 3311 22.8600
 3312 22.9600
 3313 23.0400
 3314 23.0700
 3315 22.9700
 3316 22.7500
 3317 22.5400
 3318 22.4400
 3319 22.5100
 3320 22.7300
 3321 23.0000
 3322 23.1600
 3323 23.1500
 3324 22.9800
 3325 22.7600
 3326 22.6100
 3327 22.6200
 3328 22.7200
 3329 22.8700
 3330 22.9800
 3331 23.0100
 3332 22.9500
 3333 22.7900
 3334 22.6600
 3335 22.6200
 3336 22.6600
 3337 22.7600
 3338 22.8500
 3339 22.9000
 3340 22.9200
 3341 22.9300
 3342 22.9300
 3343 22.8900
 3344 22.8100
 3345 22.7500
 3346 22.7100
 3347 22.7200
 3348 22.7500
 3349 22.8000
 3350 22.8400
 3351 22.8300
 3352 22.7800
 3353 22.7700
 3354 22.8200
 3355 22.8700
 3356 22.9100
 3357 22.9100
 3358 22.8600
 3359 22.8300
 3360 22.7900
 3361 22.7400
 3362 22.7000
 3363 22.6800
 3364 22.6600
 3365 22.6700
 3366 22.7300
 3367 22.8500
 3368 23.0000
 3369 23.0900
 3370 23.0600
 3371 22.9100
 3372 22.7100
 3373 22.5600
 3374 22.5300
 3375 22.6000
 3376 22.7500
 3377 22.8600
 3378 22.9400
 3379 22.9300
 3380 22.8900
 3381 22.8300
 3382 22.7800
 3383 22.7500
 3384 22.7400
 3385 22.7000
 3386 22.6900
 3387 22.7000
 3388 22.7200
 3389 22.7700
 3390 22.8900
 3391 22.9700
 3392 23.0000
 3393 22.9200
 3394 22.7800
 3395 22.6600
 3396 22.5800
 3397 22.5800
 3398 22.6500
 3399 22.7800
 3400 22.9000
 3401 22.9700
 3402 22.9100
 3403 22.7700
 3404 22.6300
 3405 22.5900
 3406 22.6700
 3407 22.8100
 3408 22.9100
 3409 22.9700
 3410 22.9800
 3411 22.9100
 3412 22.7800
 3413 22.6000
 3414 22.4500
 3415 22.4100
 3416 22.6000
 3417 22.8700
 3418 23.1000
 3419 23.0800
 3420 22.9800
 3421 22.8100
 3422 22.7000
 3423 22.5800
 3424 22.5600
 3425 22.6400
 3426 22.7700
 3427 22.8700
 3428 22.9100
 3429 22.9000
 3430 22.8500
 3431 22.8100
 3432 22.7300
 3433 22.6300
 3434 22.5600
 3435 22.6100
 3436 22.7600
 3437 22.9300
 3438 22.9800
 3439 22.9100
 3440 22.8200
 3441 22.7300
 3442 22.6700
 3443 22.6600
 3444 22.6600
 3445 22.7500
 3446 22.8400
 3447 22.9000
 3448 22.8400
 3449 22.7500
 3450 22.7200
 3451 22.7300
 3452 22.7800
 3453 22.7600
 3454 22.7700
 3455 22.7500
 3456 22.7900
 3457 22.7800
 3458 22.7800
 3459 22.7700
 3460 22.7900
 3461 22.7700
 3462 22.7500
 3463 22.7100
 3464 22.7500
 3465 22.8100
 3466 22.8400
 3467 22.8000
 3468 22.7400
 3469 22.7200
 3470 22.6800
 3471 22.7000
 3472 22.7600
 3473 22.7900
 3474 22.8600
 3475 22.9400
 3476 22.9300
 3477 22.8300
 3478 22.7400
 3479 22.6400
 3480 22.6100
 3481 22.6600
 3482 22.7100
 3483 22.7900
 3484 22.8400
 3485 22.8700
 3486 22.8200
 3487 22.8000
 3488 22.7600
 3489 22.7100
 3490 22.7200
 3491 22.8000
 3492 22.8800
 3493 22.8900
 3494 22.8200
 3495 22.7200
 3496 22.6500
 3497 22.6900
 3498 22.7500
 3499 22.8200
 3500 22.8400
 3501 22.8000
 3502 22.7800
 3503 22.7600
 3504 22.7200
 3505 22.7000
 3506 22.7500
 3507 22.8400
 3508 22.9300
 3509 22.9900
 3510 22.9500
 3511 22.8600
 3512 22.6700
 3513 22.5300
 3514 22.4400
 3515 22.5700
 3516 22.8100
 3517 23.0000
 3518 23.0700
 3519 23.0300
 3520 22.8700
 3521 22.7300
 3522 22.6500
 3523 22.6400
 3524 22.7100
 3525 22.8000
 3526 22.9000
 3527 22.8800
 3528 22.7900
 3529 22.7500
 3530 22.7400
 3531 22.8000
 3532 22.8300
 3533 22.8100
 3534 22.8000
 3535 22.8200
 3536 22.8500
 3537 22.8500
 3538 22.8200
 3539 22.8100
 3540 22.8000
 3541 22.8000
 3542 22.7800
 3543 22.7600
 3544 22.7500
 3545 22.8300
 3546 22.8900
 3547 22.9100
 3548 22.8400
 3549 22.7700
 3550 22.7300
 3551 22.7100
 3552 22.7600
 3553 22.8200
 3554 22.9000
 3555 22.9900
 3556 22.9900
 3557 22.9300
 3558 22.7800
 3559 22.6800
 3560 22.6800
 3561 22.7100
 3562 22.7600
 3563 22.8300
 3564 22.9000
 3565 22.9600
 3566 22.9600
 3567 22.8900
 3568 22.8100
 3569 22.7300
 3570 22.7300
 3571 22.7900
 3572 22.8400
 3573 22.8900
 3574 22.9200
 3575 22.9000
 3576 22.8400
 3577 22.7800
 3578 22.7400
 3579 22.7700
 3580 22.8500
 3581 22.9200
 3582 22.9500
 3583 22.9500
 3584 22.9100
 3585 22.8300
 3586 22.7500
 3587 22.6600
 3588 22.6400
 3589 22.7200
 3590 22.8700
 3591 23.0300
 3592 23.0900
 3593 23.0400
 3594 22.8900
 3595 22.7400
 3596 22.6500
 3597 22.6300
 3598 22.7000
 3599 22.8700
 3600 22.9900
 3601 23.0400
 3602 22.9900
 3603 22.8700
 3604 22.7900
 3605 22.7400
 3606 22.7000
 3607 22.7200
 3608 22.7700
 3609 22.8300
 3610 22.8900
 3611 22.9300
 3612 22.9300
 3613 22.8900
 3614 22.8400
 3615 22.8200
 3616 22.8000
 3617 22.8100
 3618 22.8000
 3619 22.8000
 3620 22.8300
 3621 22.8800
 3622 22.9200
 3623 22.9100
 3624 22.8600
 3625 22.7500
 3626 22.6700
 3627 22.6700
 3628 22.7400
 3629 22.8700
 3630 22.9600
 3631 23.0100
 3632 22.9800
 3633 22.8900
 3634 22.7800
 3635 22.6900
 3636 22.6600
 3637 22.6900
 3638 22.7700
 3639 22.8900
 3640 23.0300
 3641 23.0800
 3642 23.0100
 3643 22.8300
 3644 22.6300
 3645 22.5000
 3646 22.4900
 3647 22.6200
 3648 22.8500
 3649 23.0500
 3650 23.1600
 3651 23.1300
 3652 22.9700
 3653 22.7900
 3654 22.6600
 3655 22.6300
 3656 22.6500
 3657 22.7200
 3658 22.7900
 3659 22.8500
 3660 22.8700
 3661 22.8700
 3662 22.8700
 3663 22.8600
 3664 22.8400
 3665 22.8100
 3666 22.7800
 3667 22.7900
 3668 22.8400
 3669 22.8800
 3670 22.8700
 3671 22.8100
 3672 22.7500
 3673 22.7100
 3674 22.7000
 3675 22.7500
 3676 22.8500
 3677 22.9400
 3678 23.0000
 3679 22.9700
 3680 22.8500
 3681 22.7300
 3682 22.6500
 3683 22.6500
 3684 22.7100
 3685 22.8100
 3686 22.8900
 3687 22.9300
 3688 22.9200
 3689 22.8600
 3690 22.8000
 3691 22.7900
 3692 22.7900
 3693 22.8100
 3694 22.7900
 3695 22.7700
 3696 22.7800
 3697 22.8300
 3698 22.8600
 3699 22.8700
 3700 22.8800
 3701 22.8600
 3702 22.8200
 3703 22.7800
 3704 22.7300
 3705 22.7100
 3706 22.7200
 3707 22.7900
 3708 22.8900
 3709 22.9300
 3710 22.9200
 3711 22.8800
 3712 22.8000
 3713 22.7500
 3714 22.7300
 3715 22.7600
 3716 22.8300
 3717 22.8900
 3718 22.8900
 3719 22.8400
 3720 22.7800
 3721 22.7400
 3722 22.7300
 3723 22.7800
 3724 22.8200
 3725 22.8600
 3726 22.8700
 3727 22.8500
 3728 22.8300
 3729 22.8200
 3730 22.8300
 3731 22.8300
 3732 22.8100
 3733 22.7600
 3734 22.7100
 3735 22.7100
 3736 22.7800
 3737 22.8700
 3738 22.9400
 3739 22.9400
 3740 22.8700
 3741 22.7800
 3742 22.7100
 3743 22.6800
 3744 22.7200
 3745 22.8200
 3746 22.9200
 3747 22.9700
 3748 22.9300
 3749 22.8100
 3750 22.6700
 3751 22.6100
 3752 22.6700
 3753 22.7800
 3754 22.9200
 3755 23.0000
 3756 23.0000
 3757 22.9100
 3758 22.7500
 3759 22.6400
 3760 22.6100
 3761 22.6800
 3762 22.8200
 3763 22.9300
 3764 22.9600
 3765 22.9300
 3766 22.8500
 3767 22.7400
 3768 22.6600
 3769 22.6500
 3770 22.7000
 3771 22.8300
 3772 22.9600
 3773 23.0200
 3774 22.9900
 3775 22.8800
 3776 22.7400
 3777 22.6400
 3778 22.6100
 3779 22.6900
 3780 22.8100
 3781 22.9000
 3782 22.9500
 3783 22.9000
 3784 22.8500
 3785 22.8100
 3786 22.7900
 3787 22.8100
 3788 22.8300
 3789 22.8500
 3790 22.8500
 3791 22.8500
 3792 22.8300
 3793 22.8100
 3794 22.7900
 3795 22.7600
 3796 22.7500
 3797 22.7500
 3798 22.7800
 3799 22.8400
 3800 22.9300
 3801 22.9900
 3802 22.9900
 3803 22.9300
 3804 22.8300
 3805 22.7400
 3806 22.7100
 3807 22.7200
 3808 22.7800
 3809 22.8600
 3810 22.9300
 3811 22.9500
 3812 22.9100
 3813 22.8600
 3814 22.8000
 3815 22.7600
 3816 22.7500
 3817 22.7900
 3818 22.8700
 3819 22.9300
 3820 22.9600
 3821 22.9600
 3822 22.9300
 3823 22.8600
 3824 22.7800
 3825 22.7600
 3826 22.7700
 3827 22.8100
 3828 22.8700
 3829 22.9000
 3830 22.9100
 3831 22.9100
 3832 22.9000
 3833 22.8800
 3834 22.8700
 3835 22.8700
 3836 22.8700
 3837 22.8700
 3838 22.8700
 3839 22.8600
 3840 22.8400
 3841 22.8200
 3842 22.8100
 3843 22.8200
 3844 22.8600
 3845 22.9300
 3846 22.9900
 3847 22.9900
 3848 22.9200
 3849 22.8400
 3850 22.7800
 3851 22.7700
 3852 22.8100
 3853 22.8700
 3854 22.9200
 3855 22.9400
 3856 22.9500
 3857 22.9100
 3858 22.8700
 3859 22.8300
 3860 22.8200
 3861 22.8200
 3862 22.8400
 3863 22.8600
 3864 22.8900
 3865 22.9200
 3866 22.9400
 3867 22.9000
 3868 22.8500
 3869 22.8200
 3870 22.8200
 3871 22.8400
 3872 22.8900
 3873 22.9500
 3874 22.9800
 3875 22.9700
 3876 22.9100
 3877 22.8100
 3878 22.7300
 3879 22.7000
 3880 22.7600
 3881 22.8400
 3882 22.9400
 3883 22.9800
 3884 22.9800
 3885 22.9400
 3886 22.8900
 3887 22.8500
 3888 22.8100
 3889 22.7900
 3890 22.8100
 3891 22.8200
 3892 22.8300
 3893 22.8500
 3894 22.8700
 3895 22.8900
 3896 22.9100
 3897 22.9000
 3898 22.8900
 3899 22.8900
 3900 22.8700
 3901 22.8600
 3902 22.8200
 3903 22.8000
 3904 22.8100
 3905 22.8200
 3906 22.8600
 3907 22.8900
 3908 22.9100
 3909 22.9100
 3910 22.9000
 3911 22.8800
 3912 22.8500
 3913 22.8000
 3914 22.7900
 3915 22.8000
 3916 22.8400
 3917 22.8500
 3918 22.8600
 3919 22.9000
 3920 22.9100
 3921 22.9300
 3922 22.9200
 3923 22.8800
 3924 22.8100
 3925 22.7700
 3926 22.7700
 3927 22.7900
 3928 22.8300
 3929 22.8600
 3930 22.9000
 3931 22.9300
 3932 22.9000
 3933 22.8600
 3934 22.8400
 3935 22.8600
 3936 22.8700
 3937 22.8600
 3938 22.8300
 3939 22.8100
 3940 22.8200
 3941 22.8400
 3942 22.8500
 3943 22.8600
 3944 22.8500
 3945 22.8700
 3946 22.8800
 3947 22.8800
 3948 22.8800
 3949 22.8800
 3950 22.8400
 3951 22.8100
 3952 22.7900
 3953 22.8100
 3954 22.8200
 3955 22.8600
 3956 22.9100
 3957 22.9600
 3958 22.8900
 3959 22.8600
 3960 22.8100
 3961 22.7800
 3962 22.7600
 3963 22.7600
 3964 22.8100
 3965 22.8600
 3966 22.9000
 3967 22.9100
 3968 22.9200
 3969 22.9100
 3970 22.8400
 3971 22.8400
 3972 22.8200
 3973 22.8400
 3974 22.7600
 3975 22.7400
 3976 22.7200
 3977 22.8100
 3978 22.8700
 3979 22.9200
 3980 22.9700
 3981 22.9900
 3982 22.9100
 3983 22.8000
 3984 22.7600
 3985 22.7000
 3986 22.7300
 3987 22.7600
 3988 22.8800
 3989 22.9100
 3990 22.9500
 3991 22.8800
 3992 22.8200
 3993 22.7400
 3994 22.7500
 3995 22.8000
 3996 22.8700
 3997 22.9600
 3998 22.9300
 3999 22.8800
 4000 22.8100
 4001 22.7500
 4002 22.7100
 4003 22.7600
 4004 22.8400
 4005 22.8900
 4006 22.9200
 4007 22.9100
 4008 22.8300
 4009 22.7500
 4010 22.7500
 4011 22.8300
 4012 22.8500
 4013 22.9300
 4014 22.8900
 4015 22.9000
 4016 22.8300
 4017 22.7700
 4018 22.7600
 4019 22.7600
 4020 22.8400
 4021 22.8600
 4022 22.8700
 4023 22.8800
 4024 22.8800
 4025 22.8700
 4026 22.8400
 4027 22.8200
 4028 22.7800
 4029 22.8000
 4030 22.8500
 4031 22.9200
 4032 22.9700
 4033 22.9600
 4034 22.8600
 4035 22.7700
 4036 22.6700
 4037 22.6900
 4038 22.7300
 4039 22.8100
 4040 22.9500
 4041 23.0500
 4042 23.0700
 4043 22.9500
 4044 22.8300
 4045 22.7300
 4046 22.6700
 4047 22.7300
 4048 22.8300
 4049 22.9000
 4050 22.9600
 4051 22.9500
 4052 22.9200
 4053 22.8700
 4054 22.8100
 4055 22.7800
 4056 22.7700
 4057 22.8000
 4058 22.8300
 4059 22.8600
 4060 22.8900
 4061 22.9100
 4062 22.9000
 4063 22.9000
 4064 22.8900
 4065 22.8300
 4066 22.8300
 4067 22.8500
 4068 22.8700
 4069 22.8700
 4070 22.8600
 4071 22.8300
 4072 22.7900
 4073 22.8000
 4074 22.8200
 4075 22.8500
 4076 22.9000
 4077 22.9200
 4078 22.9200
 4079 22.9100
 4080 22.9000
 4081 22.8500
 4082 22.8300
 4083 22.8400
 4084 22.8300
 4085 22.8100
 4086 22.8000
 4087 22.8100
 4088 22.8300
 4089 22.8700
 4090 22.9100
 4091 22.9100
 4092 22.9000
 4093 22.8500
 4094 22.8000
 4095 22.8200
 4096 22.8200
 4097 22.8700
 4098 22.9200
 4099 22.9200
 4100 22.9000
 4101 22.8400
 4102 22.8000
 4103 22.7700
 4104 22.7700
 4105 22.8100
 4106 22.8300
 4107 22.8700
 4108 22.9200
 4109 22.9500
 4110 22.9300
 4111 22.8900
 4112 22.8300
 4113 22.8000
 4114 22.7800
 4115 22.7800
 4116 22.8300
 4117 22.8600
 4118 22.8900
 4119 22.8900
 4120 22.8500
 4121 22.8300
 4122 22.7900
 4123 22.7800
 4124 22.7900
 4125 22.8200
 4126 22.8700
 4127 22.9300
 4128 22.9300
 4129 22.9000
 4130 22.8400
 4131 22.8000
 4132 22.7500
 4133 22.7500
 4134 22.7700
 4135 22.8400
 4136 22.8800
 4137 22.9100
 4138 22.9000
 4139 22.8700
 4140 22.8500
 4141 22.8000
 4142 22.7500
 4143 22.7300
 4144 22.7800
 4145 22.8500
 4146 22.8900
 4147 22.8900
 4148 22.8600
 4149 22.8100
 4150 22.7900
 4151 22.7900
 4152 22.8300
 4153 22.8700
 4154 22.8700
 4155 22.8600
 4156 22.8100
 4157 22.7700
 4158 22.7400
 4159 22.7500
 4160 22.7900
 4161 22.8200
 4162 22.8700
 4163 22.8900
 4164 22.8800
 4165 22.8600
 4166 22.8300
 4167 22.7800
 4168 22.7300
 4169 22.7400
 4170 22.7500
 4171 22.8100
 4172 22.8300
 4173 22.8700
 4174 22.8800
 4175 22.8800
 4176 22.8500
 4177 22.8000
 4178 22.7700
 4179 22.7400
 4180 22.7200
 4181 22.7300
 4182 22.7700
 4183 22.8300
 4184 22.8500
 4185 22.8400
 4186 22.8700
 4187 22.8600
 4188 22.8600
 4189 22.8200
 4190 22.7800
 4191 22.7400
 4192 22.7200
 4193 22.7200
 4194 22.7300
 4195 22.7800
 4196 22.8500
 4197 22.9000
 4198 22.9000
 4199 22.8800
 4200 22.8100
 4201 22.7400
 4202 22.6900
 4203 22.6800
 4204 22.7200
 4205 22.8200
 4206 22.8800
 4207 22.9000
 4208 22.8800
 4209 22.8100
 4210 22.7300
 4211 22.6400
 4212 22.6600
 4213 22.7300
 4214 22.8400
 4215 22.9200
 4216 22.9400
 4217 22.9000
 4218 22.8300
 4219 22.7100
 4220 22.6400
 4221 22.6200
 4222 22.6500
 4223 22.7600
 4224 22.8900
 4225 22.9800
 4226 22.9800
 4227 22.9000
 4228 22.8000
 4229 22.6800
 4230 22.6100
 4231 22.6000
 4232 22.6700
 4233 22.7800
 4234 22.8800
 4235 22.9700
 4236 22.9600
 4237 22.8900
 4238 22.7600
 4239 22.6500
 4240 22.6300
 4241 22.6800
 4242 22.7700
 4243 22.8300
 4244 22.8600
 4245 22.8600
 4246 22.8400
 4247 22.8100
 4248 22.7700
 4249 22.7700
 4250 22.7700
 4251 22.7800
 4252 22.8000
 4253 22.7900
 4254 22.7800
 4255 22.7800
 4256 22.7600
 4257 22.7700
 4258 22.7800
 4259 22.7900
 4260 22.7900
 4261 22.8000
 4262 22.8100
 4263 22.8200
 4264 22.8100
 4265 22.8100
 4266 22.8000
 4267 22.7800
 4268 22.7500
 4269 22.7500
 4270 22.7700
 4271 22.8100
 4272 22.8400
 4273 22.8400
 4274 22.8100
 4275 22.7700
 4276 22.7400
 4277 22.7500
 4278 22.8000
 4279 22.8300
 4280 22.8600
 4281 22.8500
 4282 22.7900
 4283 22.7400
 4284 22.7300
 4285 22.7600
 4286 22.8200
 4287 22.8500
 4288 22.8800
 4289 22.8600
 4290 22.8200
 4291 22.7700
 4292 22.7300
 4293 22.7000
 4294 22.7400
 4295 22.8100
 4296 22.8600
 4297 22.8700
 4298 22.8600
 4299 22.8400
 4300 22.7900
 4301 22.7500
 4302 22.7400
 4303 22.7700
 4304 22.8300
 4305 22.8600
 4306 22.8600
 4307 22.8000
 4308 22.7300
 4309 22.7000
 4310 22.7300
 4311 22.7900
 4312 22.8700
 4313 22.9100
 4314 22.9100
 4315 22.8600
 4316 22.7900
 4317 22.7400
 4318 22.7000
 4319 22.7100
 4320 22.7300
 4321 22.8100
 4322 22.8700
 4323 22.9100
 4324 22.8800
 4325 22.8400
 4326 22.7800
 4327 22.7300
 4328 22.7200
 4329 22.7400
 4330 22.7800
 4331 22.8300
 4332 22.8400
 4333 22.8500
 4334 22.8400
 4335 22.8000
 4336 22.7900
 4337 22.7600
 4338 22.7600
 4339 22.7900
 4340 22.8300
 4341 22.8500
 4342 22.8700
 4343 22.8300
 4344 22.7900
 4345 22.7500
 4346 22.7400
 4347 22.7300
 4348 22.7500
 4349 22.7800
 4350 22.8200
 4351 22.8700
 4352 22.8900
 4353 22.9100
 4354 22.8900
 4355 22.8100
 4356 22.7300
 4357 22.6500
 4358 22.6700
 4359 22.7300
 4360 22.8200
 4361 22.9100
 4362 22.9600
 4363 22.9300
 4364 22.8600
 4365 22.7600
 4366 22.6800
 4367 22.6700
 4368 22.7200
 4369 22.8100
 4370 22.9100
 4371 22.9700
 4372 22.9400
 4373 22.8500
 4374 22.7500
 4375 22.6800
 4376 22.6900
 4377 22.7500
 4378 22.8400
 4379 22.9200
 4380 22.9600
 4381 22.9300
 4382 22.8400
 4383 22.7500
 4384 22.6900
 4385 22.6900
 4386 22.7400
 4387 22.8000
 4388 22.8800
 4389 22.9400
 4390 22.9500
 4391 22.9100
 4392 22.8500
 4393 22.7800
 4394 22.7400
 4395 22.7200
 4396 22.7400
 4397 22.7900
 4398 22.8600
 4399 22.9300
 4400 22.9300
 4401 22.8800
 4402 22.8300
 4403 22.7700
 4404 22.7300
 4405 22.7400
 4406 22.7600
 4407 22.8400
 4408 22.9000
 4409 22.9200
 4410 22.9100
 4411 22.8800
 4412 22.8500
 4413 22.8100
 4414 22.7800
 4415 22.7600
 4416 22.7600
 4417 22.7800
 4418 22.8400
 4419 22.9100
 4420 22.9400
 4421 22.9100
 4422 22.8500
 4423 22.7800
 4424 22.7300
 4425 22.7300
 4426 22.8000
 4427 22.8700
 4428 22.9300
 4429 22.9500
 4430 22.9200
 4431 22.8400
 4432 22.7600
 4433 22.7300
 4434 22.7300
 4435 22.7800
 4436 22.8500
 4437 22.9200
 4438 22.9400
 4439 22.9400
 4440 22.9000
 4441 22.8400
 4442 22.7700
 4443 22.7400
 4444 22.7400
 4445 22.7800
 4446 22.8300
 4447 22.8900
 4448 22.9200
 4449 22.9100
 4450 22.8700
 4451 22.8400
 4452 22.8000
 4453 22.7900
 4454 22.7900
 4455 22.8000
 4456 22.8200
 4457 22.8700
 4458 22.9100
 4459 22.9300
 4460 22.8800
 4461 22.8100
 4462 22.7500
 4463 22.7300
 4464 22.7800
 4465 22.8500
 4466 22.9200
 4467 22.9600
 4468 22.9400
 4469 22.8700
 4470 22.7600
 4471 22.7100
 4472 22.7000
 4473 22.7800
 4474 22.8700
 4475 22.9400
 4476 22.9600
 4477 22.9300
 4478 22.8700
 4479 22.8000
 4480 22.7700
 4481 22.7800
 4482 22.7900
 4483 22.8200
 4484 22.8400
 4485 22.8700
 4486 22.8700
 4487 22.8800
 4488 22.8500
 4489 22.8300
 4490 22.8100
 4491 22.8200
 4492 22.8200
 4493 22.8300
 4494 22.8600
 4495 22.8800
 4496 22.8900
 4497 22.8700
 4498 22.8100
 4499 22.7800
 4500 22.7700
 4501 22.8000
 4502 22.8300
 4503 22.8800
 4504 22.9000
 4505 22.9100
 4506 22.8600
 4507 22.8200
 4508 22.7800
 4509 22.7800
 4510 22.8100
 4511 22.8600
 4512 22.8900
 4513 22.9000
 4514 22.9100
 4515 22.8700
 4516 22.8000
 4517 22.7500
 4518 22.7400
 4519 22.7900
 4520 22.8400
 4521 22.9000
 4522 22.9500
 4523 22.9600
 4524 22.9300
 4525 22.8500
 4526 22.7700
 4527 22.7200
 4528 22.7200
 4529 22.7700
 4530 22.8400
 4531 22.9200
 4532 22.9600
 4533 22.9500
 4534 22.9000
 4535 22.8300
 4536 22.7900
 4537 22.7900
 4538 22.8100
 4539 22.8500
 4540 22.8700
 4541 22.8900
 4542 22.8800
 4543 22.8700
 4544 22.8300
 4545 22.8000
 4546 22.7800
 4547 22.8100
 4548 22.8300
 4549 22.8700
 4550 22.9200
 4551 22.9300
 4552 22.9300
 4553 22.9000
 4554 22.8600
 4555 22.8100
 4556 22.7700
 4557 22.7700
 4558 22.8200
 4559 22.8900
 4560 22.9200
 4561 22.9300
 4562 22.9200
 4563 22.8700
 4564 22.8100
 4565 22.7700
 4566 22.8100
 4567 22.8700
 4568 22.8900
 4569 22.9200
 4570 22.9000
 4571 22.8600
 4572 22.8300
 4573 22.8400
 4574 22.8700
 4575 22.9100
 4576 22.9000
 4577 22.8700
 4578 22.8200
 4579 22.7800
 4580 22.7900
 4581 22.8700
 4582 22.9800
 4583 23.0100
 4584 22.9800
 4585 22.8900
 4586 22.7900
 4587 22.7500
 4588 22.7700
 4589 22.8500
 4590 22.9400
 4591 22.9800
 4592 22.9500
 4593 22.8900
 4594 22.8400
 4595 22.8100
 4596 22.8400
 4597 22.8900
 4598 22.9400
 4599 22.9500
 4600 22.9400
 4601 22.9000
 4602 22.8500
 4603 22.8200
 4604 22.8100
 4605 22.8500
 4606 22.9100
 4607 22.9700
 4608 23.0100
 4609 23.0000
 4610 22.9400
 4611 22.8500
 4612 22.7900
 4613 22.7600
 4614 22.7900
 4615 22.8900
 4616 22.9700
 4617 23.0300
 4618 23.0400
 4619 23.0000
 4620 22.9200
 4621 22.8500
 4622 22.8000
 4623 22.8100
 4624 22.8400
 4625 22.8900
 4626 22.9400
 4627 22.9700
 4628 22.9700
 4629 22.9500
 4630 22.9700
 4631 22.9500
 4632 22.9100
 4633 22.8800
 4634 22.8800
 4635 22.8700
 4636 22.8900
 4637 22.9200
 4638 22.9500
 4639 22.9600
 4640 22.9500
 4641 22.9400
 4642 22.9400
 4643 22.9400
 4644 22.9300
 4645 22.9300
 4646 22.9200
 4647 22.8900
 4648 22.8800
 4649 22.9000
 4650 22.9300
 4651 22.9800
 4652 23.0000
 4653 22.9700
 4654 22.9100
 4655 22.8800
 4656 22.8700
 4657 22.9100
 4658 22.9700
 4659 23.0100
 4660 22.9900
 4661 22.9500
 4662 22.9000
 4663 22.8800
 4664 22.9000
 4665 22.9400
 4666 22.9700
 4667 22.9800
 4668 22.9700
 4669 22.9300
 4670 22.9000
 4671 22.8800
 4672 22.9000
 4673 22.9400
 4674 23.0100
 4675 23.0200
 4676 22.9800
 4677 22.9400
 4678 22.8800
 4679 22.8700
 4680 22.8900
 4681 22.9400
 4682 22.9700
 4683 22.9800
 4684 22.9700
 4685 22.9600
 4686 22.9500
 4687 22.9300
 4688 22.9400
 4689 22.9500
 4690 22.9300
 4691 22.9200
 4692 22.8900
 4693 22.8800
 4694 22.9100
 4695 22.9400
 4696 22.9800
 4697 23.0300
 4698 23.0100
 4699 22.9600
 4700 22.9100
 4701 22.8500
 4702 22.8500
 4703 22.8800
 4704 22.9500
 4705 23.0100
 4706 23.0100
 4707 22.9500
 4708 22.9000
 4709 22.8600
 4710 22.8700
 4711 22.9000
 4712 22.9500
 4713 23.0100
 4714 23.0000
 4715 22.9700
 4716 22.9200
 4717 22.8600
 4718 22.8400
 4719 22.8700
 4720 22.9300
 4721 22.9900
 4722 23.0000
 4723 22.9600
 4724 22.8900
 4725 22.8400
 4726 22.8200
 4727 22.8500
 4728 22.9500
 4729 23.0200
 4730 23.0400
 4731 23.0000
 4732 22.9400
 4733 22.8700
 4734 22.8400
 4735 22.8300
 4736 22.8400
 4737 22.8600
 4738 22.8800
 4739 22.9000
 4740 22.9300
 4741 22.9700
 4742 23.0100
 4743 23.0100
 4744 22.9800
 4745 22.9100
 4746 22.8400
 4747 22.7900
 4748 22.7900
 4749 22.8400
 4750 22.9100
 4751 22.9600
 4752 23.0000
 4753 22.9800
 4754 22.9300
 4755 22.9000
 4756 22.8600
 4757 22.8700
 4758 22.8600
 4759 22.9000
 4760 22.9100
 4761 22.9300
 4762 22.9400
 4763 22.9400
 4764 22.9200
 4765 22.8800
 4766 22.8500
 4767 22.8100
 4768 22.8400
 4769 22.8700
 4770 22.9400
 4771 22.9900
 4772 23.0000
 4773 22.9600
 4774 22.9000
 4775 22.8500
 4776 22.8400
 4777 22.8500
 4778 22.8900
 4779 22.9000
 4780 22.9100
 4781 22.9100
 4782 22.9300
 4783 22.9200
 4784 22.9100
 4785 22.9000
 4786 22.9000
 4787 22.9100
 4788 22.9000
 4789 22.9100
 4790 22.9000
 4791 22.8900
 4792 22.9000
 4793 22.8900
 4794 22.8900
 4795 22.8900
 4796 22.9100
 4797 22.9500
 4798 22.9800
 4799 22.9800
 4800 22.9500
 4801 22.9100
 4802 22.8400
 4803 22.8100
 4804 22.8200
 4805 22.8300
 4806 22.9000
 4807 22.9900
 4808 23.0600
 4809 23.0700
 4810 23.0400
 4811 22.9600
 4812 22.8800
 4813 22.8000
 4814 22.7800
 4815 22.7800
 4816 22.8300
 4817 22.9200
 4818 23.0000
 4819 23.0600
 4820 23.0800
 4821 23.0200
 4822 22.9500
 4823 22.8700
 4824 22.8300
 4825 22.8100
 4826 22.8400
 4827 22.9000
 4828 22.9600
 4829 22.9800
 4830 22.9800
 4831 22.9600
 4832 22.9400
 4833 22.9300
 4834 22.9300
 4835 22.9300
 4836 22.9400
 4837 22.9400
 4838 22.9200
 4839 22.8700
 4840 22.8900
 4841 22.9000
 4842 22.9200
 4843 22.9600
 4844 22.9500
 4845 22.9500
 4846 22.9300
 4847 22.9200
 4848 22.9200
 4849 22.9600
 4850 22.9500
 4851 22.9600
 4852 22.9000
 4853 22.8800
 4854 22.8500
 4855 22.9000
 4856 22.9300
 4857 23.0000
 4858 23.0300
 4859 23.0400
 4860 22.9800
 4861 22.9000
 4862 22.8100
 4863 22.7800
 4864 22.8000
 4865 22.8700
 4866 22.9600
 4867 23.0600
 4868 23.1100
 4869 23.0900
 4870 23.0000
 4871 22.9000
 4872 22.8100
 4873 22.7800
 4874 22.8100
 4875 22.8800
 4876 22.9500
 4877 23.0200
 4878 23.0600
 4879 23.0400
 4880 22.9800
 4881 22.9100
 4882 22.8500
 4883 22.8200
 4884 22.8700
 4885 22.9300
 4886 22.9900
 4887 23.0100
 4888 22.9800
 4889 22.9300
 4890 22.9000
 4891 22.8700
 4892 22.8700
 4893 22.9200
 4894 22.9800
 4895 23.0300
 4896 23.0500
 4897 23.0100
 4898 22.9300
 4899 22.8700
 4900 22.8300
 4901 22.8300
 4902 22.8800
 4903 22.9500
 4904 23.0000
 4905 23.0200
 4906 23.0100
 4907 22.9600
 4908 22.9200
 4909 22.8800
 4910 22.8500
 4911 22.8800
 4912 22.9400
 4913 22.9900
 4914 23.0300
 4915 23.0300
 4916 22.9900
 4917 22.9200
 4918 22.8600
 4919 22.8500
 4920 22.8600
 4921 22.9100
 4922 22.9700
 4923 22.9900
 4924 22.9800
 4925 22.9700
 4926 22.9700
 4927 22.9400
 4928 22.9400
 4929 22.9200
 4930 22.9300
 4931 22.9200
 4932 22.9300
 4933 22.9600
 4934 22.9500
 4935 22.9500
 4936 22.9500
 4937 22.9400
 4938 22.9500
 4939 22.9600
 4940 22.9700
 4941 22.9700
 4942 22.9800
 4943 22.9400
 4944 22.9100
 4945 22.8900
 4946 22.8700
 4947 22.8800
 4948 22.9400
 4949 23.0000
 4950 23.0400
 4951 23.0300
 4952 22.9800
 4953 22.9300
 4954 22.8600
 4955 22.8600
 4956 22.8900
 4957 22.9400
 4958 22.9700
 4959 22.9900
 4960 22.9900
 4961 22.9700
 4962 22.9400
 4963 22.9200
 4964 22.9300
 4965 22.9500
 4966 22.9500
 4967 22.9700
 4968 22.9600
 4969 22.9600
 4970 22.9500
 4971 22.9300
 4972 22.9200
 4973 22.9200
 4974 22.9500
 4975 22.9800
 4976 22.9900
 4977 23.0100
 4978 23.0100
 4979 22.9900
 4980 22.9300
 4981 22.9000
 4982 22.8700
 4983 22.8700
 4984 22.9200
 4985 23.0100
 4986 23.0500
 4987 23.0600
 4988 23.0500
 4989 23.0100
 4990 22.9600
 4991 22.9300
 4992 22.8900
 4993 22.9000
 4994 22.9000
 4995 22.9300
 4996 22.9500
 4997 22.9800
 4998 22.9900
 4999 23.0000
 5000 23.0200
 5001 23.0400
 5002 23.0300
 5003 23.0000
 5004 22.9600
 5005 22.9000
 5006 22.8800
 5007 22.8800
 5008 22.9000
 5009 22.9600
 5010 23.0100
 5011 23.0500
 5012 23.0700
 5013 23.0600
 5014 23.0100
 5015 22.9700
 5016 22.9300
 5017 22.9000
 5018 22.8900
 5019 22.9100
 5020 22.9500
 5021 23.0000
 5022 23.0300
 5023 23.0600
 5024 23.0400
 5025 23.0100
 5026 22.9600
 5027 22.9300
 5028 22.9400
 5029 22.9500
 5030 22.9500
 5031 22.9800
 5032 22.9900
 5033 22.9900
 5034 22.9800
 5035 22.9500
 5036 22.9300
 5037 22.9400
 5038 22.9800
 5039 23.0200
 5040 23.0400
 5041 23.0300
 5042 22.9900
 5043 22.9200
 5044 22.8700
 5045 22.8700
 5046 22.9000
 5047 22.9700
 5048 23.0200
 5049 23.0300
 5050 23.0400
 5051 23.0200
 5052 22.9700
 5053 22.9300
 5054 22.8900
 5055 22.8600
 5056 22.8700
 5057 22.9000
 5058 22.9600
 5059 23.0100
 5060 23.0300
 5061 23.0400
 5062 23.0100
 5063 22.9600
 5064 22.9100
 5065 22.8700
 5066 22.8600
 5067 22.8700
 5068 22.9000
 5069 22.9700
 5070 23.0100
 5071 23.0100
 5072 22.9900
 5073 22.9500
 5074 22.9200
 5075 22.8700
 5076 22.8700
 5077 22.8900
 5078 22.9200
 5079 22.9700
 5080 22.9800
 5081 22.9800
 5082 22.9400
 5083 22.9100
 5084 22.8800
 5085 22.8600
 5086 22.8800
 5087 22.9200
 5088 22.9600
 5089 22.9700
 5090 22.9700
 5091 22.9300
 5092 22.9000
 5093 22.8700
 5094 22.8600
 5095 22.8700
 5096 22.9000
 5097 22.9200
 5098 22.9600
 5099 22.9800
 5100 22.9700
 5101 22.9300
 5102 22.8900
 5103 22.8300
 5104 22.8000
 5105 22.8300
 5106 22.8800
 5107 22.9600
 5108 23.0100
 5109 23.0100
 5110 22.9800
 5111 22.9100
 5112 22.8300
 5113 22.7800
 5114 22.7900
 5115 22.8500
 5116 22.9300
 5117 23.0100
 5118 23.0200
 5119 22.9800
 5120 22.9100
 5121 22.8600
 5122 22.8100
 5123 22.8200
 5124 22.8400
 5125 22.8700
 5126 22.9100
 5127 22.9500
 5128 22.9600
 5129 22.9700
 5130 22.9400
 5131 22.9100
 5132 22.8600
 5133 22.8100
 5134 22.7700
 5135 22.8000
 5136 22.8600
 5137 22.9500
 5138 23.0000
 5139 23.0200
 5140 22.9900
 5141 22.9400
 5142 22.8600
 5143 22.7800
 5144 22.7500
 5145 22.7900
 5146 22.8600
 5147 22.9500
 5148 23.0000
 5149 23.0000
 5150 22.9600
 5151 22.9000
 5152 22.8500
 5153 22.8000
 5154 22.8000
 5155 22.8500
 5156 22.9100
 5157 22.9400
 5158 22.9500
 5159 22.9300
 5160 22.8800
 5161 22.8500
 5162 22.8400
 5163 22.8600
 5164 22.9000
 5165 22.9300
 5166 22.9500
 5167 22.9600
 5168 22.9300
 5169 22.8900
 5170 22.8500
 5171 22.8100
 5172 22.8100
 5173 22.8400
 5174 22.8900
 5175 22.9400
 5176 22.9800
 5177 22.9900
 5178 22.9500
 5179 22.8800
 5180 22.8200
 5181 22.8100
 5182 22.8400
 5183 22.9000
 5184 22.9500
 5185 22.9700
 5186 22.9500
 5187 22.9000
 5188 22.8500
 5189 22.8200
 5190 22.8300
 5191 22.8700
 5192 22.9300
 5193 23.0000
 5194 23.0200
 5195 23.0000
 5196 22.9400
 5197 22.8500
 5198 22.7800
 5199 22.7600
 5200 22.7900
 5201 22.8700
 5202 22.9600
 5203 23.0400
 5204 23.0700
 5205 23.0400
 5206 22.9400
 5207 22.8600
 5208 22.8000
 5209 22.8000
 5210 22.8200
 5211 22.8900
 5212 22.9500
 5213 23.0100
 5214 23.0300
 5215 23.0100
 5216 22.9400
 5217 22.8700
 5218 22.8300
 5219 22.8400
 5220 22.8700
 5221 22.9400
 5222 23.0000
 5223 23.0300
 5224 23.0100
 5225 22.9600
 5226 22.9000
 5227 22.8700
 5228 22.8700
 5229 22.9100
 5230 22.9600
 5231 22.9800
 5232 22.9800
 5233 22.9500
 5234 22.9300
 5235 22.9200
 5236 22.9300
 5237 22.9400
 5238 22.9700
 5239 22.9700
 5240 22.9500
 5241 22.9300
 5242 22.9200
 5243 22.9000
 5244 22.9200
 5245 22.9400
 5246 22.9900
 5247 23.0100
 5248 23.0100
 5249 22.9800
 5250 22.9400
 5251 22.9200
 5252 22.9000
 5253 22.9100
 5254 22.9200
 5255 22.9600
 5256 22.9900
 5257 23.0100
 5258 23.0000
 5259 22.9700
 5260 22.9500
 5261 22.9600
 5262 22.9500
 5263 22.9500
 5264 22.9500
 5265 22.9400
 5266 22.9500
 5267 22.9600
 5268 22.9600
 5269 22.9600
 5270 22.9700
 5271 22.9900
 5272 23.0000
 5273 22.9900
 5274 22.9800
 5275 22.9800
 5276 22.9700
 5277 22.9400
 5278 22.9400
 5279 22.9300
 5280 22.9300
 5281 22.9500
 5282 22.9900
 5283 23.0400
 5284 23.0500
 5285 23.0600
 5286 23.0200
 5287 22.9700
 5288 22.9200
 5289 22.8900
 5290 22.8900
 5291 22.9300
 5292 23.0100
 5293 23.0700
 5294 23.0800
 5295 23.0500
 5296 23.0100
 5297 22.9600
 5298 22.9300
 5299 22.9300
 5300 22.9600
 5301 22.9900
 5302 23.0300
 5303 23.0500
 5304 23.0500
 5305 23.0200
 5306 22.9700
 5307 22.9500
 5308 22.9700
 5309 22.9800
 5310 23.0100
 5311 23.0400
 5312 23.0600
 5313 23.0500
 5314 23.0400
 5315 23.0100
 5316 22.9800
 5317 22.9700
 5318 22.9600
 5319 22.9800
 5320 23.0100
 5321 23.0500
 5322 23.0700
 5323 23.0800
 5324 23.0500
 5325 23.0100
 5326 22.9700
 5327 22.9700
 5328 22.9800
 5329 23.0100
 5330 23.0500
 5331 23.0700
 5332 23.0900
 5333 23.0800
 5334 23.0400
 5335 23.0000
 5336 22.9700
 5337 22.9500
 5338 22.9800
 5339 23.0300
 5340 23.0600
 5341 23.0700
 5342 23.0800
 5343 23.0700
 5344 23.0400
 5345 22.9900
 5346 23.0100
 5347 23.0200
 5348 23.0600
 5349 23.0600
 5350 23.0400
 5351 23.0500
 5352 23.0200
 5353 22.9900
 5354 22.9800
 5355 22.9800
 5356 23.0100
 5357 23.0400
 5358 23.0900
 5359 23.1100
 5360 23.0800
 5361 23.0500
 5362 22.9900
 5363 22.9700
 5364 22.9700
 5365 22.9900
 5366 23.0100
 5367 23.0500
 5368 23.0500
 5369 23.0600
 5370 23.0200
 5371 23.0100
 5372 23.0100
 5373 23.0200
 5374 23.0500
 5375 23.0600
 5376 23.0600
 5377 23.0300
 5378 23.0100
 5379 22.9600
 5380 22.9300
 5381 22.9300
 5382 22.9800
 5383 23.0400
 5384 23.0700
 5385 23.0800
 5386 23.0800
 5387 23.0600
 5388 23.0300
 5389 22.9900
 5390 22.9700
 5391 22.9500
 5392 22.9600
 5393 22.9800
 5394 23.0100
 5395 23.0200
 5396 22.9900
 5397 23.0200
 5398 23.0500
 5399 23.0300
 5400 23.0000
 5401 22.9900
 5402 22.9900
 5403 22.9800
 5404 22.9800
 5405 22.9700
 5406 22.9800
 5407 22.9900
 5408 22.9700
 5409 22.9700
 5410 22.9800
 5411 22.9900
 5412 23.0000
 5413 23.0200
 5414 23.0300
 5415 22.9900
 5416 22.9600
 5417 22.9300
 5418 22.9100
 5419 22.9200
 5420 22.9500
 5421 22.9800
 5422 23.0100
 5423 23.0300
 5424 23.0100
 5425 22.9700
 5426 22.9400
 5427 22.9200
 5428 22.9200
 5429 22.9200
 5430 22.9400
 5431 22.9600
 5432 22.9700
 5433 22.9800
 5434 22.9600
 5435 22.9400
 5436 22.9100
 5437 22.9000
 5438 22.9200
 5439 22.9600
 5440 22.9800
 5441 22.9800
 5442 22.9700
 5443 22.9400
 5444 22.9000
 5445 22.9000
 5446 22.9200
 5447 22.9300
 5448 22.9400
 5449 22.9100
 5450 22.9000
 5451 22.8700
 5452 22.8800
 5453 22.8900
 5454 22.9400
 5455 22.9800
 5456 22.9800
 5457 22.9700
 5458 22.9000
 5459 22.8700
 5460 22.8300
 5461 22.8400
 5462 22.8500
 5463 22.8900
 5464 22.9200
 5465 22.9500
 5466 22.9400
 5467 22.9200
 5468 22.8800
 5469 22.8400
 5470 22.8300
 5471 22.8700
 5472 22.9000
 5473 22.9400
 5474 22.9400
 5475 22.9100
 5476 22.8500
 5477 22.8000
 5478 22.7700
 5479 22.8100
 5480 22.8600
 5481 22.9000
 5482 22.9400
 5483 22.9500
 5484 22.9100
 5485 22.8700
 5486 22.8200
 5487 22.8000
 5488 22.7800
 5489 22.7800
 5490 22.8400
 5491 22.9000
 5492 22.9300
 5493 22.9300
 5494 22.8800
 5495 22.8300
 5496 22.7800
 5497 22.7700
 5498 22.7900
 5499 22.8500
 5500 22.9000
 5501 22.9400
 5502 22.9200
 5503 22.8700
 5504 22.7900
 5505 22.7500
 5506 22.7300
 5507 22.7500
 5508 22.8200
 5509 22.9000
 5510 22.9400
 5511 22.9100
 5512 22.8600
 5513 22.8100
 5514 22.7700
 5515 22.7600
 5516 22.7800
 5517 22.8300
 5518 22.8600
 5519 22.8800
 5520 22.8900
 5521 22.8400
 5522 22.8100
 5523 22.7900
 5524 22.8200
 5525 22.8500
 5526 22.8400
 5527 22.8100
 5528 22.7900
 5529 22.7900
 5530 22.8100
 5531 22.8400
 5532 22.8500
 5533 22.8600
 5534 22.8400
 5535 22.8300
 5536 22.8400
 5537 22.8300
 5538 22.8200
 5539 22.8100
 5540 22.8400
 5541 22.8200
 5542 22.8300
 5543 22.8500
 5544 22.8600
 5545 22.8700
 5546 22.8200
 5547 22.7800
 5548 22.8000
 5549 22.8100
 5550 22.8100
 5551 22.8700
 5552 22.8900
 5553 22.8600
 5554 22.8200
 5555 22.8300
 5556 22.7900
 5557 22.7700
 5558 22.8000
 5559 22.8600
 5560 22.8600
 5561 22.8500
 5562 22.9000
 5563 22.9300
 5564 22.8800
 5565 22.8500
 5566 22.8400
 5567 22.8100
 5568 22.8000
 5569 22.7800
 5570 22.8400
 5571 22.8500
 5572 22.8800
 5573 22.8700
 5574 22.8500
 5575 22.8000
 5576 22.7800
 5577 22.8300
 5578 22.8800
 5579 22.8900
 5580 22.9200
 5581 22.9400
 5582 22.8800
 5583 22.8500
 5584 22.8100
 5585 22.8000
 5586 22.8400
 5587 22.8800
 5588 22.8700
 5589 22.8600
 5590 22.9000
 5591 22.9100
 5592 22.8000
 5593 22.8600
 5594 22.8800
 5595 22.8700
 5596 22.8700
 5597 22.9300
 5598 22.8700
 5599 22.8300
 5600 22.8600
 5601 22.9100
 5602 22.9200
 5603 22.9000
 5604 22.9000
 5605 22.9300
 5606 22.9600
 5607 22.8500
 5608 22.8400
 5609 22.9500
 5610 22.9000
 5611 22.8200
 5612 22.8400
 5613 22.8500
 5614 22.8700
 5615 22.9800
 5616 23.0200
 5617 22.9500
 5618 22.9300
 5619 22.9500
 5620 22.8900
 5621 22.8900
 5622 22.9300
 5623 22.9100
 5624 22.8400
 5625 22.8700
 5626 22.8900
 5627 22.9500
 5628 23.0200
 5629 22.9600
 5630 22.9400
 5631 22.9500
 5632 22.9300
 5633 22.9200
 5634 22.9800
 5635 23.0200
 5636 22.9100
 5637 22.8700
 5638 22.8600
 5639 22.8700
 5640 22.9300
 5641 22.9700
 5642 23.0000
 5643 23.0100
 5644 23.0200
 5645 22.9700
 5646 22.9600
 5647 22.9400
 5648 22.8300
 5649 22.8700
 5650 22.9800
 5651 22.9700
 5652 22.9900
 5653 23.0000
 5654 22.9600
 5655 22.9200
 5656 22.9000
 5657 22.8700
 5658 22.9200
 5659 22.9800
 5660 23.0100
 5661 23.0000
 5662 23.0700
 5663 23.0400
 5664 22.9000
 5665 22.8600
 5666 22.8700
 5667 22.8500
 5668 22.8700
 5669 22.9700
 5670 23.0100
 5671 23.0400
 5672 23.0100
 5673 22.9800
 5674 22.9600
 5675 22.9600
 5676 22.9100
 5677 22.9300
 5678 22.9300
 5679 22.9200
 5680 22.9600
 5681 22.9700
 5682 22.9800
 5683 23.0000
 5684 22.9300
 5685 22.9000
 5686 22.8900
 5687 22.9000
 5688 22.9200
 5689 22.9900
 5690 23.0700
 5691 23.0800
 5692 22.9800
 5693 22.9100
 5694 22.8600
 5695 22.9300
 5696 22.9300
 5697 22.9000
 5698 22.9200
 5699 22.9300
 5700 23.0000
 5701 23.0400
 5702 23.0300
 5703 22.9900
 5704 22.9100
 5705 22.8300
 5706 22.8800
 5707 22.9500
 5708 22.9900
 5709 23.0100
 5710 23.0200
 5711 22.9600
 5712 22.9100
 5713 22.9400
 5714 22.9200
 5715 22.9400
 5716 22.9300
 5717 22.9300
 5718 22.9500
 5719 22.9800
 5720 22.9900
 5721 22.9900
 5722 22.9900
 5723 22.9600
 5724 22.9100
 5725 22.9100
 5726 22.9100
 5727 22.9300
 5728 22.9200
 5729 22.9700
 5730 22.9400
 5731 22.9500
 5732 22.9800
 5733 22.9600
 5734 22.9500
 5735 22.9600
 5736 22.9900
 5737 22.9900
 5738 22.9300
 5739 22.9000
 5740 22.8900
 5741 22.9000
 5742 22.9400
 5743 22.9900
 5744 22.9700
 5745 22.9600
 5746 22.9600
 5747 22.9400
 5748 22.9600
 5749 22.9500
 5750 22.9700
 5751 22.9700
 5752 22.9300
 5753 22.8500
 5754 22.8900
 5755 22.9500
 5756 22.9700
 5757 22.9900
 5758 23.0000
 5759 22.9800
 5760 22.9500
 5761 22.9400
 5762 22.9400
 5763 22.9500
 5764 22.9100
 5765 22.8600
 5766 22.9100
 5767 22.9600
 5768 23.0000
 5769 23.0100
 5770 22.9800
 5771 22.9500
 5772 22.9300
 5773 22.9100
 5774 22.9200
 5775 22.9200
 5776 22.9700
 5777 22.9600
 5778 23.0100
 5779 23.0300
 5780 22.9500
 5781 22.8800
 5782 22.8800
 5783 22.8900
 5784 22.9600
 5785 23.0000
 5786 23.0200
 5787 22.9800
 5788 22.9500
 5789 22.9500
 5790 22.9700
 5791 22.9700
 5792 22.9700
 5793 22.9500
 5794 22.9100
 5795 22.9300
 5796 22.9800
 5797 23.0000
 5798 23.0000
 5799 22.9500
 5800 22.9100
 5801 22.9300
 5802 22.9500
 5803 23.0100
 5804 23.0000
 5805 22.9800
 5806 22.9500
 5807 22.9400
 5808 22.9700
 5809 22.9800
 5810 22.9500
 5811 22.9400
 5812 22.9300
 5813 22.9900
 5814 23.0500
 5815 23.0300
 5816 22.9700
 5817 22.9300
 5818 22.9000
 5819 22.9000
 5820 22.9300
 5821 22.9900
 5822 23.0100
 5823 23.0300
 5824 23.0300
 5825 22.9800
 5826 22.9300
 5827 22.9000
 5828 22.8900
 5829 22.9400
 5830 22.9900
 5831 23.0200
 5832 23.0100
 5833 22.9700
 5834 22.9700
 5835 22.9600
 5836 22.9600
 5837 22.9700
 5838 22.9800
 5839 22.9600
 5840 22.9500
 5841 22.9400
 5842 22.9400
 5843 22.9400
 5844 22.9600
 5845 22.9800
 5846 22.9800
 5847 23.0000
 5848 22.9900
 5849 22.9500
 5850 22.9300
 5851 22.9300
 5852 22.9300
 5853 22.9500
 5854 23.0000
 5855 23.0200
 5856 22.9600
 5857 22.9200
 5858 22.9200
 5859 22.9500
 5860 22.9400
 5861 22.9300
 5862 22.9200
 5863 22.9500
 5864 22.9700
 5865 22.9700
 5866 22.9800
 5867 22.9800
 5868 22.9700
 5869 22.9300
 5870 22.9000
 5871 22.9000
 5872 22.9400
 5873 22.9500
 5874 22.9500
 5875 22.9500
 5876 22.9500
 5877 22.9300
 5878 22.9100
 5879 22.9100
 5880 22.9000
 5881 22.9100
 5882 22.9500
 5883 22.9800
 5884 22.9900
 5885 22.9600
 5886 22.9300
 5887 22.8600
 5888 22.8400
 5889 22.8800
 5890 22.9300
 5891 22.9500
 5892 22.9800
 5893 22.9800
 5894 22.9600
 5895 22.9000
 5896 22.8500
 5897 22.8300
 5898 22.8600
 5899 22.9200
 5900 22.9500
 5901 22.9700
 5902 22.9900
 5903 23.0000
 5904 22.9200
 5905 22.8400
 5906 22.7900
 5907 22.8200
 5908 22.9000
 5909 22.9800
 5910 23.0300
 5911 23.0000
 5912 22.9400
 5913 22.8800
 5914 22.8300
 5915 22.8100
 5916 22.8400
 5917 22.9100
 5918 22.9400
 5919 22.9800
 5920 22.9900
 5921 23.0100
 5922 22.9500
 5923 22.8600
 5924 22.7900
 5925 22.7700
 5926 22.8400
 5927 22.9700
 5928 23.0400
 5929 22.9900
 5930 22.9000
 5931 22.8400
 5932 22.8600
 5933 22.9000
 5934 22.9300
 5935 22.9200
 5936 22.9000
 5937 22.8900
 5938 22.9000
 5939 22.9400
 5940 22.9500
 5941 22.9200
 5942 22.8600
 5943 22.8700
 5944 22.9000
 5945 22.9200
 5946 22.9300
 5947 22.9400
 5948 22.9300
 5949 22.9200
 5950 22.9000
 5951 22.8500
 5952 22.8800
 5953 22.9300
 5954 22.9600
 5955 22.9500
 5956 22.9400
 5957 22.9300
 5958 22.9000
 5959 22.8700
 5960 22.8700
 5961 22.8900
 5962 22.9200
 5963 22.9400
 5964 22.9400
 5965 22.9600
 5966 22.9700
 5967 22.9700
 5968 22.9500
 5969 22.9100
 5970 22.8500
 5971 22.8000
 5972 22.8400
 5973 22.9300
 5974 22.9900
 5975 23.0300
 5976 23.0200
 5977 22.9700
 5978 22.9100
 5979 22.9200
 5980 22.9500
 5981 22.9200
 5982 22.8700
 5983 22.8700
 5984 22.8900
 5985 22.9400
 5986 23.0100
 5987 23.0400
 5988 23.0300
 5989 22.9700
 5990 22.8800
 5991 22.8300
 5992 22.8600
 5993 22.9400
 5994 23.0000
 5995 23.0200
 5996 23.0300
 5997 23.0000
 5998 22.9500
 5999 22.9100
 6000 22.8800
 6001 22.8700
 6002 22.9100
 6003 22.9900
 6004 23.0300
 6005 23.0100
 6006 22.9800
 6007 22.9500
 6008 22.9400
 6009 22.9300
 6010 22.9300
 6011 22.9300
 6012 22.9400
 6013 22.9600
 6014 22.9900
 6015 23.0100
 6016 22.9900
 6017 22.9500
 6018 22.9200
 6019 22.9300
 6020 22.9300
 6021 22.9500
 6022 22.9800
 6023 22.9800
 6024 22.9900
 6025 22.9600
 6026 22.9500
 6027 22.9700
 6028 23.0000
 6029 22.9600
 6030 22.9000
 6031 22.8900
 6032 22.9300
 6033 22.9600
 6034 22.9800
 6035 23.0000
 6036 22.9900
 6037 22.9800
 6038 22.9600
 6039 22.9300
 6040 22.9100
 6041 22.9100
 6042 22.9300
 6043 22.9400
 6044 22.9500
 6045 22.9800
 6046 22.9900
 6047 22.9700
 6048 22.9500
 6049 22.9200
 6050 22.9000
 6051 22.9200
 6052 22.9100
 6053 22.9200
 6054 22.9600
 6055 22.9900
 6056 22.9800
 6057 22.9600
 6058 22.9600
 6059 22.9400
 6060 22.9400
 6061 22.9300
 6062 22.9200
 6063 22.9000
 6064 22.9100
 6065 22.9200
 6066 22.9300
 6067 22.9500
 6068 22.9600
 6069 22.9600
 6070 22.9500
 6071 22.9500
 6072 22.9600
 6073 22.9300
 6074 22.9200
 6075 22.9100
 6076 22.9000
 6077 22.9100
 6078 22.9100
 6079 22.9000
 6080 22.9300
 6081 22.9500
 6082 22.9800
 6083 23.0000
 6084 22.9800
 6085 22.9300
 6086 22.8700
 6087 22.8500
 6088 22.8500
 6089 22.8800
 6090 22.9200
 6091 22.9400
 6092 22.9600
 6093 22.9800
 6094 22.9900
 6095 22.9800
 6096 22.9400
 6097 22.8700
 6098 22.8400
 6099 22.8500
 6100 22.9000
 6101 22.9500
 6102 23.0000
 6103 23.0100
 6104 22.9800
 6105 22.9100
 6106 22.8700
 6107 22.8600
 6108 22.8800
 6109 22.9000
 6110 22.9500
 6111 22.9800
 6112 23.0000
 6113 22.9700
 6114 22.9400
 6115 22.8900
 6116 22.8600
 6117 22.8900
 6118 22.9300
 6119 22.9600
 6120 22.9900
 6121 22.9700
 6122 22.9200
 6123 22.8900
 6124 22.8800
 6125 22.9000
 6126 22.9300
 6127 22.9600
 6128 22.9400
 6129 22.9200
 6130 22.9400
 6131 22.9500
 6132 22.9700
 6133 22.9300
 6134 22.9000
 6135 22.8700
 6136 22.8700
 6137 22.8900
 6138 22.9300
 6139 22.9700
 6140 23.0100
 6141 22.9900
 6142 22.9500
 6143 22.9100
 6144 22.8800
 6145 22.8700
 6146 22.8800
 6147 22.9300
 6148 22.9800
 6149 22.9700
 6150 22.9600
 6151 22.9400
 6152 22.9200
 6153 22.9000
 6154 22.8900
 6155 22.9000
 6156 22.9300
 6157 22.9500
 6158 22.9600
 6159 22.9500
 6160 22.9300
 6161 22.9100
 6162 22.8900
 6163 22.8700
 6164 22.8900
 6165 22.9200
 6166 22.9400
 6167 22.9500
 6168 22.9500
 6169 22.9500
 6170 22.9600
 6171 22.9100
 6172 22.8800
 6173 22.8800
 6174 22.8800
 6175 22.9000
 6176 22.9300
 6177 22.9500
 6178 22.9300
 6179 22.9200
 6180 22.9200
 6181 22.9300
 6182 22.9400
 6183 22.9300
 6184 22.9300
 6185 22.9100
 6186 22.9000
 6187 22.8900
 6188 22.8800
 6189 22.9000
 6190 22.9300
 6191 22.9500
 6192 22.9700
 6193 22.9700
 6194 22.9500
 6195 22.9200
 6196 22.9200
 6197 22.9300
 6198 22.9000
 6199 22.8800
 6200 22.8600
 6201 22.8800
 6202 22.9400
 6203 23.0000
 6204 23.0200
 6205 22.9900
 6206 22.9100
 6207 22.8700
 6208 22.8500
 6209 22.8700
 6210 22.9000
 6211 22.9400
 6212 22.9700
 6213 22.9800
 6214 22.9800
 6215 22.9700
 6216 22.9600
 6217 22.9300
 6218 22.9200
 6219 22.9100
 6220 22.9200
 6221 22.9200
 6222 22.9300
 6223 22.9400
 6224 22.9800
 6225 22.9900
 6226 22.9800
 6227 22.9400
 6228 22.9000
 6229 22.8800
 6230 22.9100
 6231 22.9600
 6232 23.0100
 6233 23.0100
 6234 22.9700
 6235 22.9000
 6236 22.8900
 6237 22.9000
 6238 22.9400
 6239 22.9800
 6240 22.9800
 6241 22.9900
 6242 22.9600
 6243 22.9500
 6244 22.9300
 6245 22.9400
 6246 22.9500
 6247 22.9300
 6248 22.9200
 6249 22.9500
 6250 22.9600
 6251 22.9600
 6252 22.9500
 6253 22.9500
 6254 22.9300
 6255 22.9400
 6256 22.9600
 6257 22.9700
 6258 22.9400
 6259 22.9200
 6260 22.9300
 6261 22.9500
 6262 22.9800
 6263 22.9700
 6264 22.9300
 6265 22.9100
 6266 22.9000
 6267 22.9200
 6268 22.9400
 6269 22.9500
 6270 22.9200
 6271 22.9200
 6272 22.9200
 6273 22.9400
 6274 22.9300
 6275 22.9400
 6276 22.9400
 6277 22.9300
 6278 22.9100
 6279 22.9000
 6280 22.9000
 6281 22.9000
 6282 22.9200
 6283 22.9200
 6284 22.9300
 6285 22.9000
 6286 22.8800
 6287 22.8700
 6288 22.9100
 6289 22.9100
 6290 22.9100
 6291 22.9300
 6292 22.8900
 6293 22.8900
 6294 22.8700
 6295 22.8500
 6296 22.8700
 6297 22.8900
 6298 22.8800
 6299 22.8700
 6300 22.8600
 6301 22.8900
 6302 22.9300
 6303 22.9300
 6304 22.8500
 6305 22.8000
 6306 22.7900
 6307 22.8800
 6308 22.9600
 6309 22.9700
 6310 22.9100
 6311 22.8200
 6312 22.8100
 6313 22.8500
 6314 22.8700
 6315 22.8300
 6316 22.8300
 6317 22.8400
 6318 22.8900
 6319 22.8900
 6320 22.8700
 6321 22.8400
 6322 22.8000
 6323 22.8100
 6324 22.8300
 6325 22.8400
 6326 22.8500
 6327 22.9000
 6328 22.9400
 6329 22.9100
 6330 22.8600
 6331 22.8500
 6332 22.8000
 6333 22.7600
 6334 22.7800
 6335 22.8200
 6336 22.8600
 6337 22.8400
 6338 22.8700
 6339 22.8600
 6340 22.9000
 6341 22.9000
 6342 22.8400
 6343 22.8200
 6344 22.7800
 6345 22.8000
 6346 22.8200
 6347 22.8400
 6348 22.8600
 6349 22.8700
 6350 22.8900
 6351 22.9000
 6352 22.8400
 6353 22.8500
 6354 22.8100
 6355 22.8300
 6356 22.8100
 6357 22.7800
 6358 22.8100
 6359 22.8700
 6360 22.8500
 6361 22.8900
 6362 22.8600
 6363 22.8500
 6364 22.8900
 6365 22.8700
 6366 22.8700
 6367 22.8600
 6368 22.8200
 6369 22.7600
 6370 22.7700
 6371 22.8200
 6372 22.8700
 6373 22.9400
 6374 22.9400
 6375 22.9200
 6376 22.9000
 6377 22.8100
 6378 22.8100
 6379 22.7900
 6380 22.8200
 6381 22.8500
 6382 22.9000
 6383 22.9100
 6384 22.8400
 6385 22.8500
 6386 22.8600
 6387 22.8500
 6388 22.8600
 6389 22.8500
 6390 22.8600
 6391 22.8900
 6392 22.9100
 6393 22.8600
 6394 22.8600
 6395 22.8600
 6396 22.8300
 6397 22.8400
 6398 22.8500
 6399 22.8600
 6400 22.8800
 6401 22.8800
 6402 22.8700
 6403 22.9000
 6404 22.8800
 6405 22.8800
 6406 22.8800
 6407 22.8500
 6408 22.8100
 6409 22.8000
 6410 22.7900
 6411 22.8900
 6412 22.9200
 6413 22.9500
 6414 22.9400
 6415 22.9100
 6416 22.8600
 6417 22.8100
 6418 22.8000
 6419 22.8300
 6420 22.8100
 6421 22.8500
 6422 22.9100
 6423 22.9200
 6424 22.9100
 6425 22.9100
 6426 22.8700
 6427 22.8300
 6428 22.8200
 6429 22.8600
 6430 22.8400
 6431 22.8300
 6432 22.8500
 6433 22.8500
 6434 22.8800
 6435 22.9100
 6436 22.9200
 6437 22.8700
 6438 22.8600
 6439 22.8400
 6440 22.8300
 6441 22.8500
 6442 22.8700
 6443 22.8700
 6444 22.9000
 6445 22.8900
 6446 22.8300
 6447 22.8300
 6448 22.8300
 6449 22.8600
 6450 22.8800
 6451 22.8700
 6452 22.9000
 6453 22.9000
 6454 22.9000
 6455 22.9000
 6456 22.8600
 6457 22.8100
 6458 22.8100
 6459 22.7900
 6460 22.8400
 6461 22.9000
 6462 22.9400
 6463 22.9600
 6464 22.8800
 6465 22.8500
 6466 22.8000
 6467 22.8100
 6468 22.8300
 6469 22.8300
 6470 22.8900
 6471 22.9500
 6472 22.9300
 6473 22.9200
 6474 22.8700
 6475 22.8400
 6476 22.8000
 6477 22.8000
 6478 22.8300
 6479 22.8800
 6480 22.9100
 6481 22.9400
 6482 22.9400
 6483 22.8900
 6484 22.8700
 6485 22.8500
 6486 22.8600
 6487 22.8900
 6488 22.8600
 6489 22.8500
 6490 22.8400
 6491 22.8600
 6492 22.9100
 6493 22.9500
 6494 22.9600
 6495 22.9200
 6496 22.8500
 6497 22.8000
 6498 22.8100
 6499 22.8700
 6500 22.9200
 6501 22.9400
 6502 22.9200
 6503 22.9200
 6504 22.9300
 6505 22.8900
 6506 22.8600
 6507 22.8300
 6508 22.8500
 6509 22.9300
 6510 22.9700
 6511 22.9600
 6512 22.9400
 6513 22.8500
 6514 22.8100
 6515 22.8200
 6516 22.8300
 6517 22.9200
 6518 22.9900
 6519 22.9900
 6520 22.9400
 6521 22.8900
 6522 22.8700
 6523 22.8600
 6524 22.8800
 6525 22.9000
 6526 22.9400
 6527 22.9300
 6528 22.9000
 6529 22.8700
 6530 22.8700
 6531 22.9100
 6532 22.9400
 6533 22.9100
 6534 22.8800
 6535 22.9000
 6536 22.9100
 6537 22.9200
 6538 22.9500
 6539 22.9400
 6540 22.9000
 6541 22.8700
 6542 22.8800
 6543 22.8500
 6544 22.8800
 6545 22.8900
 6546 22.9200
 6547 22.9300
 6548 22.9700
 6549 22.9400
 6550 22.9200
 6551 22.9000
 6552 22.8800
 6553 22.8600
 6554 22.8700
 6555 22.9100
 6556 22.9400
 6557 22.9500
 6558 22.9400
 6559 22.9200
 6560 22.8800
 6561 22.8800
 6562 22.8800
 6563 22.8900
 6564 22.9000
 6565 22.8900
 6566 22.9400
 6567 22.9700
 6568 22.9300
 6569 22.8700
 6570 22.8500
 6571 22.8400
 6572 22.8800
 6573 22.9300
 6574 22.9400
 6575 22.9400
 6576 22.9300
 6577 22.8800
 6578 22.8600
 6579 22.8400
 6580 22.8600
 6581 22.8900
 6582 22.9000
 6583 22.9300
 6584 22.9400
 6585 22.8900
 6586 22.8900
 6587 22.8400
 6588 22.8200
 6589 22.8300
 6590 22.9000
 6591 22.9600
 6592 22.9400
 6593 22.8900
 6594 22.8400
 6595 22.8000
 6596 22.8200
 6597 22.8600
 6598 22.9100
 6599 22.9300
 6600 22.9200
 6601 22.9000
 6602 22.8700
 6603 22.8300
 6604 22.8300
 6605 22.8600
 6606 22.8700
 6607 22.8900
 6608 22.8900
 6609 22.9000
 6610 22.8700
 6611 22.8500
 6612 22.8500
 6613 22.8700
 6614 22.9000
 6615 22.9200
 6616 22.9000
 6617 22.8700
 6618 22.8200
 6619 22.7800
 6620 22.8400
 6621 22.9100
 6622 22.9300
 6623 22.9200
 6624 22.8800
 6625 22.8800
 6626 22.8800
 6627 22.8900
 6628 22.8800
 6629 22.8400
 6630 22.8200
 6631 22.8300
 6632 22.8500
 6633 22.8800
 6634 22.8900
 6635 22.9000
 6636 22.9000
 6637 22.9000
 6638 22.9000
 6639 22.8700
 6640 22.8400
 6641 22.8500
 6642 22.8800
 6643 22.8900
 6644 22.8700
 6645 22.8700
 6646 22.8500
 6647 22.8200
 6648 22.8400
 6649 22.8700
 6650 22.9000
 6651 22.9400
 6652 22.9500
 6653 22.9400
 6654 22.8800
 6655 22.8200
 6656 22.8000
 6657 22.8100
 6658 22.8400
 6659 22.8900
 6660 22.9300
 6661 22.9200
 6662 22.9000
 6663 22.9100
 6664 22.9100
 6665 22.8900
 6666 22.8500
 6667 22.8400
 6668 22.8500
 6669 22.8700
 6670 22.8900
 6671 22.9000
 6672 22.9200
 6673 22.9000
 6674 22.8800
 6675 22.8700
 6676 22.8600
 6677 22.8600
 6678 22.9000
 6679 22.9600
 6680 22.9400
 6681 22.8900
 6682 22.8600
 6683 22.8300
 6684 22.8400
 6685 22.8700
 6686 22.8700
 6687 22.8800
 6688 22.9100
 6689 22.9600
 6690 22.9800
 6691 22.9200
 6692 22.8500
 6693 22.8100
 6694 22.8100
 6695 22.8700
 6696 22.9300
 6697 22.9300
 6698 22.8900
 6699 22.8800
 6700 22.8900
 6701 22.9100
 6702 22.9200
 6703 22.9100
 6704 22.8800
 6705 22.8500
 6706 22.8700
 6707 22.8800
 6708 22.8800
 6709 22.8700
 6710 22.8700
 6711 22.8700
 6712 22.9000
 6713 22.9400
 6714 22.9200
 6715 22.8900
 6716 22.8600
 6717 22.8300
 6718 22.8300
 6719 22.8700
 6720 22.8900
 6721 22.9200
 6722 22.9300
 6723 22.9200
 6724 22.8800
 6725 22.8400
 6726 22.8300
 6727 22.8400
 6728 22.8500
 6729 22.8600
 6730 22.8700
 6731 22.8800
 6732 22.9100
 6733 22.9100
 6734 22.9100
 6735 22.8700
 6736 22.8200
 6737 22.8000
 6738 22.8100
 6739 22.8500
 6740 22.9000
 6741 22.9400
 6742 22.9200
 6743 22.8900
 6744 22.8600
 6745 22.8100
 6746 22.7800
 6747 22.8300
 6748 22.8800
 6749 22.9000
 6750 22.9000
 6751 22.8800
 6752 22.8600
 6753 22.8500
 6754 22.8500
 6755 22.8500
 6756 22.8500
 6757 22.8500
 6758 22.8700
 6759 22.8700
 6760 22.8600
 6761 22.8800
 6762 22.8700
 6763 22.8600
 6764 22.8400
 6765 22.8400
 6766 22.8400
 6767 22.8400
 6768 22.8600
 6769 22.8900
 6770 22.8800
 6771 22.8800
 6772 22.8600
 6773 22.8600
 6774 22.8400
 6775 22.8300
 6776 22.8400
 6777 22.8500
 6778 22.8600
 6779 22.8800
 6780 22.8800
 6781 22.8600
 6782 22.8400
 6783 22.8300
 6784 22.8300
 6785 22.8600
 6786 22.8900
 6787 22.9100
 6788 22.9100
 6789 22.9000
 6790 22.8700
 6791 22.8300
 6792 22.8100
 6793 22.8100
 6794 22.8300
 6795 22.8700
 6796 22.9100
 6797 22.9400
 6798 22.9300
 6799 22.8900
 6800 22.8600
 6801 22.8500
 6802 22.8400
 6803 22.8400
 6804 22.8400
 6805 22.8700
 6806 22.9100
 6807 22.9300
 6808 22.9300
 6809 22.8900
 6810 22.8600
 6811 22.8500
 6812 22.8500
 6813 22.8700
 6814 22.8900
 6815 22.9000
 6816 22.9000
 6817 22.8700
 6818 22.8600
 6819 22.8400
 6820 22.8400
 6821 22.8600
 6822 22.9000
 6823 22.9100
 6824 22.9200
 6825 22.8900
 6826 22.8700
 6827 22.8400
 6828 22.8700
 6829 22.8700
 6830 22.8600
 6831 22.8400
 6832 22.8500
 6833 22.8800
 6834 22.9100
 6835 22.8900
 6836 22.8600
 6837 22.8700
 6838 22.8500
 6839 22.8500
 6840 22.8400
 6841 22.8800
 6842 22.8700
 6843 22.8900
 6844 22.8900
 6845 22.8800
 6846 22.8600
 6847 22.8400
 6848 22.8200
 6849 22.8100
 6850 22.8500
 6851 22.8900
 6852 22.9000
 6853 22.8900
 6854 22.8700
 6855 22.8600
 6856 22.8300
 6857 22.8100
 6858 22.8000
 6859 22.8300
 6860 22.8700
 6861 22.9000
 6862 22.9100
 6863 22.9000
 6864 22.8500
 6865 22.8200
 6866 22.8100
 6867 22.8100
 6868 22.8300
 6869 22.8600
 6870 22.9000
 6871 22.8900
 6872 22.8600
 6873 22.8400
 6874 22.8300
 6875 22.8200
 6876 22.8500
 6877 22.8700
 6878 22.8800
 6879 22.8800
 6880 22.9000
 6881 22.9000
 6882 22.8600
 6883 22.8200
 6884 22.8000
 6885 22.8000
 6886 22.8300
 6887 22.8800
 6888 22.9300
 6889 22.9300
 6890 22.9200
 6891 22.8900
 6892 22.8400
 6893 22.8200
 6894 22.8200
 6895 22.8300
 6896 22.8600
 6897 22.9000
 6898 22.9300
 6899 22.9300
 6900 22.9100
 6901 22.8600
 6902 22.8200
 6903 22.8500
 6904 22.8600
 6905 22.8700
 6906 22.8900
 6907 22.9300
 6908 22.9200
 6909 22.8800
 6910 22.8500
 6911 22.8600
 6912 22.8800
 6913 22.9000
 6914 22.8900
 6915 22.8900
 6916 22.8900
 6917 22.8700
 6918 22.8700
 6919 22.9000
 6920 22.9200
 6921 22.9000
 6922 22.9100
 6923 22.8900
 6924 22.9000
 6925 22.8700
 6926 22.8600
 6927 22.8500
 6928 22.8800
 6929 22.9000
 6930 22.9100
 6931 22.9300
 6932 22.9300
 6933 22.9100
 6934 22.8900
 6935 22.8500
 6936 22.8600
 6937 22.8700
 6938 22.9000
 6939 22.9100
 6940 22.8800
 6941 22.9100
 6942 22.9000
 6943 22.9100
 6944 22.9100
 6945 22.8600
 6946 22.8400
 6947 22.8600
 6948 22.9000
 6949 22.9100
 6950 22.8900
 6951 22.9300
 6952 22.8900
 6953 22.8600
 6954 22.8700
 6955 22.8700
 6956 22.8400
 6957 22.8500
 6958 22.8900
 6959 22.9300
 6960 22.9500
 6961 22.9400
 6962 22.8800
 6963 22.8300
 6964 22.8100
 6965 22.8200
 6966 22.8500
 6967 22.9000
 6968 22.9100
 6969 22.9200
 6970 22.9200
 6971 22.8900
 6972 22.8700
 6973 22.8400
 6974 22.8400
 6975 22.8300
 6976 22.8800
 6977 22.9100
 6978 22.8900
 6979 22.9000
 6980 22.9000
 6981 22.8600
 6982 22.8300
 6983 22.8600
 6984 22.8700
 6985 22.8700
 6986 22.9200
 6987 22.9000
 6988 22.8800
 6989 22.8900
 6990 22.9000
 6991 22.8500
 6992 22.8300
 6993 22.8500
 6994 22.8300
 6995 22.8900
 6996 22.9000
 6997 22.9400
 6998 22.9500
 6999 22.9100
 7000 22.9000
 7001 22.8700
 7002 22.8300
 7003 22.8300
 7004 22.8600
 7005 22.9000
 7006 22.9400
 7007 22.9700
 7008 22.9500
 7009 22.9100
 7010 22.8900
 7011 22.8500
 7012 22.8900
 7013 22.9300
 7014 22.9300
 7015 22.9200
 7016 22.9100
 7017 22.9100
 7018 22.9100
 7019 22.9100
 7020 22.9200
 7021 22.9200
 7022 22.9500
 7023 22.9500
 7024 22.9500
 7025 22.9400
 7026 22.9300
 7027 22.9300
 7028 22.9500
 7029 22.9500
 7030 22.9300
 7031 22.9100
 7032 22.9200
 7033 22.9400
 7034 22.9700
 7035 22.9900
 7036 22.9700
 7037 22.9700
 7038 22.9700
 7039 22.9700
 7040 22.9300
 7041 22.9200
 7042 22.9000
 7043 22.9200
 7044 22.9600
 7045 22.9900
 7046 23.0100
 7047 23.0000
 7048 22.9900
 7049 22.9500
 7050 22.9200
 7051 22.9400
 7052 22.9300
 7053 22.9400
 7054 22.9500
 7055 22.9700
 7056 22.9900
 7057 23.0000
 7058 22.9900
 7059 22.9700
 7060 22.9200
 7061 22.8900
 7062 22.8900
 7063 22.9400
 7064 23.0000
 7065 22.9900
 7066 22.9900
 7067 22.9600
 7068 22.9300
 7069 22.9300
 7070 22.9200
 7071 22.9200
 7072 22.9300
 7073 22.9500
 7074 22.9700
 7075 22.9700
 7076 22.9500
 7077 22.9300
 7078 22.9200
 7079 22.9200
 7080 22.9200
 7081 22.9300
 7082 22.9400
 7083 22.9500
 7084 22.9300
 7085 22.9200
 7086 22.9300
 7087 22.9300
 7088 22.9200
 7089 22.9300
 7090 22.9200
 7091 22.9100
 7092 22.9200
 7093 22.9600
 7094 22.9800
 7095 22.9500
 7096 22.9200
 7097 22.9100
 7098 22.8900
 7099 22.8900
 7100 22.9100
 7101 22.9400
 7102 22.9600
 7103 22.9700
 7104 22.9500
 7105 22.9200
 7106 22.9200
 7107 22.9100
 7108 22.9100
 7109 22.9200
 7110 22.9200
 7111 22.9400
 7112 22.9500
 7113 22.9600
 7114 22.9400
 7115 22.9500
 7116 22.9500
 7117 22.9000
 7118 22.9000
 7119 22.9000
 7120 22.9300
 7121 22.9600
 7122 22.9900
 7123 22.9900
 7124 22.9700
 7125 22.9500
 7126 22.9300
 7127 22.9200
 7128 22.9000
 7129 22.9200
 7130 22.9600
 7131 22.9800
 7132 22.9700
 7133 22.9700
 7134 22.9600
 7135 22.9700
 7136 22.9700
 7137 22.9600
 7138 22.9500
 7139 22.9500
