    0 0.2500
    1 0.2500
    2 0.2500
    3 0.2500
    4 0.2500
    5 0.2500
    6 0.2500
    7 0.2500
    8 0.2500
    9 0.2500
   10 0.2500
   11 0.2500
   12 0.2500
   13 0.2500
   14 0.2500
   15 0.2500
   16 0.2500
   17 0.2500
   18 0.2500
   19 0.2500
   20 0.2500
   21 0.2500
   22 0.2500
   23 0.2500
   24 0.2500
   25 0.2500
   26 0.2500
   27 0.2500
   28 0.2500
   29 0.2500
   30 0.2500
   31 0.2500
   32 0.2500
   33 0.2500
   34 0.2500
   35 0.2500
   36 0.2500
   37 0.2500
   38 0.2500
   39 0.2500
   40 0.2500
   41 0.2500
   42 0.2500
   43 0.2500
   44 0.2500
   45 0.2500
   46 0.2500
   47 0.2500
   48 0.2500
   49 0.2500
   50 0.2500
   51 0.2500
   52 0.2500
   53 0.2500
   54 0.2500
   55 0.2500
   56 0.2500
   57 0.2500
   58 0.2500
   59 0.2500
   60 0.2500
   61 0.2500
   62 0.2500
   63 0.2500
   64 0.2500
   65 0.2500
   66 0.2500
   67 0.2500
   68 0.2500
   69 0.2500
   70 0.2500
   71 0.2500
   72 0.2500
   73 0.2500
   74 0.2500
   75 0.2500
   76 0.2500
   77 0.2500
   78 0.2500
   79 0.2500
   80 0.2500
   81 0.2500
   82 0.2500
   83 0.2500
   84 0.2500
   85 0.2500
   86 0.2500
   87 0.2500
   88 0.2500
   89 0.2500
   90 0.2500
   91 0.2500
   92 0.2500
   93 0.2500
   94 0.2500
   95 0.2500
   96 0.2500
   97 0.2500
   98 0.2500
   99 0.2500
  100 0.2500
  101 0.2500
  102 0.2500
  103 0.2500
  104 0.2500
  105 0.2500
  106 0.2500
  107 0.2500
  108 0.2500
  109 0.2500
  110 0.2500
  111 0.2500
  112 0.2500
  113 0.2500
  114 0.2500
  115 0.2500
  116 0.2500
  117 0.2500
  118 0.2500
  119 0.2500
  120 0.2500
  121 0.2500
  122 0.2500
  123 0.2500
  124 0.2500
  125 0.2500
  126 0.2500
  127 0.2500
  128 0.2500
  129 0.2500
  130 0.2500
  131 0.2500
  132 0.2500
  133 0.2500
  134 0.2500
  135 0.2500
  136 0.2500
  137 0.2500
  138 0.2500
  139 0.2500
  140 0.2500
  141 0.2500
  142 0.2500
  143 0.2500
  144 0.2500
  145 0.2500
  146 0.2500
  147 0.2500
  148 0.2500
  149 0.2500
  150 0.2500
  151 0.2500
  152 0.2500
  153 0.2500
  154 0.2500
  155 0.2500
  156 0.2500
  157 0.2500
  158 0.2500
  159 0.2500
  160 0.2500
  161 0.2500
  162 0.2500
  163 0.2500
  164 0.2500
  165 0.2500
  166 0.2500
  167 0.2500
  168 0.2500
  169 0.2500
  170 0.2500
  171 0.2500
  172 0.2500
  173 0.2500
  174 0.2500
  175 0.2500
  176 0.2500
  177 0.2500
  178 0.2500
  179 0.2500
  180 0.2500
  181 0.2500
  182 0.2500
  183 0.2500
  184 0.2500
  185 0.2500
  186 0.2500
  187 0.2500
  188 0.2500
  189 0.2500
  190 0.2500
  191 0.2500
  192 0.2500
  193 0.2500
  194 0.2500
  195 0.2500
  196 0.2500
  197 0.2500
  198 0.2500
  199 0.2500
  200 0.2500
  201 0.2500
  202 0.2500
  203 0.2500
  204 0.2500
  205 0.2500
  206 0.2500
  207 0.2500
  208 0.2500
  209 0.2500
  210 0.2500
  211 0.2500
  212 0.2500
  213 0.2500
  214 0.2500
  215 0.2500
  216 0.2500
  217 0.2500
  218 0.2500
  219 0.2500
  220 0.2500
  221 0.2500
  222 0.2500
  223 0.2500
  224 0.2500
  225 0.2500
  226 0.2500
  227 0.2500
  228 0.2500
  229 0.2500
  230 0.2500
  231 0.2500
  232 0.2500
  233 0.2500
  234 0.2500
  235 0.2500
  236 0.2500
  237 0.2500
  238 0.2500
  239 0.2500
  240 0.2500
  241 0.2500
  242 0.2500
  243 0.2500
  244 0.2500
  245 0.2500
  246 0.2500
  247 0.2500
  248 0.2500
  249 0.2500
  250 0.2500
  251 0.2500
  252 0.2500
  253 0.2500
  254 0.2500
  255 0.2500
  256 0.2500
  257 0.2500
  258 0.2500
  259 0.2500
  260 0.2500
  261 0.2500
  262 0.2500
  263 0.2500
  264 0.2500
  265 0.2500
  266 0.2500
  267 0.2500
  268 0.2500
  269 0.2500
  270 0.2500
  271 0.2500
  272 0.2500
  273 0.2500
  274 0.2500
  275 0.2500
  276 0.2500
  277 0.2500
  278 0.2500
  279 0.2500
  280 0.2500
  281 0.2500
  282 0.2500
  283 0.2500
  284 0.2500
  285 0.2500
  286 0.2500
  287 0.2500
  288 0.2500
  289 0.2500
  290 0.2500
  291 0.2500
  292 0.2500
  293 0.2500
  294 0.2500
  295 0.2500
  296 0.2500
  297 0.2500
  298 0.2500
  299 0.2500
  300 0.2500
  301 0.2500
  302 0.2500
  303 0.2500
  304 0.2500
  305 0.2500
  306 0.2500
  307 0.2500
  308 0.2500
  309 0.2500
  310 0.2500
  311 0.2500
  312 0.2500
  313 0.2500
  314 0.2500
  315 0.2500
  316 0.2500
  317 0.2500
  318 0.2500
  319 0.2500
  320 0.2500
  321 0.2500
  322 0.2500
  323 0.2500
  324 0.2500
  325 0.2500
  326 0.2500
  327 0.2500
  328 0.2500
  329 0.2500
  330 0.2500
  331 0.2500
  332 0.2500
  333 0.2500
  334 0.2500
  335 0.2500
  336 0.2500
  337 0.2500
  338 0.2500
  339 0.2500
  340 0.2500
  341 0.2500
  342 0.2500
  343 0.2500
  344 0.2500
  345 0.2500
  346 0.2500
  347 0.2500
  348 0.2500
  349 0.2500
  350 0.2500
  351 0.2500
  352 0.2500
  353 0.2500
  354 0.2500
  355 0.2500
  356 0.2500
  357 0.2500
  358 0.2500
  359 0.2500
  360 0.2500
  361 0.2500
  362 0.2500
  363 0.2500
  364 0.2500
  365 0.2500
  366 0.2500
  367 0.2500
  368 0.2500
  369 0.2500
  370 0.2500
  371 0.2500
  372 0.2500
  373 0.2500
  374 0.2500
  375 0.2500
  376 0.2500
  377 0.2500
  378 0.2500
  379 0.2500
  380 0.2500
  381 0.2500
  382 0.2500
  383 0.2500
  384 0.2500
  385 0.2500
  386 0.2500
  387 0.2500
  388 0.2500
  389 0.2500
  390 0.2500
  391 0.2500
  392 0.2500
  393 0.2500
  394 0.2500
  395 0.2500
  396 0.2500
  397 0.2500
  398 0.2500
  399 0.2500
  400 0.2500
  401 0.2500
  402 0.2500
  403 0.2500
  404 0.2500
  405 0.2500
  406 0.2500
  407 0.2500
  408 0.2500
  409 0.2500
  410 0.2500
  411 0.2500
  412 0.2500
  413 0.2500
  414 0.2500
  415 0.2500
  416 0.2500
  417 0.2500
  418 0.2500
  419 0.2500
  420 0.2500
  421 0.2500
  422 0.2500
  423 0.2500
  424 0.2500
  425 0.2500
  426 0.2500
  427 0.2500
  428 0.2500
  429 0.2500
  430 0.2500
  431 0.2500
  432 0.2500
  433 0.2500
  434 0.2500
  435 0.2500
  436 0.2500
  437 0.2500
  438 0.2500
  439 0.2500
  440 0.2500
  441 0.2500
  442 0.2500
  443 0.2500
  444 0.2500
  445 0.2500
  446 0.2500
  447 0.2500
  448 0.2500
  449 0.2500
  450 0.2500
  451 0.2500
  452 0.2500
  453 0.2500
  454 0.2500
  455 0.2500
  456 0.2500
  457 0.2500
  458 0.2500
  459 0.2500
  460 0.2500
  461 0.2500
  462 0.2500
  463 0.2500
  464 0.2500
  465 0.2500
  466 0.2500
  467 0.2500
  468 0.2500
  469 0.2500
  470 0.2500
  471 0.2500
  472 0.2500
  473 0.2500
  474 0.2500
  475 0.2500
  476 0.2500
  477 0.2500
  478 0.2500
  479 0.2500
  480 0.2500
  481 0.2500
  482 0.2500
  483 0.2500
  484 0.2500
  485 0.2500
  486 0.2500
  487 0.2500
  488 0.2500
  489 0.2500
  490 0.2500
  491 0.2500
  492 0.2500
  493 0.2500
  494 0.2500
  495 0.2500
  496 0.2500
  497 0.2500
  498 0.2500
  499 0.2500
  500 0.2500
  501 0.2500
  502 0.2500
  503 0.2500
  504 0.2500
  505 0.2500
  506 0.2500
  507 0.2500
  508 0.2500
  509 0.2500
  510 0.2500
  511 0.2500
  512 0.2500
  513 0.2500
  514 0.2500
  515 0.2500
  516 0.2500
  517 0.2500
  518 0.2500
  519 0.2500
  520 0.2500
  521 0.2500
  522 0.2500
  523 0.2500
  524 0.2500
  525 0.2500
  526 0.2500
  527 0.2500
  528 0.2500
  529 0.2500
  530 0.2500
  531 0.2500
  532 0.2500
  533 0.2500
  534 0.2500
  535 0.2500
  536 0.2500
  537 0.2500
  538 0.2500
  539 0.2500
  540 0.2500
  541 0.2500
  542 0.2500
  543 0.2500
  544 0.2500
  545 0.2500
  546 0.2500
  547 0.2500
  548 0.2500
  549 0.2500
  550 0.2500
  551 0.2500
  552 0.2500
  553 0.2500
  554 0.2500
  555 0.2500
  556 0.2500
  557 0.2500
  558 0.2500
  559 0.2500
  560 0.2500
  561 0.2500
  562 0.2500
  563 0.2500
  564 0.2500
  565 0.2500
  566 0.2500
  567 0.2500
  568 0.2500
  569 0.2500
  570 0.2500
  571 0.2500
  572 0.2500
  573 0.2500
  574 0.2500
  575 0.2500
  576 0.2500
  577 0.2500
  578 0.2500
  579 0.2500
  580 0.2500
  581 0.2500
  582 0.2500
  583 0.2500
  584 0.2500
  585 0.2500
  586 0.2500
  587 0.2500
  588 0.2500
  589 0.2500
  590 0.2500
  591 0.2500
  592 0.2500
  593 0.2500
  594 0.2500
  595 0.2500
  596 0.2500
  597 0.2500
  598 0.2500
  599 0.2500
  600 0.2500
  601 0.2500
  602 0.2500
  603 0.2500
  604 0.2500
  605 0.2500
  606 0.2500
  607 0.2500
  608 0.2500
  609 0.2500
  610 0.2500
  611 0.2500
  612 0.2500
  613 0.2500
  614 0.2500
  615 0.2500
  616 0.2500
  617 0.2500
  618 0.2500
  619 0.2500
  620 0.2500
  621 0.2500
  622 0.2500
  623 0.2500
  624 0.2500
  625 0.2500
  626 0.2500
  627 0.2500
  628 0.2500
  629 0.2500
  630 0.2500
  631 0.2500
  632 0.2500
  633 0.2500
  634 0.2500
  635 0.2500
  636 0.2500
  637 0.2500
  638 0.2500
  639 0.2500
  640 0.2500
  641 0.2500
  642 0.2500
  643 0.2500
  644 0.2500
  645 0.2500
  646 0.2500
  647 0.2500
  648 0.2500
  649 0.2500
  650 0.2500
  651 0.2500
  652 0.2500
  653 0.2500
  654 0.2500
  655 0.2500
  656 0.2500
  657 0.2500
  658 0.2500
  659 0.2500
  660 0.2500
  661 0.2500
  662 0.2500
  663 0.2500
  664 0.2500
  665 0.2500
  666 0.2500
  667 0.2500
  668 0.2500
  669 0.2500
  670 0.2500
  671 0.2500
  672 0.2500
  673 0.2500
  674 0.2500
  675 0.2500
  676 0.2500
  677 0.2500
  678 0.2500
  679 0.2500
  680 0.2500
  681 0.2500
  682 0.2500
  683 0.2500
  684 0.2500
  685 0.2500
  686 0.2500
  687 0.2500
  688 0.2500
  689 0.2500
  690 0.2500
  691 0.2500
  692 0.2500
  693 0.2500
  694 0.2500
  695 0.2500
  696 0.2500
  697 0.2500
  698 0.2500
  699 0.2500
  700 0.2500
  701 0.2500
  702 0.2500
  703 0.2500
  704 0.2500
  705 0.2500
  706 0.2500
  707 0.2500
  708 0.2500
  709 0.2500
  710 0.2500
  711 0.2500
  712 0.2500
  713 0.2500
  714 0.2500
  715 0.2500
  716 0.2500
  717 0.2500
  718 0.2500
  719 0.2500
  720 0.2500
  721 0.2500
  722 0.2500
  723 0.2500
  724 0.2500
  725 0.2500
  726 0.2500
  727 0.2500
  728 0.2500
  729 0.2500
  730 0.2500
  731 0.2500
  732 0.2500
  733 0.2500
  734 0.2500
  735 0.2500
  736 0.2500
  737 0.2500
  738 0.2500
  739 0.2500
  740 0.2500
  741 0.2500
  742 0.2500
  743 0.2500
  744 0.2500
  745 0.2500
  746 0.2500
  747 0.2500
  748 0.2500
  749 0.2500
  750 0.2500
  751 0.2500
  752 0.2500
  753 0.2500
  754 0.2500
  755 0.2500
  756 0.2500
  757 0.2500
  758 0.2500
  759 0.2500
  760 0.2500
  761 0.2500
  762 0.2500
  763 0.2500
  764 0.2500
  765 0.2500
  766 0.2500
  767 0.2500
  768 0.2500
  769 0.2500
  770 0.2500
  771 0.2500
  772 0.2500
  773 0.2500
  774 0.2500
  775 0.2500
  776 0.2500
  777 0.2500
  778 0.2500
  779 0.2500
  780 0.2500
  781 0.2500
  782 0.2500
  783 0.2500
  784 0.2500
  785 0.2500
  786 0.2500
  787 0.2500
  788 0.2500
  789 0.2500
  790 0.2500
  791 0.2500
  792 0.2500
  793 0.2500
  794 0.2500
  795 0.2500
  796 0.2500
  797 0.2500
  798 0.2500
  799 0.2500
  800 0.2500
  801 0.2500
  802 0.2500
  803 0.2500
  804 0.2500
  805 0.2500
  806 0.2500
  807 0.2500
  808 0.2500
  809 0.2500
  810 0.2500
  811 0.2500
  812 0.2500
  813 0.2500
  814 0.2500
  815 0.2500
  816 0.2500
  817 0.2500
  818 0.2500
  819 0.2500
  820 0.2500
  821 0.2500
  822 0.2500
  823 0.2500
  824 0.2500
  825 0.2500
  826 0.2500
  827 0.2500
  828 0.2500
  829 0.2500
  830 0.2500
  831 0.2500
  832 0.2500
  833 0.2500
  834 0.2500
  835 0.2500
  836 0.2500
  837 0.2500
  838 0.2500
  839 0.2500
  840 0.2500
  841 0.2500
  842 0.2500
  843 0.2500
  844 0.2500
  845 0.2500
  846 0.2500
  847 0.2500
  848 0.2500
  849 0.2500
  850 0.2500
  851 0.2500
  852 0.2500
  853 0.2500
  854 0.2400
  855 0.2500
  856 0.2500
  857 0.2500
  858 0.2500
  859 0.2500
  860 0.2500
  861 0.2500
  862 0.2500
  863 0.2500
  864 0.2500
  865 0.2500
  866 0.2500
  867 0.2500
  868 0.2500
  869 0.2500
  870 0.2500
  871 0.2500
  872 0.2500
  873 0.2500
  874 0.2500
  875 0.2400
  876 0.2500
  877 0.2500
  878 0.2500
  879 0.2500
  880 0.2500
  881 0.2500
  882 0.2500
  883 0.2500
  884 0.2500
  885 0.2500
  886 0.2500
  887 0.2500
  888 0.2500
  889 0.2400
  890 0.2500
  891 0.2500
  892 0.2500
  893 0.2500
  894 0.2500
  895 0.2500
  896 0.2500
  897 0.2500
  898 0.2500
  899 0.2500
  900 0.2500
  901 0.2400
  902 0.2500
  903 0.2500
  904 0.2500
  905 0.2500
  906 0.2500
  907 0.2500
  908 0.2500
  909 0.2500
  910 0.2500
  911 0.2400
  912 0.2500
  913 0.2500
  914 0.2500
  915 0.2500
  916 0.2500
  917 0.2500
  918 0.2500
  919 0.2500
  920 0.2500
  921 0.2400
  922 0.2500
  923 0.2500
  924 0.2500
  925 0.2500
  926 0.2500
  927 0.2500
  928 0.2500
  929 0.2400
  930 0.2500
  931 0.2500
  932 0.2500
  933 0.2500
  934 0.2500
  935 0.2500
  936 0.2500
  937 0.2500
  938 0.2400
  939 0.2500
  940 0.2500
  941 0.2500
  942 0.2500
  943 0.2500
  944 0.2500
  945 0.2400
  946 0.2500
  947 0.2500
  948 0.2500
  949 0.2500
  950 0.2500
  951 0.2500
  952 0.2500
  953 0.2400
  954 0.2500
  955 0.2500
  956 0.2500
  957 0.2500
  958 0.2500
  959 0.2500
  960 0.2400
  961 0.2500
  962 0.2500
  963 0.2500
  964 0.2500
  965 0.2500
  966 0.2500
  967 0.2400
  968 0.2500
  969 0.2500
  970 0.2500
  971 0.2500
  972 0.2500
  973 0.2500
  974 0.2400
  975 0.2500
  976 0.2500
  977 0.2500
  978 0.2500
  979 0.2500
  980 0.2500
  981 0.2400
  982 0.2500
  983 0.2500
  984 0.2500
  985 0.2500
  986 0.2500
  987 0.2400
  988 0.2500
  989 0.2500
  990 0.2500
  991 0.2500
  992 0.2500
  993 0.2400
  994 0.2500
  995 0.2500
  996 0.2500
  997 0.2500
  998 0.2500
  999 0.2400
 1000 0.2500
 1001 0.2500
 1002 0.2500
 1003 0.2500
 1004 0.2500
 1005 0.2400
 1006 0.2500
 1007 0.2500
 1008 0.2500
 1009 0.2500
 1010 0.2500
 1011 0.2400
 1012 0.2500
 1013 0.2500
 1014 0.2500
 1015 0.2500
 1016 0.2400
 1017 0.2500
 1018 0.2500
 1019 0.2500
 1020 0.2500
 1021 0.2500
 1022 0.2400
 1023 0.2500
 1024 0.2500
 1025 0.2500
 1026 0.2500
 1027 0.2400
 1028 0.2500
 1029 0.2500
 1030 0.2500
 1031 0.2500
 1032 0.2500
 1033 0.2400
 1034 0.2500
 1035 0.2500
 1036 0.2500
 1037 0.2500
 1038 0.2400
 1039 0.2500
 1040 0.2500
 1041 0.2500
 1042 0.2500
 1043 0.2400
 1044 0.2500
 1045 0.2500
 1046 0.2500
 1047 0.2500
 1048 0.2400
 1049 0.2500
 1050 0.2500
 1051 0.2500
 1052 0.2500
 1053 0.2400
 1054 0.2500
 1055 0.2500
 1056 0.2500
 1057 0.2500
 1058 0.2400
 1059 0.2500
 1060 0.2500
 1061 0.2500
 1062 0.2500
 1063 0.2400
 1064 0.2500
 1065 0.2500
 1066 0.2500
 1067 0.2500
 1068 0.2400
 1069 0.2500
 1070 0.2500
 1071 0.2500
 1072 0.2500
 1073 0.2400
 1074 0.2500
 1075 0.2500
 1076 0.2500
 1077 0.2400
 1078 0.2500
 1079 0.2500
 1080 0.2500
 1081 0.2500
 1082 0.2400
 1083 0.2500
 1084 0.2500
 1085 0.2500
 1086 0.2500
 1087 0.2400
 1088 0.2500
 1089 0.2500
 1090 0.2500
 1091 0.2400
 1092 0.2500
 1093 0.2500
 1094 0.2500
 1095 0.2500
 1096 0.2400
 1097 0.2500
 1098 0.2500
 1099 0.2500
 1100 0.2400
 1101 0.2500
 1102 0.2500
 1103 0.2500
 1104 0.2500
 1105 0.2400
 1106 0.2500
 1107 0.2500
 1108 0.2500
 1109 0.2400
 1110 0.2500
 1111 0.2500
 1112 0.2500
 1113 0.2400
 1114 0.2500
 1115 0.2500
 1116 0.2500
 1117 0.2500
 1118 0.2400
 1119 0.2500
 1120 0.2500
 1121 0.2500
 1122 0.2400
 1123 0.2500
 1124 0.2500
 1125 0.2500
 1126 0.2400
 1127 0.2500
 1128 0.2500
 1129 0.2500
 1130 0.2400
 1131 0.2500
 1132 0.2500
 1133 0.2500
 1134 0.2500
 1135 0.2400
 1136 0.2500
 1137 0.2500
 1138 0.2500
 1139 0.2400
 1140 0.2500
 1141 0.2500
 1142 0.2500
 1143 0.2400
 1144 0.2500
 1145 0.2500
 1146 0.2500
 1147 0.2400
 1148 0.2500
 1149 0.2500
 1150 0.2500
 1151 0.2400
 1152 0.2500
 1153 0.2500
 1154 0.2500
 1155 0.2400
 1156 0.2500
 1157 0.2500
 1158 0.2500
 1159 0.2400
 1160 0.2500
 1161 0.2500
 1162 0.2500
 1163 0.2400
 1164 0.2500
 1165 0.2500
 1166 0.2500
 1167 0.2400
 1168 0.2500
 1169 0.2500
 1170 0.2500
 1171 0.2400
 1172 0.2500
 1173 0.2500
 1174 0.2500
 1175 0.2400
 1176 0.2500
 1177 0.2500
 1178 0.2400
 1179 0.2500
 1180 0.2500
 1181 0.2500
 1182 0.2400
 1183 0.2500
 1184 0.2500
 1185 0.2500
 1186 0.2400
 1187 0.2500
 1188 0.2500
 1189 0.2500
 1190 0.2400
 1191 0.2500
 1192 0.2500
 1193 0.2500
 1194 0.2400
 1195 0.2500
 1196 0.2500
 1197 0.2400
 1198 0.2500
 1199 0.2500
 1200 0.2500
 1201 0.2400
 1202 0.2500
 1203 0.2500
 1204 0.2500
 1205 0.2400
 1206 0.2500
 1207 0.2500
 1208 0.2500
 1209 0.2400
 1210 0.2500
 1211 0.2500
 1212 0.2400
 1213 0.2500
 1214 0.2500
 1215 0.2500
 1216 0.2400
 1217 0.2500
 1218 0.2500
 1219 0.2500
 1220 0.2400
 1221 0.2500
 1222 0.2500
 1223 0.2400
 1224 0.2500
 1225 0.2500
 1226 0.2500
 1227 0.2400
 1228 0.2500
 1229 0.2500
 1230 0.2500
 1231 0.2400
 1232 0.2500
 1233 0.2500
 1234 0.2400
 1235 0.2500
 1236 0.2500
 1237 0.2500
 1238 0.2400
 1239 0.2500
 1240 0.2500
 1241 0.2500
 1242 0.2400
 1243 0.2500
 1244 0.2500
 1245 0.2400
 1246 0.2500
 1247 0.2500
 1248 0.2500
 1249 0.2400
 1250 0.2500
 1251 0.2500
 1252 0.2400
 1253 0.2500
 1254 0.2500
 1255 0.2500
 1256 0.2400
 1257 0.2500
 1258 0.2500
 1259 0.2500
 1260 0.2400
 1261 0.2500
 1262 0.2500
 1263 0.2400
 1264 0.2500
 1265 0.2500
 1266 0.2500
 1267 0.2400
 1268 0.2500
 1269 0.2500
 1270 0.2500
 1271 0.2400
 1272 0.2500
 1273 0.2500
 1274 0.2400
 1275 0.2500
 1276 0.2500
 1277 0.2500
 1278 0.2400
 1279 0.2500
 1280 0.2500
 1281 0.2400
 1282 0.2500
 1283 0.2500
 1284 0.2500
 1285 0.2400
 1286 0.2500
 1287 0.2500
 1288 0.2500
 1289 0.2400
 1290 0.2500
 1291 0.2500
 1292 0.2400
 1293 0.2500
 1294 0.2500
 1295 0.2500
 1296 0.2400
 1297 0.2500
 1298 0.2500
 1299 0.2500
 1300 0.2400
 1301 0.2500
 1302 0.2500
 1303 0.2400
 1304 0.2500
 1305 0.2500
 1306 0.2500
 1307 0.2400
 1308 0.2500
 1309 0.2500
 1310 0.2400
 1311 0.2500
 1312 0.2500
 1313 0.2500
 1314 0.2400
 1315 0.2500
 1316 0.2500
 1317 0.2500
 1318 0.2400
 1319 0.2500
 1320 0.2500
 1321 0.2400
 1322 0.2500
 1323 0.2500
 1324 0.2500
 1325 0.2400
 1326 0.2500
 1327 0.2500
 1328 0.2500
 1329 0.2400
 1330 0.2500
 1331 0.2500
 1332 0.2400
 1333 0.2500
 1334 0.2500
 1335 0.2500
 1336 0.2400
 1337 0.2500
 1338 0.2500
 1339 0.2500
 1340 0.2400
 1341 0.2500
 1342 0.2500
 1343 0.2400
 1344 0.2500
 1345 0.2500
 1346 0.2500
 1347 0.2400
 1348 0.2500
 1349 0.2500
 1350 0.2500
 1351 0.2400
 1352 0.2500
 1353 0.2500
 1354 0.2400
 1355 0.2500
 1356 0.2500
 1357 0.2500
 1358 0.2400
 1359 0.2500
 1360 0.2500
 1361 0.2500
 1362 0.2400
 1363 0.2500
 1364 0.2500
 1365 0.2500
 1366 0.2400
 1367 0.2500
 1368 0.2500
 1369 0.2400
 1370 0.2500
 1371 0.2500
 1372 0.2500
 1373 0.2400
 1374 0.2500
 1375 0.2500
 1376 0.2500
 1377 0.2400
 1378 0.2500
 1379 0.2500
 1380 0.2500
 1381 0.2400
 1382 0.2500
 1383 0.2500
 1384 0.2500
 1385 0.2400
 1386 0.2500
 1387 0.2500
 1388 0.2400
 1389 0.2500
 1390 0.2500
 1391 0.2500
 1392 0.2400
 1393 0.2500
 1394 0.2500
 1395 0.2500
 1396 0.2400
 1397 0.2500
 1398 0.2500
 1399 0.2500
 1400 0.2400
 1401 0.2500
 1402 0.2500
 1403 0.2500
 1404 0.2400
 1405 0.2500
 1406 0.2500
 1407 0.2500
 1408 0.2400
 1409 0.2500
 1410 0.2500
 1411 0.2500
 1412 0.2400
 1413 0.2500
 1414 0.2500
 1415 0.2500
 1416 0.2400
 1417 0.2500
 1418 0.2500
 1419 0.2500
 1420 0.2400
 1421 0.2500
 1422 0.2500
 1423 0.2500
 1424 0.2400
 1425 0.2500
 1426 0.2500
 1427 0.2500
 1428 0.2400
 1429 0.2500
 1430 0.2500
 1431 0.2500
 1432 0.2400
 1433 0.2500
 1434 0.2500
 1435 0.2500
 1436 0.2400
 1437 0.2500
 1438 0.2500
 1439 0.2500
 1440 0.2500
 1441 0.2400
 1442 0.2500
 1443 0.2500
 1444 0.2500
 1445 0.2400
 1446 0.2500
 1447 0.2500
 1448 0.2500
 1449 0.2400
 1450 0.2500
 1451 0.2500
 1452 0.2500
 1453 0.2400
 1454 0.2500
 1455 0.2500
 1456 0.2500
 1457 0.2500
 1458 0.2400
 1459 0.2500
 1460 0.2500
 1461 0.2500
 1462 0.2400
 1463 0.2500
 1464 0.2500
 1465 0.2500
 1466 0.2400
 1467 0.2500
 1468 0.2500
 1469 0.2500
 1470 0.2500
 1471 0.2400
 1472 0.2500
 1473 0.2500
 1474 0.2500
 1475 0.2400
 1476 0.2500
 1477 0.2500
 1478 0.2500
 1479 0.2500
 1480 0.2400
 1481 0.2500
 1482 0.2500
 1483 0.2500
 1484 0.2400
 1485 0.2500
 1486 0.2500
 1487 0.2500
 1488 0.2500
 1489 0.2400
 1490 0.2500
 1491 0.2500
 1492 0.2500
 1493 0.2400
 1494 0.2500
 1495 0.2500
 1496 0.2500
 1497 0.2500
 1498 0.2400
 1499 0.2500
 1500 0.2500
 1501 0.2500
 1502 0.2400
 1503 0.2500
 1504 0.2500
 1505 0.2500
 1506 0.2500
 1507 0.2400
 1508 0.2500
 1509 0.2500
 1510 0.2500
 1511 0.2500
 1512 0.2400
 1513 0.2500
 1514 0.2500
 1515 0.2500
 1516 0.2400
 1517 0.2500
 1518 0.2500
 1519 0.2500
 1520 0.2500
 1521 0.2400
 1522 0.2500
 1523 0.2500
 1524 0.2500
 1525 0.2500
 1526 0.2400
 1527 0.2500
 1528 0.2500
 1529 0.2500
 1530 0.2500
 1531 0.2400
 1532 0.2500
 1533 0.2500
 1534 0.2500
 1535 0.2500
 1536 0.2400
 1537 0.2500
 1538 0.2500
 1539 0.2500
 1540 0.2500
 1541 0.2400
 1542 0.2500
 1543 0.2500
 1544 0.2500
 1545 0.2500
 1546 0.2400
 1547 0.2500
 1548 0.2500
 1549 0.2500
 1550 0.2500
 1551 0.2400
 1552 0.2500
 1553 0.2500
 1554 0.2500
 1555 0.2500
 1556 0.2400
 1557 0.2500
 1558 0.2500
 1559 0.2500
 1560 0.2500
 1561 0.2400
 1562 0.2500
 1563 0.2500
 1564 0.2500
 1565 0.2500
 1566 0.2400
 1567 0.2500
 1568 0.2500
 1569 0.2500
 1570 0.2500
 1571 0.2400
 1572 0.2500
 1573 0.2500
 1574 0.2500
 1575 0.2500
 1576 0.2500
 1577 0.2400
 1578 0.2500
 1579 0.2500
 1580 0.2500
 1581 0.2500
 1582 0.2400
 1583 0.2500
 1584 0.2500
 1585 0.2500
 1586 0.2500
 1587 0.2400
 1588 0.2500
 1589 0.2500
 1590 0.2500
 1591 0.2500
 1592 0.2500
 1593 0.2400
 1594 0.2500
 1595 0.2500
 1596 0.2500
 1597 0.2500
 1598 0.2400
 1599 0.2500
 1600 0.2500
 1601 0.2500
 1602 0.2500
 1603 0.2500
 1604 0.2400
 1605 0.2500
 1606 0.2500
 1607 0.2500
 1608 0.2500
 1609 0.2400
 1610 0.2500
 1611 0.2500
 1612 0.2500
 1613 0.2500
 1614 0.2500
 1615 0.2400
 1616 0.2500
 1617 0.2500
 1618 0.2500
 1619 0.2500
 1620 0.2500
 1621 0.2400
 1622 0.2500
 1623 0.2500
 1624 0.2500
 1625 0.2500
 1626 0.2400
 1627 0.2500
 1628 0.2500
 1629 0.2500
 1630 0.2500
 1631 0.2500
 1632 0.2400
 1633 0.2500
 1634 0.2500
 1635 0.2500
 1636 0.2500
 1637 0.2500
 1638 0.2400
 1639 0.2500
 1640 0.2500
 1641 0.2500
 1642 0.2500
 1643 0.2500
 1644 0.2400
 1645 0.2500
 1646 0.2500
 1647 0.2500
 1648 0.2500
 1649 0.2500
 1650 0.2400
 1651 0.2500
 1652 0.2500
 1653 0.2500
 1654 0.2500
 1655 0.2400
 1656 0.2500
 1657 0.2500
 1658 0.2500
 1659 0.2500
 1660 0.2500
 1661 0.2400
 1662 0.2500
 1663 0.2500
 1664 0.2500
 1665 0.2500
 1666 0.2500
 1667 0.2400
 1668 0.2500
 1669 0.2500
 1670 0.2500
 1671 0.2500
 1672 0.2500
 1673 0.2400
 1674 0.2500
 1675 0.2500
 1676 0.2500
 1677 0.2500
 1678 0.2500
 1679 0.2500
 1680 0.2400
 1681 0.2500
 1682 0.2500
 1683 0.2500
 1684 0.2500
 1685 0.2500
 1686 0.2400
 1687 0.2500
 1688 0.2500
 1689 0.2500
 1690 0.2500
 1691 0.2500
 1692 0.2400
 1693 0.2500
 1694 0.2500
 1695 0.2500
 1696 0.2500
 1697 0.2500
 1698 0.2400
 1699 0.2500
 1700 0.2500
 1701 0.2500
 1702 0.2500
 1703 0.2500
 1704 0.2500
 1705 0.2400
 1706 0.2500
 1707 0.2500
 1708 0.2500
 1709 0.2500
 1710 0.2500
 1711 0.2400
 1712 0.2500
 1713 0.2500
 1714 0.2500
 1715 0.2500
 1716 0.2500
 1717 0.2500
 1718 0.2400
 1719 0.2500
 1720 0.2500
 1721 0.2500
 1722 0.2500
 1723 0.2500
 1724 0.2400
 1725 0.2500
 1726 0.2500
 1727 0.2500
 1728 0.2500
 1729 0.2500
 1730 0.2500
 1731 0.2400
 1732 0.2500
 1733 0.2500
 1734 0.2500
 1735 0.2500
 1736 0.2500
 1737 0.2400
 1738 0.2500
 1739 0.2500
 1740 0.2500
 1741 0.2500
 1742 0.2500
 1743 0.2500
 1744 0.2400
 1745 0.2500
 1746 0.2500
 1747 0.2500
 1748 0.2500
 1749 0.2500
 1750 0.2500
 1751 0.2400
 1752 0.2500
 1753 0.2500
 1754 0.2500
 1755 0.2500
 1756 0.2500
 1757 0.2500
 1758 0.2400
 1759 0.2500
 1760 0.2500
 1761 0.2500
 1762 0.2500
 1763 0.2500
 1764 0.2500
 1765 0.2400
 1766 0.2500
 1767 0.2500
 1768 0.2500
 1769 0.2500
 1770 0.2500
 1771 0.2500
 1772 0.2500
 1773 0.2400
 1774 0.2500
 1775 0.2500
 1776 0.2500
 1777 0.2500
 1778 0.2500
 1779 0.2500
 1780 0.2400
 1781 0.2500
 1782 0.2500
 1783 0.2500
 1784 0.2500
 1785 0.2500
 1786 0.2500
 1787 0.2400
 1788 0.2500
 1789 0.2500
 1790 0.2500
 1791 0.2500
 1792 0.2500
 1793 0.2500
 1794 0.2500
 1795 0.2400
 1796 0.2500
 1797 0.2500
 1798 0.2500
 1799 0.2500
 1800 0.2500
 1801 0.2500
 1802 0.2500
 1803 0.2400
 1804 0.2500
 1805 0.2500
 1806 0.2500
 1807 0.2500
 1808 0.2500
 1809 0.2500
 1810 0.2400
 1811 0.2500
 1812 0.2500
 1813 0.2500
 1814 0.2500
 1815 0.2500
 1816 0.2500
 1817 0.2500
 1818 0.2400
 1819 0.2500
 1820 0.2500
 1821 0.2500
 1822 0.2500
 1823 0.2500
 1824 0.2500
 1825 0.2500
 1826 0.2400
 1827 0.2500
 1828 0.2500
 1829 0.2500
 1830 0.2500
 1831 0.2500
 1832 0.2500
 1833 0.2500
 1834 0.2400
 1835 0.2500
 1836 0.2500
 1837 0.2500
 1838 0.2500
 1839 0.2500
 1840 0.2500
 1841 0.2500
 1842 0.2400
 1843 0.2500
 1844 0.2500
 1845 0.2500
 1846 0.2500
 1847 0.2500
 1848 0.2500
 1849 0.2500
 1850 0.2400
 1851 0.2500
 1852 0.2500
 1853 0.2500
 1854 0.2500
 1855 0.2500
 1856 0.2500
 1857 0.2500
 1858 0.2400
 1859 0.2500
 1860 0.2500
 1861 0.2500
 1862 0.2500
 1863 0.2500
 1864 0.2500
 1865 0.2500
 1866 0.2500
 1867 0.2400
 1868 0.2500
 1869 0.2500
 1870 0.2500
 1871 0.2500
 1872 0.2500
 1873 0.2500
 1874 0.2500
 1875 0.2400
 1876 0.2500
 1877 0.2500
 1878 0.2500
 1879 0.2500
 1880 0.2500
 1881 0.2500
 1882 0.2500
 1883 0.2400
 1884 0.2500
 1885 0.2500
 1886 0.2500
 1887 0.2500
 1888 0.2500
 1889 0.2500
 1890 0.2500
 1891 0.2500
 1892 0.2400
 1893 0.2500
 1894 0.2500
 1895 0.2500
 1896 0.2500
 1897 0.2500
 1898 0.2500
 1899 0.2500
 1900 0.2500
 1901 0.2400
 1902 0.2500
 1903 0.2500
 1904 0.2500
 1905 0.2500
 1906 0.2500
 1907 0.2500
 1908 0.2500
 1909 0.2500
 1910 0.2400
 1911 0.2500
 1912 0.2500
 1913 0.2500
 1914 0.2500
 1915 0.2500
 1916 0.2500
 1917 0.2500
 1918 0.2500
 1919 0.2400
 1920 0.2500
 1921 0.2500
 1922 0.2500
 1923 0.2500
 1924 0.2500
 1925 0.2500
 1926 0.2500
 1927 0.2500
 1928 0.2400
 1929 0.2500
 1930 0.2500
 1931 0.2500
 1932 0.2500
 1933 0.2500
 1934 0.2500
 1935 0.2500
 1936 0.2500
 1937 0.2500
 1938 0.2400
 1939 0.2500
 1940 0.2500
 1941 0.2500
 1942 0.2500
 1943 0.2500
 1944 0.2500
 1945 0.2500
 1946 0.2500
 1947 0.2500
 1948 0.2400
 1949 0.2500
 1950 0.2500
 1951 0.2500
 1952 0.2500
 1953 0.2500
 1954 0.2500
 1955 0.2500
 1956 0.2500
 1957 0.2500
 1958 0.2400
 1959 0.2500
 1960 0.2500
 1961 0.2500
 1962 0.2500
 1963 0.2500
 1964 0.2500
 1965 0.2500
 1966 0.2500
 1967 0.2500
 1968 0.2500
 1969 0.2400
 1970 0.2500
 1971 0.2500
 1972 0.2500
 1973 0.2500
 1974 0.2500
 1975 0.2500
 1976 0.2500
 1977 0.2500
 1978 0.2500
 1979 0.2500
 1980 0.2400
 1981 0.2500
 1982 0.2500
 1983 0.2500
 1984 0.2500
 1985 0.2500
 1986 0.2500
 1987 0.2500
 1988 0.2500
 1989 0.2500
 1990 0.2500
 1991 0.2500
 1992 0.2400
 1993 0.2500
 1994 0.2500
 1995 0.2500
 1996 0.2500
 1997 0.2500
 1998 0.2500
 1999 0.2500
 2000 0.2500
 2001 0.2500
 2002 0.2500
 2003 0.2500
 2004 0.2400
 2005 0.2500
 2006 0.2500
 2007 0.2500
 2008 0.2500
 2009 0.2500
 2010 0.2500
 2011 0.2500
 2012 0.2500
 2013 0.2500
 2014 0.2500
 2015 0.2500
 2016 0.2400
 2017 0.2500
 2018 0.2500
 2019 0.2500
 2020 0.2500
 2021 0.2500
 2022 0.2500
 2023 0.2500
 2024 0.2500
 2025 0.2500
 2026 0.2500
 2027 0.2500
 2028 0.2500
 2029 0.2400
 2030 0.2500
 2031 0.2500
 2032 0.2500
 2033 0.2500
 2034 0.2500
 2035 0.2500
 2036 0.2500
 2037 0.2500
 2038 0.2500
 2039 0.2500
 2040 0.2500
 2041 0.2500
 2042 0.2500
 2043 0.2400
 2044 0.2500
 2045 0.2500
 2046 0.2500
 2047 0.2500
 2048 0.2500
 2049 0.2500
 2050 0.2500
 2051 0.2500
 2052 0.2500
 2053 0.2500
 2054 0.2500
 2055 0.2500
 2056 0.2500
 2057 0.2400
 2058 0.2500
 2059 0.2500
 2060 0.2500
 2061 0.2500
 2062 0.2500
 2063 0.2500
 2064 0.2500
 2065 0.2500
 2066 0.2500
 2067 0.2500
 2068 0.2500
 2069 0.2500
 2070 0.2500
 2071 0.2500
 2072 0.2400
 2073 0.2500
 2074 0.2500
 2075 0.2500
 2076 0.2500
 2077 0.2500
 2078 0.2500
 2079 0.2500
 2080 0.2500
 2081 0.2500
 2082 0.2500
 2083 0.2500
 2084 0.2500
 2085 0.2500
 2086 0.2500
 2087 0.2400
 2088 0.2500
 2089 0.2500
 2090 0.2500
 2091 0.2500
 2092 0.2500
 2093 0.2500
 2094 0.2500
 2095 0.2500
 2096 0.2500
 2097 0.2500
 2098 0.2500
 2099 0.2500
 2100 0.2500
 2101 0.2500
 2102 0.2400
 2103 0.2500
 2104 0.2500
 2105 0.2500
 2106 0.2500
 2107 0.2500
 2108 0.2500
 2109 0.2500
 2110 0.2500
 2111 0.2500
 2112 0.2500
 2113 0.2500
 2114 0.2500
 2115 0.2500
 2116 0.2500
 2117 0.2500
 2118 0.2400
 2119 0.2500
 2120 0.2500
 2121 0.2500
 2122 0.2500
 2123 0.2500
 2124 0.2500
 2125 0.2500
 2126 0.2500
 2127 0.2500
 2128 0.2500
 2129 0.2500
 2130 0.2500
 2131 0.2500
 2132 0.2500
 2133 0.2500
 2134 0.2400
 2135 0.2500
 2136 0.2500
 2137 0.2500
 2138 0.2500
 2139 0.2500
 2140 0.2500
 2141 0.2500
 2142 0.2500
 2143 0.2500
 2144 0.2500
 2145 0.2500
 2146 0.2500
 2147 0.2500
 2148 0.2500
 2149 0.2500
 2150 0.2500
 2151 0.2400
 2152 0.2500
 2153 0.2500
 2154 0.2500
 2155 0.2500
 2156 0.2500
 2157 0.2500
 2158 0.2500
 2159 0.2500
 2160 0.2500
 2161 0.2500
 2162 0.2500
 2163 0.2500
 2164 0.2500
 2165 0.2500
 2166 0.2500
 2167 0.2500
 2168 0.2500
 2169 0.2400
 2170 0.2500
 2171 0.2500
 2172 0.2500
 2173 0.2500
 2174 0.2500
 2175 0.2500
 2176 0.2500
 2177 0.2500
 2178 0.2500
 2179 0.2500
 2180 0.2500
 2181 0.2500
 2182 0.2500
 2183 0.2500
 2184 0.2500
 2185 0.2500
 2186 0.2500
 2187 0.2400
 2188 0.2500
 2189 0.2500
 2190 0.2500
 2191 0.2500
 2192 0.2500
 2193 0.2500
 2194 0.2500
 2195 0.2500
 2196 0.2500
 2197 0.2500
 2198 0.2500
 2199 0.2500
 2200 0.2500
 2201 0.2500
 2202 0.2500
 2203 0.2500
 2204 0.2500
 2205 0.2500
 2206 0.2400
 2207 0.2500
 2208 0.2500
 2209 0.2500
 2210 0.2500
 2211 0.2500
 2212 0.2500
 2213 0.2500
 2214 0.2500
 2215 0.2500
 2216 0.2500
 2217 0.2500
 2218 0.2500
 2219 0.2500
 2220 0.2500
 2221 0.2500
 2222 0.2500
 2223 0.2500
 2224 0.2500
 2225 0.2400
 2226 0.2500
 2227 0.2500
 2228 0.2500
 2229 0.2500
 2230 0.2500
 2231 0.2500
 2232 0.2500
 2233 0.2500
 2234 0.2500
 2235 0.2500
 2236 0.2500
 2237 0.2500
 2238 0.2500
 2239 0.2500
 2240 0.2500
 2241 0.2500
 2242 0.2500
 2243 0.2500
 2244 0.2400
 2245 0.2500
 2246 0.2500
 2247 0.2500
 2248 0.2500
 2249 0.2500
 2250 0.2500
 2251 0.2500
 2252 0.2500
 2253 0.2500
 2254 0.2500
 2255 0.2500
 2256 0.2500
 2257 0.2500
 2258 0.2500
 2259 0.2500
 2260 0.2500
 2261 0.2500
 2262 0.2500
 2263 0.2500
 2264 0.2400
 2265 0.2500
 2266 0.2500
 2267 0.2500
 2268 0.2500
 2269 0.2500
 2270 0.2500
 2271 0.2500
 2272 0.2500
 2273 0.2500
 2274 0.2500
 2275 0.2500
 2276 0.2500
 2277 0.2500
 2278 0.2500
 2279 0.2500
 2280 0.2500
 2281 0.2500
 2282 0.2500
 2283 0.2500
 2284 0.2500
 2285 0.2500
 2286 0.2400
 2287 0.2500
 2288 0.2500
 2289 0.2500
 2290 0.2500
 2291 0.2500
 2292 0.2500
 2293 0.2500
 2294 0.2500
 2295 0.2500
 2296 0.2500
 2297 0.2500
 2298 0.2500
 2299 0.2500
 2300 0.2500
 2301 0.2500
 2302 0.2500
 2303 0.2500
 2304 0.2500
 2305 0.2500
 2306 0.2500
 2307 0.2500
 2308 0.2500
 2309 0.2500
 2310 0.2400
 2311 0.2500
 2312 0.2500
 2313 0.2500
 2314 0.2500
 2315 0.2500
 2316 0.2500
 2317 0.2500
 2318 0.2500
 2319 0.2500
 2320 0.2500
 2321 0.2500
 2322 0.2500
 2323 0.2500
 2324 0.2500
 2325 0.2500
 2326 0.2500
 2327 0.2500
 2328 0.2500
 2329 0.2500
 2330 0.2500
 2331 0.2500
 2332 0.2500
 2333 0.2500
 2334 0.2500
 2335 0.2400
 2336 0.2500
 2337 0.2500
 2338 0.2500
 2339 0.2500
 2340 0.2500
 2341 0.2500
 2342 0.2500
 2343 0.2500
 2344 0.2500
 2345 0.2500
 2346 0.2500
 2347 0.2500
 2348 0.2500
 2349 0.2500
 2350 0.2500
 2351 0.2500
 2352 0.2500
 2353 0.2500
 2354 0.2500
 2355 0.2500
 2356 0.2500
 2357 0.2500
 2358 0.2500
 2359 0.2500
 2360 0.2500
 2361 0.2400
 2362 0.2500
 2363 0.2500
 2364 0.2500
 2365 0.2500
 2366 0.2500
 2367 0.2500
 2368 0.2500
 2369 0.2500
 2370 0.2500
 2371 0.2500
 2372 0.2500
 2373 0.2500
 2374 0.2500
 2375 0.2500
 2376 0.2500
 2377 0.2500
 2378 0.2500
 2379 0.2500
 2380 0.2500
 2381 0.2500
 2382 0.2500
 2383 0.2500
 2384 0.2500
 2385 0.2500
 2386 0.2400
 2387 0.2500
 2388 0.2500
 2389 0.2500
 2390 0.2500
 2391 0.2500
 2392 0.2500
 2393 0.2500
 2394 0.2500
 2395 0.2500
 2396 0.2500
 2397 0.2500
 2398 0.2500
 2399 0.2500
 2400 0.2500
 2401 0.2500
 2402 0.2500
 2403 0.2500
 2404 0.2500
 2405 0.2500
 2406 0.2500
 2407 0.2500
 2408 0.2400
 2409 0.2500
 2410 0.2500
 2411 0.2500
 2412 0.2500
 2413 0.2500
 2414 0.2500
 2415 0.2500
 2416 0.2500
 2417 0.2500
 2418 0.2500
 2419 0.2500
 2420 0.2500
 2421 0.2500
 2422 0.2500
 2423 0.2500
 2424 0.2500
 2425 0.2500
 2426 0.2500
 2427 0.2500
 2428 0.2500
 2429 0.2400
 2430 0.2500
 2431 0.2500
 2432 0.2500
 2433 0.2500
 2434 0.2500
 2435 0.2500
 2436 0.2500
 2437 0.2500
 2438 0.2500
 2439 0.2500
 2440 0.2500
 2441 0.2500
 2442 0.2500
 2443 0.2500
 2444 0.2500
 2445 0.2500
 2446 0.2500
 2447 0.2500
 2448 0.2400
 2449 0.2500
 2450 0.2500
 2451 0.2500
 2452 0.2500
 2453 0.2500
 2454 0.2500
 2455 0.2500
 2456 0.2500
 2457 0.2500
 2458 0.2500
 2459 0.2500
 2460 0.2500
 2461 0.2500
 2462 0.2500
 2463 0.2500
 2464 0.2500
 2465 0.2500
 2466 0.2400
 2467 0.2500
 2468 0.2500
 2469 0.2500
 2470 0.2500
 2471 0.2500
 2472 0.2500
 2473 0.2500
 2474 0.2500
 2475 0.2500
 2476 0.2500
 2477 0.2500
 2478 0.2500
 2479 0.2500
 2480 0.2500
 2481 0.2500
 2482 0.2500
 2483 0.2400
 2484 0.2500
 2485 0.2500
 2486 0.2500
 2487 0.2500
 2488 0.2500
 2489 0.2500
 2490 0.2500
 2491 0.2500
 2492 0.2500
 2493 0.2500
 2494 0.2500
 2495 0.2500
 2496 0.2500
 2497 0.2500
 2498 0.2500
 2499 0.2400
 2500 0.2500
 2501 0.2500
 2502 0.2500
 2503 0.2500
 2504 0.2500
 2505 0.2500
 2506 0.2500
 2507 0.2500
 2508 0.2500
 2509 0.2500
 2510 0.2500
 2511 0.2500
 2512 0.2500
 2513 0.2500
 2514 0.2400
 2515 0.2500
 2516 0.2500
 2517 0.2500
 2518 0.2500
 2519 0.2500
 2520 0.2500
 2521 0.2500
 2522 0.2500
 2523 0.2500
 2524 0.2500
 2525 0.2500
 2526 0.2500
 2527 0.2500
 2528 0.2500
 2529 0.2400
 2530 0.2500
 2531 0.2500
 2532 0.2500
 2533 0.2500
 2534 0.2500
 2535 0.2500
 2536 0.2500
 2537 0.2500
 2538 0.2500
 2539 0.2500
 2540 0.2500
 2541 0.2500
 2542 0.2500
 2543 0.2500
 2544 0.2400
 2545 0.2500
 2546 0.2500
 2547 0.2500
 2548 0.2500
 2549 0.2500
 2550 0.2500
 2551 0.2500
 2552 0.2500
 2553 0.2500
 2554 0.2500
 2555 0.2500
 2556 0.2500
 2557 0.2500
 2558 0.2500
 2559 0.2400
 2560 0.2500
 2561 0.2500
 2562 0.2500
 2563 0.2500
 2564 0.2500
 2565 0.2500
 2566 0.2500
 2567 0.2500
 2568 0.2500
 2569 0.2500
 2570 0.2500
 2571 0.2500
 2572 0.2500
 2573 0.2400
 2574 0.2500
 2575 0.2500
 2576 0.2500
 2577 0.2500
 2578 0.2500
 2579 0.2500
 2580 0.2500
 2581 0.2500
 2582 0.2500
 2583 0.2500
 2584 0.2500
 2585 0.2500
 2586 0.2400
 2587 0.2500
 2588 0.2500
 2589 0.2500
 2590 0.2500
 2591 0.2500
 2592 0.2500
 2593 0.2500
 2594 0.2500
 2595 0.2500
 2596 0.2500
 2597 0.2500
 2598 0.2500
 2599 0.2500
 2600 0.2400
 2601 0.2500
 2602 0.2500
 2603 0.2500
 2604 0.2500
 2605 0.2500
 2606 0.2500
 2607 0.2500
 2608 0.2500
 2609 0.2500
 2610 0.2500
 2611 0.2500
 2612 0.2500
 2613 0.2400
 2614 0.2500
 2615 0.2500
 2616 0.2500
 2617 0.2500
 2618 0.2500
 2619 0.2500
 2620 0.2500
 2621 0.2500
 2622 0.2500
 2623 0.2500
 2624 0.2500
 2625 0.2400
 2626 0.2500
 2627 0.2500
 2628 0.2500
 2629 0.2500
 2630 0.2500
 2631 0.2500
 2632 0.2500
 2633 0.2500
 2634 0.2500
 2635 0.2500
 2636 0.2500
 2637 0.2500
 2638 0.2400
 2639 0.2500
 2640 0.2500
 2641 0.2500
 2642 0.2500
 2643 0.2500
 2644 0.2500
 2645 0.2500
 2646 0.2500
 2647 0.2500
 2648 0.2500
 2649 0.2500
 2650 0.2400
 2651 0.2500
 2652 0.2500
 2653 0.2500
 2654 0.2500
 2655 0.2500
 2656 0.2500
 2657 0.2500
 2658 0.2500
 2659 0.2500
 2660 0.2500
 2661 0.2500
 2662 0.2500
 2663 0.2400
 2664 0.2500
 2665 0.2500
 2666 0.2500
 2667 0.2500
 2668 0.2500
 2669 0.2500
 2670 0.2500
 2671 0.2500
 2672 0.2500
 2673 0.2500
 2674 0.2500
 2675 0.2500
 2676 0.2400
 2677 0.2500
 2678 0.2500
 2679 0.2500
 2680 0.2500
 2681 0.2500
 2682 0.2500
 2683 0.2500
 2684 0.2500
 2685 0.2500
 2686 0.2500
 2687 0.2500
 2688 0.2500
 2689 0.2400
 2690 0.2500
 2691 0.2500
 2692 0.2500
 2693 0.2500
 2694 0.2500
 2695 0.2500
 2696 0.2500
 2697 0.2500
 2698 0.2500
 2699 0.2500
 2700 0.2500
 2701 0.2500
 2702 0.2500
 2703 0.2400
 2704 0.2500
 2705 0.2500
 2706 0.2500
 2707 0.2500
 2708 0.2500
 2709 0.2500
 2710 0.2500
 2711 0.2500
 2712 0.2500
 2713 0.2500
 2714 0.2500
 2715 0.2500
 2716 0.2500
 2717 0.2500
 2718 0.2400
 2719 0.2500
 2720 0.2500
 2721 0.2500
 2722 0.2500
 2723 0.2500
 2724 0.2500
 2725 0.2500
 2726 0.2500
 2727 0.2500
 2728 0.2500
 2729 0.2500
 2730 0.2500
 2731 0.2500
 2732 0.2500
 2733 0.2500
 2734 0.2400
 2735 0.2500
 2736 0.2500
 2737 0.2500
 2738 0.2500
 2739 0.2500
 2740 0.2500
 2741 0.2500
 2742 0.2500
 2743 0.2500
 2744 0.2500
 2745 0.2500
 2746 0.2500
 2747 0.2500
 2748 0.2500
 2749 0.2500
 2750 0.2500
 2751 0.2500
 2752 0.2400
 2753 0.2500
 2754 0.2500
 2755 0.2500
 2756 0.2500
 2757 0.2500
 2758 0.2500
 2759 0.2500
 2760 0.2500
 2761 0.2500
 2762 0.2500
 2763 0.2500
 2764 0.2500
 2765 0.2500
 2766 0.2500
 2767 0.2500
 2768 0.2500
 2769 0.2500
 2770 0.2500
 2771 0.2500
 2772 0.2500
 2773 0.2400
 2774 0.2500
 2775 0.2500
 2776 0.2500
 2777 0.2500
 2778 0.2500
 2779 0.2500
 2780 0.2500
 2781 0.2500
 2782 0.2500
 2783 0.2500
 2784 0.2500
 2785 0.2500
 2786 0.2500
 2787 0.2500
 2788 0.2500
 2789 0.2500
 2790 0.2500
 2791 0.2500
 2792 0.2500
 2793 0.2500
 2794 0.2500
 2795 0.2500
 2796 0.2500
 2797 0.2400
 2798 0.2500
 2799 0.2500
 2800 0.2500
 2801 0.2500
 2802 0.2500
 2803 0.2500
 2804 0.2500
 2805 0.2500
 2806 0.2500
 2807 0.2500
 2808 0.2500
 2809 0.2500
 2810 0.2500
 2811 0.2500
 2812 0.2500
 2813 0.2500
 2814 0.2500
 2815 0.2500
 2816 0.2500
 2817 0.2500
 2818 0.2500
 2819 0.2500
 2820 0.2500
 2821 0.2500
 2822 0.2500
 2823 0.2500
 2824 0.2500
 2825 0.2500
 2826 0.2500
 2827 0.2500
 2828 0.2500
 2829 0.2400
 2830 0.2500
 2831 0.2500
 2832 0.2500
 2833 0.2500
 2834 0.2500
 2835 0.2500
 2836 0.2500
 2837 0.2500
 2838 0.2500
 2839 0.2500
 2840 0.2500
 2841 0.2500
 2842 0.2500
 2843 0.2500
 2844 0.2500
 2845 0.2500
 2846 0.2500
 2847 0.2500
 2848 0.2500
 2849 0.2500
 2850 0.2500
 2851 0.2500
 2852 0.2500
 2853 0.2500
 2854 0.2500
 2855 0.2500
 2856 0.2500
 2857 0.2500
 2858 0.2500
 2859 0.2500
 2860 0.2500
 2861 0.2500
 2862 0.2500
 2863 0.2500
 2864 0.2500
 2865 0.2500
 2866 0.2500
 2867 0.2500
 2868 0.2500
 2869 0.2500
 2870 0.2500
 2871 0.2500
 2872 0.2500
 2873 0.2500
 2874 0.2500
 2875 0.2500
 2876 0.2500
 2877 0.2500
 2878 0.2500
 2879 0.2500
 2880 0.2500
 2881 0.2500
 2882 0.2500
 2883 0.2500
 2884 0.2500
 2885 0.2500
 2886 0.2500
 2887 0.2500
 2888 0.2500
 2889 0.2500
 2890 0.2500
 2891 0.2500
 2892 0.2500
 2893 0.2500
 2894 0.2500
 2895 0.2500
 2896 0.2500
 2897 0.2500
 2898 0.2500
 2899 0.2500
 2900 0.2500
 2901 0.2500
 2902 0.2500
 2903 0.2500
 2904 0.2500
 2905 0.2500
 2906 0.2500
 2907 0.2500
 2908 0.2500
 2909 0.2500
 2910 0.2500
 2911 0.2500
 2912 0.2500
 2913 0.2500
 2914 0.2500
 2915 0.2500
 2916 0.2500
 2917 0.2500
 2918 0.2500
 2919 0.2500
 2920 0.2500
 2921 0.2400
 2922 0.2500
 2923 0.2500
 2924 0.2500
 2925 0.2500
 2926 0.2500
 2927 0.2500
 2928 0.2500
 2929 0.2500
 2930 0.2500
 2931 0.2500
 2932 0.2500
 2933 0.2500
 2934 0.2500
 2935 0.2500
 2936 0.2500
 2937 0.2500
 2938 0.2500
 2939 0.2500
 2940 0.2500
 2941 0.2500
 2942 0.2500
 2943 0.2500
 2944 0.2500
 2945 0.2500
 2946 0.2500
 2947 0.2500
 2948 0.2500
 2949 0.2500
 2950 0.2500
 2951 0.2500
 2952 0.2500
 2953 0.2500
 2954 0.2500
 2955 0.2500
 2956 0.2500
 2957 0.2500
 2958 0.2500
 2959 0.2500
 2960 0.2500
 2961 0.2500
 2962 0.2500
 2963 0.2500
 2964 0.2500
 2965 0.2500
 2966 0.2500
 2967 0.2500
 2968 0.2500
 2969 0.2500
 2970 0.2500
 2971 0.2500
 2972 0.2500
 2973 0.2500
 2974 0.2500
 2975 0.2500
 2976 0.2500
 2977 0.2500
 2978 0.2500
 2979 0.2500
 2980 0.2500
 2981 0.2500
 2982 0.2500
 2983 0.2500
 2984 0.2500
 2985 0.2500
 2986 0.2500
 2987 0.2500
 2988 0.2500
 2989 0.2500
 2990 0.2500
 2991 0.2500
 2992 0.2500
 2993 0.2500
 2994 0.2500
 2995 0.2500
 2996 0.2500
 2997 0.2500
 2998 0.2500
 2999 0.2500
 3000 0.2500
 3001 0.2500
 3002 0.2500
 3003 0.2400
 3004 0.2500
 3005 0.2500
 3006 0.2500
 3007 0.2500
 3008 0.2500
 3009 0.2500
 3010 0.2500
 3011 0.2500
 3012 0.2500
 3013 0.2500
 3014 0.2500
 3015 0.2500
 3016 0.2500
 3017 0.2500
 3018 0.2500
 3019 0.2500
 3020 0.2500
 3021 0.2500
 3022 0.2500
 3023 0.2500
 3024 0.2500
 3025 0.2500
 3026 0.2500
 3027 0.2500
 3028 0.2500
 3029 0.2500
 3030 0.2500
 3031 0.2500
 3032 0.2400
 3033 0.2500
 3034 0.2500
 3035 0.2500
 3036 0.2500
 3037 0.2500
 3038 0.2500
 3039 0.2500
 3040 0.2500
 3041 0.2500
 3042 0.2500
 3043 0.2500
 3044 0.2500
 3045 0.2500
 3046 0.2500
 3047 0.2500
 3048 0.2500
 3049 0.2500
 3050 0.2500
 3051 0.2500
 3052 0.2400
 3053 0.2500
 3054 0.2500
 3055 0.2500
 3056 0.2500
 3057 0.2500
 3058 0.2500
 3059 0.2500
 3060 0.2500
 3061 0.2500
 3062 0.2500
 3063 0.2500
 3064 0.2500
 3065 0.2500
 3066 0.2500
 3067 0.2500
 3068 0.2500
 3069 0.2500
 3070 0.2400
 3071 0.2500
 3072 0.2500
 3073 0.2500
 3074 0.2500
 3075 0.2500
 3076 0.2500
 3077 0.2500
 3078 0.2500
 3079 0.2500
 3080 0.2500
 3081 0.2500
 3082 0.2500
 3083 0.2500
 3084 0.2400
 3085 0.2500
 3086 0.2500
 3087 0.2500
 3088 0.2500
 3089 0.2500
 3090 0.2500
 3091 0.2500
 3092 0.2500
 3093 0.2500
 3094 0.2500
 3095 0.2500
 3096 0.2500
 3097 0.2500
 3098 0.2400
 3099 0.2500
 3100 0.2500
 3101 0.2500
 3102 0.2500
 3103 0.2500
 3104 0.2500
 3105 0.2500
 3106 0.2500
 3107 0.2500
 3108 0.2500
 3109 0.2500
 3110 0.2400
 3111 0.2500
 3112 0.2500
 3113 0.2500
 3114 0.2500
 3115 0.2500
 3116 0.2500
 3117 0.2500
 3118 0.2500
 3119 0.2500
 3120 0.2500
 3121 0.2400
 3122 0.2500
 3123 0.2500
 3124 0.2500
 3125 0.2500
 3126 0.2500
 3127 0.2500
 3128 0.2500
 3129 0.2500
 3130 0.2500
 3131 0.2400
 3132 0.2500
 3133 0.2500
 3134 0.2500
 3135 0.2500
 3136 0.2500
 3137 0.2500
 3138 0.2500
 3139 0.2500
 3140 0.2500
 3141 0.2400
 3142 0.2500
 3143 0.2500
 3144 0.2500
 3145 0.2500
 3146 0.2500
 3147 0.2500
 3148 0.2500
 3149 0.2500
 3150 0.2400
 3151 0.2500
 3152 0.2500
 3153 0.2500
 3154 0.2500
 3155 0.2500
 3156 0.2500
 3157 0.2500
 3158 0.2400
 3159 0.2500
 3160 0.2500
 3161 0.2500
 3162 0.2500
 3163 0.2500
 3164 0.2500
 3165 0.2500
 3166 0.2400
 3167 0.2500
 3168 0.2500
 3169 0.2500
 3170 0.2500
 3171 0.2500
 3172 0.2500
 3173 0.2500
 3174 0.2400
 3175 0.2500
 3176 0.2500
 3177 0.2500
 3178 0.2500
 3179 0.2500
 3180 0.2500
 3181 0.2500
 3182 0.2400
 3183 0.2500
 3184 0.2500
 3185 0.2500
 3186 0.2500
 3187 0.2500
 3188 0.2500
 3189 0.2400
 3190 0.2500
 3191 0.2500
 3192 0.2500
 3193 0.2500
 3194 0.2500
 3195 0.2500
 3196 0.2400
 3197 0.2500
 3198 0.2500
 3199 0.2500
 3200 0.2500
 3201 0.2500
 3202 0.2400
 3203 0.2500
 3204 0.2500
 3205 0.2500
 3206 0.2500
 3207 0.2500
 3208 0.2500
 3209 0.2400
 3210 0.2500
 3211 0.2500
 3212 0.2500
 3213 0.2500
 3214 0.2500
 3215 0.2400
 3216 0.2500
 3217 0.2500
 3218 0.2500
 3219 0.2500
 3220 0.2500
 3221 0.2400
 3222 0.2500
 3223 0.2500
 3224 0.2500
 3225 0.2500
 3226 0.2500
 3227 0.2400
 3228 0.2500
 3229 0.2500
 3230 0.2500
 3231 0.2500
 3232 0.2400
 3233 0.2500
 3234 0.2500
 3235 0.2500
 3236 0.2500
 3237 0.2500
 3238 0.2400
 3239 0.2500
 3240 0.2500
 3241 0.2500
 3242 0.2500
 3243 0.2400
 3244 0.2500
 3245 0.2500
 3246 0.2500
 3247 0.2500
 3248 0.2400
 3249 0.2500
 3250 0.2500
 3251 0.2500
 3252 0.2500
 3253 0.2400
 3254 0.2500
 3255 0.2500
 3256 0.2500
 3257 0.2500
 3258 0.2400
 3259 0.2500
 3260 0.2500
 3261 0.2500
 3262 0.2500
 3263 0.2400
 3264 0.2500
 3265 0.2500
 3266 0.2500
 3267 0.2500
 3268 0.2400
 3269 0.2500
 3270 0.2500
 3271 0.2500
 3272 0.2400
 3273 0.2500
 3274 0.2500
 3275 0.2500
 3276 0.2500
 3277 0.2400
 3278 0.2500
 3279 0.2500
 3280 0.2500
 3281 0.2400
 3282 0.2500
 3283 0.2500
 3284 0.2500
 3285 0.2500
 3286 0.2400
 3287 0.2500
 3288 0.2500
 3289 0.2500
 3290 0.2400
 3291 0.2500
 3292 0.2500
 3293 0.2500
 3294 0.2500
 3295 0.2400
 3296 0.2500
 3297 0.2500
 3298 0.2500
 3299 0.2400
 3300 0.2500
 3301 0.2500
 3302 0.2500
 3303 0.2400
 3304 0.2500
 3305 0.2500
 3306 0.2500
 3307 0.2400
 3308 0.2500
 3309 0.2500
 3310 0.2500
 3311 0.2400
 3312 0.2500
 3313 0.2500
 3314 0.2500
 3315 0.2400
 3316 0.2500
 3317 0.2500
 3318 0.2500
 3319 0.2400
 3320 0.2500
 3321 0.2500
 3322 0.2500
 3323 0.2400
 3324 0.2500
 3325 0.2500
 3326 0.2500
 3327 0.2400
 3328 0.2500
 3329 0.2500
 3330 0.2400
 3331 0.2500
 3332 0.2500
 3333 0.2500
 3334 0.2400
 3335 0.2500
 3336 0.2500
 3337 0.2500
 3338 0.2400
 3339 0.2500
 3340 0.2500
 3341 0.2400
 3342 0.2500
 3343 0.2500
 3344 0.2500
 3345 0.2400
 3346 0.2500
 3347 0.2500
 3348 0.2400
 3349 0.2500
 3350 0.2500
 3351 0.2500
 3352 0.2400
 3353 0.2500
 3354 0.2500
 3355 0.2400
 3356 0.2500
 3357 0.2500
 3358 0.2500
 3359 0.2400
 3360 0.2500
 3361 0.2500
 3362 0.2400
 3363 0.2500
 3364 0.2500
 3365 0.2400
 3366 0.2500
 3367 0.2500
 3368 0.2500
 3369 0.2400
 3370 0.2500
 3371 0.2500
 3372 0.2400
 3373 0.2500
 3374 0.2500
 3375 0.2400
 3376 0.2500
 3377 0.2500
 3378 0.2400
 3379 0.2500
 3380 0.2500
 3381 0.2400
 3382 0.2500
 3383 0.2500
 3384 0.2500
 3385 0.2400
 3386 0.2500
 3387 0.2500
 3388 0.2400
 3389 0.2500
 3390 0.2500
 3391 0.2400
 3392 0.2500
 3393 0.2500
 3394 0.2400
 3395 0.2500
 3396 0.2500
 3397 0.2400
 3398 0.2500
 3399 0.2500
 3400 0.2400
 3401 0.2500
 3402 0.2500
 3403 0.2400
 3404 0.2500
 3405 0.2500
 3406 0.2400
 3407 0.2500
 3408 0.2500
 3409 0.2400
 3410 0.2500
 3411 0.2400
 3412 0.2500
 3413 0.2500
 3414 0.2400
 3415 0.2500
 3416 0.2500
 3417 0.2400
 3418 0.2500
 3419 0.2500
 3420 0.2400
 3421 0.2500
 3422 0.2500
 3423 0.2400
 3424 0.2500
 3425 0.2500
 3426 0.2400
 3427 0.2500
 3428 0.2400
 3429 0.2500
 3430 0.2500
 3431 0.2400
 3432 0.2500
 3433 0.2500
 3434 0.2400
 3435 0.2500
 3436 0.2400
 3437 0.2500
 3438 0.2500
 3439 0.2400
 3440 0.2500
 3441 0.2500
 3442 0.2400
 3443 0.2500
 3444 0.2400
 3445 0.2500
 3446 0.2500
 3447 0.2400
 3448 0.2500
 3449 0.2500
 3450 0.2400
 3451 0.2500
 3452 0.2400
 3453 0.2500
 3454 0.2500
 3455 0.2400
 3456 0.2500
 3457 0.2500
 3458 0.2400
 3459 0.2500
 3460 0.2400
 3461 0.2500
 3462 0.2500
 3463 0.2400
 3464 0.2500
 3465 0.2400
 3466 0.2500
 3467 0.2500
 3468 0.2400
 3469 0.2500
 3470 0.2400
 3471 0.2500
 3472 0.2500
 3473 0.2400
 3474 0.2500
 3475 0.2400
 3476 0.2500
 3477 0.2500
 3478 0.2400
 3479 0.2500
 3480 0.2400
 3481 0.2500
 3482 0.2500
 3483 0.2400
 3484 0.2500
 3485 0.2400
 3486 0.2500
 3487 0.2500
 3488 0.2400
 3489 0.2500
 3490 0.2400
 3491 0.2500
 3492 0.2400
 3493 0.2500
 3494 0.2500
 3495 0.2400
 3496 0.2500
 3497 0.2400
 3498 0.2500
 3499 0.2500
 3500 0.2400
 3501 0.2500
 3502 0.2400
 3503 0.2500
 3504 0.2400
 3505 0.2500
 3506 0.2500
 3507 0.2400
 3508 0.2500
 3509 0.2400
 3510 0.2500
 3511 0.2400
 3512 0.2500
 3513 0.2500
 3514 0.2400
 3515 0.2500
 3516 0.2400
 3517 0.2500
 3518 0.2400
 3519 0.2500
 3520 0.2400
 3521 0.2500
 3522 0.2500
 3523 0.2400
 3524 0.2500
 3525 0.2400
 3526 0.2500
 3527 0.2400
 3528 0.2500
 3529 0.2500
 3530 0.2400
 3531 0.2500
 3532 0.2400
 3533 0.2500
 3534 0.2400
 3535 0.2500
 3536 0.2400
 3537 0.2500
 3538 0.2400
 3539 0.2500
 3540 0.2500
 3541 0.2400
 3542 0.2500
 3543 0.2400
 3544 0.2500
 3545 0.2400
 3546 0.2500
 3547 0.2400
 3548 0.2500
 3549 0.2400
 3550 0.2500
 3551 0.2500
 3552 0.2400
 3553 0.2500
 3554 0.2400
 3555 0.2500
 3556 0.2400
 3557 0.2500
 3558 0.2400
 3559 0.2500
 3560 0.2400
 3561 0.2500
 3562 0.2400
 3563 0.2500
 3564 0.2400
 3565 0.2500
 3566 0.2400
 3567 0.2500
 3568 0.2500
 3569 0.2400
 3570 0.2500
 3571 0.2400
 3572 0.2500
 3573 0.2400
 3574 0.2500
 3575 0.2400
 3576 0.2500
 3577 0.2400
 3578 0.2500
 3579 0.2400
 3580 0.2500
 3581 0.2400
 3582 0.2500
 3583 0.2400
 3584 0.2500
 3585 0.2400
 3586 0.2500
 3587 0.2400
 3588 0.2500
 3589 0.2400
 3590 0.2500
 3591 0.2400
 3592 0.2500
 3593 0.2400
 3594 0.2500
 3595 0.2400
 3596 0.2500
 3597 0.2400
 3598 0.2500
 3599 0.2400
 3600 0.2500
 3601 0.2400
 3602 0.2500
 3603 0.2400
 3604 0.2500
 3605 0.2400
 3606 0.2500
 3607 0.2400
 3608 0.2500
 3609 0.2400
 3610 0.2500
 3611 0.2400
 3612 0.2500
 3613 0.2400
 3614 0.2500
 3615 0.2400
 3616 0.2500
 3617 0.2400
 3618 0.2500
 3619 0.2400
 3620 0.2500
 3621 0.2400
 3622 0.2500
 3623 0.2400
 3624 0.2500
 3625 0.2400
 3626 0.2500
 3627 0.2400
 3628 0.2500
 3629 0.2400
 3630 0.2500
 3631 0.2400
 3632 0.2400
 3633 0.2500
 3634 0.2400
 3635 0.2500
 3636 0.2400
 3637 0.2500
 3638 0.2400
 3639 0.2500
 3640 0.2400
 3641 0.2500
 3642 0.2400
 3643 0.2500
 3644 0.2400
 3645 0.2500
 3646 0.2400
 3647 0.2500
 3648 0.2400
 3649 0.2400
 3650 0.2500
 3651 0.2400
 3652 0.2500
 3653 0.2400
 3654 0.2500
 3655 0.2400
 3656 0.2500
 3657 0.2400
 3658 0.2500
 3659 0.2400
 3660 0.2500
 3661 0.2400
 3662 0.2400
 3663 0.2500
 3664 0.2400
 3665 0.2500
 3666 0.2400
 3667 0.2500
 3668 0.2400
 3669 0.2500
 3670 0.2400
 3671 0.2500
 3672 0.2400
 3673 0.2400
 3674 0.2500
 3675 0.2400
 3676 0.2500
 3677 0.2400
 3678 0.2500
 3679 0.2400
 3680 0.2500
 3681 0.2400
 3682 0.2400
 3683 0.2500
 3684 0.2400
 3685 0.2500
 3686 0.2400
 3687 0.2500
 3688 0.2400
 3689 0.2500
 3690 0.2400
 3691 0.2400
 3692 0.2500
 3693 0.2400
 3694 0.2500
 3695 0.2400
 3696 0.2500
 3697 0.2400
 3698 0.2400
 3699 0.2500
 3700 0.2400
 3701 0.2500
 3702 0.2400
 3703 0.2500
 3704 0.2400
 3705 0.2400
 3706 0.2500
 3707 0.2400
 3708 0.2500
 3709 0.2400
 3710 0.2500
 3711 0.2400
 3712 0.2400
 3713 0.2500
 3714 0.2400
 3715 0.2500
 3716 0.2400
 3717 0.2500
 3718 0.2400
 3719 0.2400
 3720 0.2500
 3721 0.2400
 3722 0.2500
 3723 0.2400
 3724 0.2400
 3725 0.2500
 3726 0.2400
 3727 0.2500
 3728 0.2400
 3729 0.2400
 3730 0.2500
 3731 0.2400
 3732 0.2500
 3733 0.2400
 3734 0.2500
 3735 0.2400
 3736 0.2400
 3737 0.2500
 3738 0.2400
 3739 0.2500
 3740 0.2400
 3741 0.2400
 3742 0.2500
 3743 0.2400
 3744 0.2500
 3745 0.2400
 3746 0.2400
 3747 0.2500
 3748 0.2400
 3749 0.2500
 3750 0.2400
 3751 0.2400
 3752 0.2500
 3753 0.2400
 3754 0.2400
 3755 0.2500
 3756 0.2400
 3757 0.2500
 3758 0.2400
 3759 0.2400
 3760 0.2500
 3761 0.2400
 3762 0.2500
 3763 0.2400
 3764 0.2400
 3765 0.2500
 3766 0.2400
 3767 0.2500
 3768 0.2400
 3769 0.2400
 3770 0.2500
 3771 0.2400
 3772 0.2400
 3773 0.2500
 3774 0.2400
 3775 0.2500
 3776 0.2400
 3777 0.2400
 3778 0.2500
 3779 0.2400
 3780 0.2400
 3781 0.2500
 3782 0.2400
 3783 0.2500
 3784 0.2400
 3785 0.2400
 3786 0.2500
 3787 0.2400
 3788 0.2400
 3789 0.2500
 3790 0.2400
 3791 0.2500
 3792 0.2400
 3793 0.2400
 3794 0.2500
 3795 0.2400
 3796 0.2400
 3797 0.2500
 3798 0.2400
 3799 0.2400
 3800 0.2500
 3801 0.2400
 3802 0.2500
 3803 0.2400
 3804 0.2400
 3805 0.2500
 3806 0.2400
 3807 0.2400
 3808 0.2500
 3809 0.2400
 3810 0.2400
 3811 0.2500
 3812 0.2400
 3813 0.2500
 3814 0.2400
 3815 0.2400
 3816 0.2500
 3817 0.2400
 3818 0.2400
 3819 0.2500
 3820 0.2400
 3821 0.2400
 3822 0.2500
 3823 0.2400
 3824 0.2400
 3825 0.2500
 3826 0.2400
 3827 0.2500
 3828 0.2400
 3829 0.2400
 3830 0.2500
 3831 0.2400
 3832 0.2400
 3833 0.2500
 3834 0.2400
 3835 0.2400
 3836 0.2500
 3837 0.2400
 3838 0.2400
 3839 0.2500
 3840 0.2400
 3841 0.2400
 3842 0.2500
 3843 0.2400
 3844 0.2400
 3845 0.2500
 3846 0.2400
 3847 0.2400
 3848 0.2500
 3849 0.2400
 3850 0.2400
 3851 0.2500
 3852 0.2400
 3853 0.2400
 3854 0.2500
 3855 0.2400
 3856 0.2400
 3857 0.2500
 3858 0.2400
 3859 0.2500
 3860 0.2400
 3861 0.2400
 3862 0.2500
 3863 0.2400
 3864 0.2400
 3865 0.2500
 3866 0.2400
 3867 0.2400
 3868 0.2500
 3869 0.2400
 3870 0.2400
 3871 0.2500
 3872 0.2400
 3873 0.2400
 3874 0.2500
 3875 0.2400
 3876 0.2400
 3877 0.2400
 3878 0.2500
 3879 0.2400
 3880 0.2400
 3881 0.2500
 3882 0.2400
 3883 0.2400
 3884 0.2500
 3885 0.2400
 3886 0.2400
 3887 0.2500
 3888 0.2400
 3889 0.2400
 3890 0.2500
 3891 0.2400
 3892 0.2400
 3893 0.2500
 3894 0.2400
 3895 0.2400
 3896 0.2500
 3897 0.2400
 3898 0.2400
 3899 0.2500
 3900 0.2400
 3901 0.2400
 3902 0.2500
 3903 0.2400
 3904 0.2400
 3905 0.2500
 3906 0.2400
 3907 0.2400
 3908 0.2500
 3909 0.2400
 3910 0.2400
 3911 0.2400
 3912 0.2500
 3913 0.2400
 3914 0.2400
 3915 0.2500
 3916 0.2400
 3917 0.2400
 3918 0.2500
 3919 0.2400
 3920 0.2400
 3921 0.2500
 3922 0.2400
 3923 0.2400
 3924 0.2500
 3925 0.2400
 3926 0.2400
 3927 0.2500
 3928 0.2400
 3929 0.2400
 3930 0.2400
 3931 0.2500
 3932 0.2400
 3933 0.2400
 3934 0.2500
 3935 0.2400
 3936 0.2400
 3937 0.2500
 3938 0.2400
 3939 0.2400
 3940 0.2500
 3941 0.2400
 3942 0.2400
 3943 0.2500
 3944 0.2400
 3945 0.2400
 3946 0.2400
 3947 0.2500
 3948 0.2400
 3949 0.2400
 3950 0.2500
 3951 0.2400
 3952 0.2400
 3953 0.2500
 3954 0.2400
 3955 0.2400
 3956 0.2500
 3957 0.2400
 3958 0.2400
 3959 0.2400
 3960 0.2500
 3961 0.2400
 3962 0.2400
 3963 0.2500
 3964 0.2400
 3965 0.2400
 3966 0.2500
 3967 0.2400
 3968 0.2400
 3969 0.2500
 3970 0.2400
 3971 0.2400
 3972 0.2400
 3973 0.2500
 3974 0.2400
 3975 0.2400
 3976 0.2500
 3977 0.2400
 3978 0.2400
 3979 0.2500
 3980 0.2400
 3981 0.2400
 3982 0.2400
 3983 0.2500
 3984 0.2400
 3985 0.2400
 3986 0.2500
 3987 0.2400
 3988 0.2400
 3989 0.2500
 3990 0.2400
 3991 0.2400
 3992 0.2400
 3993 0.2500
 3994 0.2400
 3995 0.2400
 3996 0.2500
 3997 0.2400
 3998 0.2400
 3999 0.2400
 4000 0.2500
 4001 0.2400
 4002 0.2400
 4003 0.2500
 4004 0.2400
 4005 0.2400
 4006 0.2500
 4007 0.2400
 4008 0.2400
 4009 0.2400
 4010 0.2500
 4011 0.2400
 4012 0.2400
 4013 0.2500
 4014 0.2400
 4015 0.2400
 4016 0.2400
 4017 0.2500
 4018 0.2400
 4019 0.2400
 4020 0.2500
 4021 0.2400
 4022 0.2400
 4023 0.2400
 4024 0.2500
 4025 0.2400
 4026 0.2400
 4027 0.2500
 4028 0.2400
 4029 0.2400
 4030 0.2500
 4031 0.2400
 4032 0.2400
 4033 0.2400
 4034 0.2500
 4035 0.2400
 4036 0.2400
 4037 0.2500
 4038 0.2400
 4039 0.2400
 4040 0.2400
 4041 0.2500
 4042 0.2400
 4043 0.2400
 4044 0.2500
 4045 0.2400
 4046 0.2400
 4047 0.2400
 4048 0.2500
 4049 0.2400
 4050 0.2400
 4051 0.2400
 4052 0.2500
 4053 0.2400
 4054 0.2400
 4055 0.2500
 4056 0.2400
 4057 0.2400
 4058 0.2400
 4059 0.2500
 4060 0.2400
 4061 0.2400
 4062 0.2500
 4063 0.2400
 4064 0.2400
 4065 0.2400
 4066 0.2500
 4067 0.2400
 4068 0.2400
 4069 0.2500
 4070 0.2400
 4071 0.2400
 4072 0.2400
 4073 0.2500
 4074 0.2400
 4075 0.2400
 4076 0.2500
 4077 0.2400
 4078 0.2400
 4079 0.2400
 4080 0.2500
 4081 0.2400
 4082 0.2400
 4083 0.2500
 4084 0.2400
 4085 0.2400
 4086 0.2400
 4087 0.2500
 4088 0.2400
 4089 0.2400
 4090 0.2400
 4091 0.2500
 4092 0.2400
 4093 0.2400
 4094 0.2500
 4095 0.2400
 4096 0.2400
 4097 0.2400
 4098 0.2500
 4099 0.2400
 4100 0.2400
 4101 0.2500
 4102 0.2400
 4103 0.2400
 4104 0.2400
 4105 0.2500
 4106 0.2400
 4107 0.2400
 4108 0.2500
 4109 0.2400
 4110 0.2400
 4111 0.2400
 4112 0.2500
 4113 0.2400
 4114 0.2400
 4115 0.2500
 4116 0.2400
 4117 0.2400
 4118 0.2400
 4119 0.2500
 4120 0.2400
 4121 0.2400
 4122 0.2500
 4123 0.2400
 4124 0.2400
 4125 0.2400
 4126 0.2500
 4127 0.2400
 4128 0.2400
 4129 0.2500
 4130 0.2400
 4131 0.2400
 4132 0.2500
 4133 0.2400
 4134 0.2400
 4135 0.2400
 4136 0.2500
 4137 0.2400
 4138 0.2400
 4139 0.2500
 4140 0.2400
 4141 0.2400
 4142 0.2400
 4143 0.2500
 4144 0.2400
 4145 0.2400
 4146 0.2500
 4147 0.2400
 4148 0.2400
 4149 0.2400
 4150 0.2500
 4151 0.2400
 4152 0.2400
 4153 0.2500
 4154 0.2400
 4155 0.2400
 4156 0.2500
 4157 0.2400
 4158 0.2400
 4159 0.2400
 4160 0.2500
 4161 0.2400
 4162 0.2400
 4163 0.2500
 4164 0.2400
 4165 0.2400
 4166 0.2500
 4167 0.2400
 4168 0.2400
 4169 0.2400
 4170 0.2500
 4171 0.2400
 4172 0.2400
 4173 0.2500
 4174 0.2400
 4175 0.2400
 4176 0.2400
 4177 0.2500
 4178 0.2400
 4179 0.2400
 4180 0.2500
 4181 0.2400
 4182 0.2400
 4183 0.2500
 4184 0.2400
 4185 0.2400
 4186 0.2400
 4187 0.2500
 4188 0.2400
 4189 0.2400
 4190 0.2500
 4191 0.2400
 4192 0.2400
 4193 0.2500
 4194 0.2400
 4195 0.2400
 4196 0.2400
 4197 0.2500
 4198 0.2400
 4199 0.2400
 4200 0.2500
 4201 0.2400
 4202 0.2400
 4203 0.2500
 4204 0.2400
 4205 0.2400
 4206 0.2400
 4207 0.2500
 4208 0.2400
 4209 0.2400
 4210 0.2500
 4211 0.2400
 4212 0.2400
 4213 0.2500
 4214 0.2400
 4215 0.2400
 4216 0.2500
 4217 0.2400
 4218 0.2400
 4219 0.2400
 4220 0.2500
 4221 0.2400
 4222 0.2400
 4223 0.2500
 4224 0.2400
 4225 0.2400
 4226 0.2500
 4227 0.2400
 4228 0.2400
 4229 0.2400
 4230 0.2500
 4231 0.2400
 4232 0.2400
 4233 0.2500
 4234 0.2400
 4235 0.2400
 4236 0.2500
 4237 0.2400
 4238 0.2400
 4239 0.2500
 4240 0.2400
 4241 0.2400
 4242 0.2400
 4243 0.2500
 4244 0.2400
 4245 0.2400
 4246 0.2500
 4247 0.2400
 4248 0.2400
 4249 0.2500
 4250 0.2400
 4251 0.2400
 4252 0.2500
 4253 0.2400
 4254 0.2400
 4255 0.2400
 4256 0.2500
 4257 0.2400
 4258 0.2400
 4259 0.2500
 4260 0.2400
 4261 0.2400
 4262 0.2500
 4263 0.2400
 4264 0.2400
 4265 0.2500
 4266 0.2400
 4267 0.2400
 4268 0.2500
 4269 0.2400
 4270 0.2400
 4271 0.2400
 4272 0.2500
 4273 0.2400
 4274 0.2400
 4275 0.2500
 4276 0.2400
 4277 0.2400
 4278 0.2500
 4279 0.2400
 4280 0.2400
 4281 0.2500
 4282 0.2400
 4283 0.2400
 4284 0.2500
 4285 0.2400
 4286 0.2400
 4287 0.2400
 4288 0.2500
 4289 0.2400
 4290 0.2400
 4291 0.2500
 4292 0.2400
 4293 0.2400
 4294 0.2500
 4295 0.2400
 4296 0.2400
 4297 0.2500
 4298 0.2400
 4299 0.2400
 4300 0.2500
 4301 0.2400
 4302 0.2400
 4303 0.2500
 4304 0.2400
 4305 0.2400
 4306 0.2400
 4307 0.2500
 4308 0.2400
 4309 0.2400
 4310 0.2500
 4311 0.2400
 4312 0.2400
 4313 0.2500
 4314 0.2400
 4315 0.2400
 4316 0.2500
 4317 0.2400
 4318 0.2400
 4319 0.2500
 4320 0.2400
 4321 0.2400
 4322 0.2500
 4323 0.2400
 4324 0.2400
 4325 0.2500
 4326 0.2400
 4327 0.2400
 4328 0.2400
 4329 0.2500
 4330 0.2400
 4331 0.2400
 4332 0.2500
 4333 0.2400
 4334 0.2400
 4335 0.2500
 4336 0.2400
 4337 0.2400
 4338 0.2500
 4339 0.2400
 4340 0.2400
 4341 0.2500
 4342 0.2400
 4343 0.2400
 4344 0.2500
 4345 0.2400
 4346 0.2400
 4347 0.2500
 4348 0.2400
 4349 0.2400
 4350 0.2400
 4351 0.2500
 4352 0.2400
 4353 0.2400
 4354 0.2500
 4355 0.2400
 4356 0.2400
 4357 0.2500
 4358 0.2400
 4359 0.2400
 4360 0.2500
 4361 0.2400
 4362 0.2400
 4363 0.2500
 4364 0.2400
 4365 0.2400
 4366 0.2500
 4367 0.2400
 4368 0.2400
 4369 0.2500
 4370 0.2400
 4371 0.2400
 4372 0.2500
 4373 0.2400
 4374 0.2400
 4375 0.2400
 4376 0.2500
 4377 0.2400
 4378 0.2400
 4379 0.2500
 4380 0.2400
 4381 0.2400
 4382 0.2500
 4383 0.2400
 4384 0.2400
 4385 0.2500
 4386 0.2400
 4387 0.2400
 4388 0.2500
 4389 0.2400
 4390 0.2400
 4391 0.2500
 4392 0.2400
 4393 0.2400
 4394 0.2500
 4395 0.2400
 4396 0.2400
 4397 0.2500
 4398 0.2400
 4399 0.2400
 4400 0.2500
 4401 0.2400
 4402 0.2400
 4403 0.2500
 4404 0.2400
 4405 0.2400
 4406 0.2500
 4407 0.2400
 4408 0.2400
 4409 0.2500
 4410 0.2400
 4411 0.2400
 4412 0.2500
 4413 0.2400
 4414 0.2400
 4415 0.2500
 4416 0.2400
 4417 0.2400
 4418 0.2500
 4419 0.2400
 4420 0.2400
 4421 0.2500
 4422 0.2400
 4423 0.2400
 4424 0.2500
 4425 0.2400
 4426 0.2400
 4427 0.2500
 4428 0.2400
 4429 0.2500
 4430 0.2400
 4431 0.2400
 4432 0.2500
 4433 0.2400
 4434 0.2400
 4435 0.2500
 4436 0.2400
 4437 0.2400
 4438 0.2500
 4439 0.2400
 4440 0.2400
 4441 0.2500
 4442 0.2400
 4443 0.2400
 4444 0.2500
 4445 0.2400
 4446 0.2400
 4447 0.2500
 4448 0.2400
 4449 0.2500
 4450 0.2400
 4451 0.2400
 4452 0.2500
 4453 0.2400
 4454 0.2400
 4455 0.2500
 4456 0.2400
 4457 0.2400
 4458 0.2500
 4459 0.2400
 4460 0.2400
 4461 0.2500
 4462 0.2400
 4463 0.2500
 4464 0.2400
 4465 0.2400
 4466 0.2500
 4467 0.2400
 4468 0.2400
 4469 0.2500
 4470 0.2400
 4471 0.2400
 4472 0.2500
 4473 0.2400
 4474 0.2500
 4475 0.2400
 4476 0.2400
 4477 0.2500
 4478 0.2400
 4479 0.2400
 4480 0.2500
 4481 0.2400
 4482 0.2400
 4483 0.2500
 4484 0.2400
 4485 0.2500
 4486 0.2400
 4487 0.2400
 4488 0.2500
 4489 0.2400
 4490 0.2400
 4491 0.2500
 4492 0.2400
 4493 0.2500
 4494 0.2400
 4495 0.2400
 4496 0.2500
 4497 0.2400
 4498 0.2400
 4499 0.2500
 4500 0.2400
 4501 0.2500
 4502 0.2400
 4503 0.2400
 4504 0.2500
 4505 0.2400
 4506 0.2500
 4507 0.2400
 4508 0.2400
 4509 0.2500
 4510 0.2400
 4511 0.2400
 4512 0.2500
 4513 0.2400
 4514 0.2500
 4515 0.2400
 4516 0.2400
 4517 0.2500
 4518 0.2400
 4519 0.2400
 4520 0.2500
 4521 0.2400
 4522 0.2500
 4523 0.2400
 4524 0.2400
 4525 0.2500
 4526 0.2400
 4527 0.2500
 4528 0.2400
 4529 0.2400
 4530 0.2500
 4531 0.2400
 4532 0.2500
 4533 0.2400
 4534 0.2400
 4535 0.2500
 4536 0.2400
 4537 0.2500
 4538 0.2400
 4539 0.2400
 4540 0.2500
 4541 0.2400
 4542 0.2500
 4543 0.2400
 4544 0.2400
 4545 0.2500
 4546 0.2400
 4547 0.2400
 4548 0.2500
 4549 0.2400
 4550 0.2500
 4551 0.2400
 4552 0.2400
 4553 0.2500
 4554 0.2400
 4555 0.2500
 4556 0.2400
 4557 0.2500
 4558 0.2400
 4559 0.2400
 4560 0.2500
 4561 0.2400
 4562 0.2500
 4563 0.2400
 4564 0.2400
 4565 0.2500
 4566 0.2400
 4567 0.2500
 4568 0.2400
 4569 0.2400
 4570 0.2500
 4571 0.2400
 4572 0.2500
 4573 0.2400
 4574 0.2400
 4575 0.2500
 4576 0.2400
 4577 0.2500
 4578 0.2400
 4579 0.2500
 4580 0.2400
 4581 0.2400
 4582 0.2500
 4583 0.2400
 4584 0.2500
 4585 0.2400
 4586 0.2400
 4587 0.2500
 4588 0.2400
 4589 0.2500
 4590 0.2400
 4591 0.2500
 4592 0.2400
 4593 0.2400
 4594 0.2500
 4595 0.2400
 4596 0.2500
 4597 0.2400
 4598 0.2500
 4599 0.2400
 4600 0.2400
 4601 0.2500
 4602 0.2400
 4603 0.2500
 4604 0.2400
 4605 0.2400
 4606 0.2500
 4607 0.2400
 4608 0.2500
 4609 0.2400
 4610 0.2500
 4611 0.2400
 4612 0.2500
 4613 0.2400
 4614 0.2400
 4615 0.2500
 4616 0.2400
 4617 0.2500
 4618 0.2400
 4619 0.2500
 4620 0.2400
 4621 0.2400
 4622 0.2500
 4623 0.2400
 4624 0.2500
 4625 0.2400
 4626 0.2500
 4627 0.2400
 4628 0.2400
 4629 0.2500
 4630 0.2400
 4631 0.2500
 4632 0.2400
 4633 0.2500
 4634 0.2400
 4635 0.2400
 4636 0.2500
 4637 0.2400
 4638 0.2500
 4639 0.2400
 4640 0.2500
 4641 0.2400
 4642 0.2500
 4643 0.2400
 4644 0.2400
 4645 0.2500
 4646 0.2400
 4647 0.2500
 4648 0.2400
 4649 0.2500
 4650 0.2400
 4651 0.2500
 4652 0.2400
 4653 0.2400
 4654 0.2500
 4655 0.2400
 4656 0.2500
 4657 0.2400
 4658 0.2500
 4659 0.2400
 4660 0.2500
 4661 0.2400
 4662 0.2400
 4663 0.2500
 4664 0.2400
 4665 0.2500
 4666 0.2400
 4667 0.2500
 4668 0.2400
 4669 0.2500
 4670 0.2400
 4671 0.2500
 4672 0.2400
 4673 0.2400
 4674 0.2500
 4675 0.2400
 4676 0.2500
 4677 0.2400
 4678 0.2500
 4679 0.2400
 4680 0.2500
 4681 0.2400
 4682 0.2500
 4683 0.2400
 4684 0.2400
 4685 0.2500
 4686 0.2400
 4687 0.2500
 4688 0.2400
 4689 0.2500
 4690 0.2400
 4691 0.2500
 4692 0.2400
 4693 0.2500
 4694 0.2400
 4695 0.2400
 4696 0.2500
 4697 0.2400
 4698 0.2500
 4699 0.2400
 4700 0.2500
 4701 0.2400
 4702 0.2500
 4703 0.2400
 4704 0.2500
 4705 0.2400
 4706 0.2500
 4707 0.2400
 4708 0.2400
 4709 0.2500
 4710 0.2400
 4711 0.2500
 4712 0.2400
 4713 0.2500
 4714 0.2400
 4715 0.2500
 4716 0.2400
 4717 0.2500
 4718 0.2400
 4719 0.2500
 4720 0.2400
 4721 0.2500
 4722 0.2400
 4723 0.2500
 4724 0.2400
 4725 0.2500
 4726 0.2400
 4727 0.2400
 4728 0.2500
 4729 0.2400
 4730 0.2500
 4731 0.2400
 4732 0.2500
 4733 0.2400
 4734 0.2500
 4735 0.2400
 4736 0.2500
 4737 0.2400
 4738 0.2500
 4739 0.2400
 4740 0.2500
 4741 0.2400
 4742 0.2500
 4743 0.2400
 4744 0.2500
 4745 0.2400
 4746 0.2500
 4747 0.2400
 4748 0.2500
 4749 0.2400
 4750 0.2500
 4751 0.2400
 4752 0.2500
 4753 0.2400
 4754 0.2500
 4755 0.2400
 4756 0.2500
 4757 0.2400
 4758 0.2500
 4759 0.2400
 4760 0.2500
 4761 0.2400
 4762 0.2500
 4763 0.2400
 4764 0.2500
 4765 0.2400
 4766 0.2500
 4767 0.2400
 4768 0.2500
 4769 0.2400
 4770 0.2500
 4771 0.2400
 4772 0.2500
 4773 0.2400
 4774 0.2500
 4775 0.2400
 4776 0.2500
 4777 0.2400
 4778 0.2500
 4779 0.2400
 4780 0.2500
 4781 0.2400
 4782 0.2500
 4783 0.2400
 4784 0.2500
 4785 0.2400
 4786 0.2500
 4787 0.2400
 4788 0.2500
 4789 0.2400
 4790 0.2500
 4791 0.2400
 4792 0.2500
 4793 0.2400
 4794 0.2500
 4795 0.2400
 4796 0.2500
 4797 0.2400
 4798 0.2500
 4799 0.2400
 4800 0.2500
 4801 0.2400
 4802 0.2500
 4803 0.2400
 4804 0.2500
 4805 0.2400
 4806 0.2500
 4807 0.2400
 4808 0.2500
 4809 0.2500
 4810 0.2400
 4811 0.2500
 4812 0.2400
 4813 0.2500
 4814 0.2400
 4815 0.2500
 4816 0.2400
 4817 0.2500
 4818 0.2400
 4819 0.2500
 4820 0.2400
 4821 0.2500
 4822 0.2400
 4823 0.2500
 4824 0.2400
 4825 0.2500
 4826 0.2400
 4827 0.2500
 4828 0.2500
 4829 0.2400
 4830 0.2500
 4831 0.2400
 4832 0.2500
 4833 0.2400
 4834 0.2500
 4835 0.2400
 4836 0.2500
 4837 0.2400
 4838 0.2500
 4839 0.2400
 4840 0.2500
 4841 0.2500
 4842 0.2400
 4843 0.2500
 4844 0.2400
 4845 0.2500
 4846 0.2400
 4847 0.2500
 4848 0.2400
 4849 0.2500
 4850 0.2400
 4851 0.2500
 4852 0.2500
 4853 0.2400
 4854 0.2500
 4855 0.2400
 4856 0.2500
 4857 0.2400
 4858 0.2500
 4859 0.2400
 4860 0.2500
 4861 0.2400
 4862 0.2500
 4863 0.2500
 4864 0.2400
 4865 0.2500
 4866 0.2400
 4867 0.2500
 4868 0.2400
 4869 0.2500
 4870 0.2400
 4871 0.2500
 4872 0.2500
 4873 0.2400
 4874 0.2500
 4875 0.2400
 4876 0.2500
 4877 0.2400
 4878 0.2500
 4879 0.2400
 4880 0.2500
 4881 0.2500
 4882 0.2400
 4883 0.2500
 4884 0.2400
 4885 0.2500
 4886 0.2400
 4887 0.2500
 4888 0.2400
 4889 0.2500
 4890 0.2500
 4891 0.2400
 4892 0.2500
 4893 0.2400
 4894 0.2500
 4895 0.2400
 4896 0.2500
 4897 0.2400
 4898 0.2500
 4899 0.2500
 4900 0.2400
 4901 0.2500
 4902 0.2400
 4903 0.2500
 4904 0.2400
 4905 0.2500
 4906 0.2500
 4907 0.2400
 4908 0.2500
 4909 0.2400
 4910 0.2500
 4911 0.2400
 4912 0.2500
 4913 0.2400
 4914 0.2500
 4915 0.2500
 4916 0.2400
 4917 0.2500
 4918 0.2400
 4919 0.2500
 4920 0.2400
 4921 0.2500
 4922 0.2500
 4923 0.2400
 4924 0.2500
 4925 0.2400
 4926 0.2500
 4927 0.2400
 4928 0.2500
 4929 0.2500
 4930 0.2400
 4931 0.2500
 4932 0.2400
 4933 0.2500
 4934 0.2500
 4935 0.2400
 4936 0.2500
 4937 0.2400
 4938 0.2500
 4939 0.2400
 4940 0.2500
 4941 0.2500
 4942 0.2400
 4943 0.2500
 4944 0.2400
 4945 0.2500
 4946 0.2400
 4947 0.2500
 4948 0.2500
 4949 0.2400
 4950 0.2500
 4951 0.2400
 4952 0.2500
 4953 0.2500
 4954 0.2400
 4955 0.2500
 4956 0.2400
 4957 0.2500
 4958 0.2500
 4959 0.2400
 4960 0.2500
 4961 0.2400
 4962 0.2500
 4963 0.2400
 4964 0.2500
 4965 0.2500
 4966 0.2400
 4967 0.2500
 4968 0.2400
 4969 0.2500
 4970 0.2500
 4971 0.2400
 4972 0.2500
 4973 0.2400
 4974 0.2500
 4975 0.2500
 4976 0.2400
 4977 0.2500
 4978 0.2400
 4979 0.2500
 4980 0.2500
 4981 0.2400
 4982 0.2500
 4983 0.2400
 4984 0.2500
 4985 0.2500
 4986 0.2400
 4987 0.2500
 4988 0.2400
 4989 0.2500
 4990 0.2500
 4991 0.2400
 4992 0.2500
 4993 0.2400
 4994 0.2500
 4995 0.2500
 4996 0.2400
 4997 0.2500
 4998 0.2400
 4999 0.2500
 5000 0.2500
 5001 0.2400
 5002 0.2500
 5003 0.2400
 5004 0.2500
 5005 0.2500
 5006 0.2400
 5007 0.2500
 5008 0.2500
 5009 0.2400
 5010 0.2500
 5011 0.2400
 5012 0.2500
 5013 0.2500
 5014 0.2400
 5015 0.2500
 5016 0.2400
 5017 0.2500
 5018 0.2500
 5019 0.2400
 5020 0.2500
 5021 0.2400
 5022 0.2500
 5023 0.2500
 5024 0.2400
 5025 0.2500
 5026 0.2500
 5027 0.2400
 5028 0.2500
 5029 0.2400
 5030 0.2500
 5031 0.2500
 5032 0.2400
 5033 0.2500
 5034 0.2500
 5035 0.2400
 5036 0.2500
 5037 0.2400
 5038 0.2500
 5039 0.2500
 5040 0.2400
 5041 0.2500
 5042 0.2400
 5043 0.2500
 5044 0.2500
 5045 0.2400
 5046 0.2500
 5047 0.2500
 5048 0.2400
 5049 0.2500
 5050 0.2400
 5051 0.2500
 5052 0.2500
 5053 0.2400
 5054 0.2500
 5055 0.2500
 5056 0.2400
 5057 0.2500
 5058 0.2400
 5059 0.2500
 5060 0.2500
 5061 0.2400
 5062 0.2500
 5063 0.2500
 5064 0.2400
 5065 0.2500
 5066 0.2400
 5067 0.2500
 5068 0.2500
 5069 0.2400
 5070 0.2500
 5071 0.2500
 5072 0.2400
 5073 0.2500
 5074 0.2500
 5075 0.2400
 5076 0.2500
 5077 0.2400
 5078 0.2500
 5079 0.2500
 5080 0.2400
 5081 0.2500
 5082 0.2500
 5083 0.2400
 5084 0.2500
 5085 0.2400
 5086 0.2500
 5087 0.2500
 5088 0.2400
 5089 0.2500
 5090 0.2500
 5091 0.2400
 5092 0.2500
 5093 0.2400
 5094 0.2500
 5095 0.2500
 5096 0.2400
 5097 0.2500
 5098 0.2500
 5099 0.2400
 5100 0.2500
 5101 0.2400
 5102 0.2500
 5103 0.2500
 5104 0.2400
 5105 0.2500
 5106 0.2500
 5107 0.2400
 5108 0.2500
 5109 0.2500
 5110 0.2400
 5111 0.2500
 5112 0.2400
 5113 0.2500
 5114 0.2500
 5115 0.2400
 5116 0.2500
 5117 0.2500
 5118 0.2400
 5119 0.2500
 5120 0.2400
 5121 0.2500
 5122 0.2500
 5123 0.2400
 5124 0.2500
 5125 0.2500
 5126 0.2400
 5127 0.2500
 5128 0.2400
 5129 0.2500
 5130 0.2500
 5131 0.2400
 5132 0.2500
 5133 0.2500
 5134 0.2400
 5135 0.2500
 5136 0.2500
 5137 0.2400
 5138 0.2500
 5139 0.2400
 5140 0.2500
 5141 0.2500
 5142 0.2400
 5143 0.2500
 5144 0.2500
 5145 0.2400
 5146 0.2500
 5147 0.2400
 5148 0.2500
 5149 0.2500
 5150 0.2400
 5151 0.2500
 5152 0.2500
 5153 0.2400
 5154 0.2500
 5155 0.2500
 5156 0.2400
 5157 0.2500
 5158 0.2400
 5159 0.2500
 5160 0.2500
 5161 0.2400
 5162 0.2500
 5163 0.2500
 5164 0.2400
 5165 0.2500
 5166 0.2500
 5167 0.2400
 5168 0.2500
 5169 0.2400
 5170 0.2500
 5171 0.2500
 5172 0.2400
 5173 0.2500
 5174 0.2500
 5175 0.2400
 5176 0.2500
 5177 0.2500
 5178 0.2400
 5179 0.2500
 5180 0.2500
 5181 0.2400
 5182 0.2500
 5183 0.2400
 5184 0.2500
 5185 0.2500
 5186 0.2400
 5187 0.2500
 5188 0.2500
 5189 0.2400
 5190 0.2500
 5191 0.2500
 5192 0.2400
 5193 0.2500
 5194 0.2500
 5195 0.2400
 5196 0.2500
 5197 0.2500
 5198 0.2400
 5199 0.2500
 5200 0.2400
 5201 0.2500
 5202 0.2500
 5203 0.2400
 5204 0.2500
 5205 0.2500
 5206 0.2400
 5207 0.2500
 5208 0.2500
 5209 0.2400
 5210 0.2500
 5211 0.2500
 5212 0.2400
 5213 0.2500
 5214 0.2500
 5215 0.2400
 5216 0.2500
 5217 0.2500
 5218 0.2400
 5219 0.2500
 5220 0.2500
 5221 0.2400
 5222 0.2500
 5223 0.2500
 5224 0.2400
 5225 0.2500
 5226 0.2500
 5227 0.2400
 5228 0.2500
 5229 0.2500
 5230 0.2400
 5231 0.2500
 5232 0.2400
 5233 0.2500
 5234 0.2500
 5235 0.2400
 5236 0.2500
 5237 0.2500
 5238 0.2400
 5239 0.2500
 5240 0.2500
 5241 0.2400
 5242 0.2500
 5243 0.2500
 5244 0.2400
 5245 0.2500
 5246 0.2500
 5247 0.2500
 5248 0.2400
 5249 0.2500
 5250 0.2500
 5251 0.2400
 5252 0.2500
 5253 0.2500
 5254 0.2400
 5255 0.2500
 5256 0.2500
 5257 0.2400
 5258 0.2500
 5259 0.2500
 5260 0.2400
 5261 0.2500
 5262 0.2500
 5263 0.2400
 5264 0.2500
 5265 0.2500
 5266 0.2400
 5267 0.2500
 5268 0.2500
 5269 0.2400
 5270 0.2500
 5271 0.2500
 5272 0.2400
 5273 0.2500
 5274 0.2500
 5275 0.2400
 5276 0.2500
 5277 0.2500
 5278 0.2500
 5279 0.2400
 5280 0.2500
 5281 0.2500
 5282 0.2400
 5283 0.2500
 5284 0.2500
 5285 0.2400
 5286 0.2500
 5287 0.2500
 5288 0.2400
 5289 0.2500
 5290 0.2500
 5291 0.2400
 5292 0.2500
 5293 0.2500
 5294 0.2500
 5295 0.2400
 5296 0.2500
 5297 0.2500
 5298 0.2400
 5299 0.2500
 5300 0.2500
 5301 0.2400
 5302 0.2500
 5303 0.2500
 5304 0.2400
 5305 0.2500
 5306 0.2500
 5307 0.2500
 5308 0.2400
 5309 0.2500
 5310 0.2500
 5311 0.2400
 5312 0.2500
 5313 0.2500
 5314 0.2400
 5315 0.2500
 5316 0.2500
 5317 0.2500
 5318 0.2400
 5319 0.2500
 5320 0.2500
 5321 0.2400
 5322 0.2500
 5323 0.2500
 5324 0.2400
 5325 0.2500
 5326 0.2500
 5327 0.2500
 5328 0.2400
 5329 0.2500
 5330 0.2500
 5331 0.2400
 5332 0.2500
 5333 0.2500
 5334 0.2500
 5335 0.2400
 5336 0.2500
 5337 0.2500
 5338 0.2400
 5339 0.2500
 5340 0.2500
 5341 0.2500
 5342 0.2400
 5343 0.2500
 5344 0.2500
 5345 0.2400
 5346 0.2500
 5347 0.2500
 5348 0.2500
 5349 0.2400
 5350 0.2500
 5351 0.2500
 5352 0.2400
 5353 0.2500
 5354 0.2500
 5355 0.2500
 5356 0.2400
 5357 0.2500
 5358 0.2500
 5359 0.2400
 5360 0.2500
 5361 0.2500
 5362 0.2500
 5363 0.2400
 5364 0.2500
 5365 0.2500
 5366 0.2500
 5367 0.2400
 5368 0.2500
 5369 0.2500
 5370 0.2400
 5371 0.2500
 5372 0.2500
 5373 0.2500
 5374 0.2400
 5375 0.2500
 5376 0.2500
 5377 0.2500
 5378 0.2400
 5379 0.2500
 5380 0.2500
 5381 0.2400
 5382 0.2500
 5383 0.2500
 5384 0.2500
 5385 0.2400
 5386 0.2500
 5387 0.2500
 5388 0.2500
 5389 0.2400
 5390 0.2500
 5391 0.2500
 5392 0.2500
 5393 0.2400
 5394 0.2500
 5395 0.2500
 5396 0.2400
 5397 0.2500
 5398 0.2500
 5399 0.2500
 5400 0.2400
 5401 0.2500
 5402 0.2500
 5403 0.2500
 5404 0.2400
 5405 0.2500
 5406 0.2500
 5407 0.2500
 5408 0.2400
 5409 0.2500
 5410 0.2500
 5411 0.2500
 5412 0.2400
 5413 0.2500
 5414 0.2500
 5415 0.2500
 5416 0.2400
 5417 0.2500
 5418 0.2500
 5419 0.2500
 5420 0.2400
 5421 0.2500
 5422 0.2500
 5423 0.2500
 5424 0.2400
 5425 0.2500
 5426 0.2500
 5427 0.2500
 5428 0.2400
 5429 0.2500
 5430 0.2500
 5431 0.2500
 5432 0.2400
 5433 0.2500
 5434 0.2500
 5435 0.2500
 5436 0.2400
 5437 0.2500
 5438 0.2500
 5439 0.2500
 5440 0.2400
 5441 0.2500
 5442 0.2500
 5443 0.2500
 5444 0.2400
 5445 0.2500
 5446 0.2500
 5447 0.2500
 5448 0.2400
 5449 0.2500
 5450 0.2500
 5451 0.2500
 5452 0.2500
 5453 0.2400
 5454 0.2500
 5455 0.2500
 5456 0.2500
 5457 0.2400
 5458 0.2500
 5459 0.2500
 5460 0.2500
 5461 0.2400
 5462 0.2500
 5463 0.2500
 5464 0.2500
 5465 0.2400
 5466 0.2500
 5467 0.2500
 5468 0.2500
 5469 0.2400
 5470 0.2500
 5471 0.2500
 5472 0.2500
 5473 0.2500
 5474 0.2400
 5475 0.2500
 5476 0.2500
 5477 0.2500
 5478 0.2400
 5479 0.2500
 5480 0.2500
 5481 0.2500
 5482 0.2400
 5483 0.2500
 5484 0.2500
 5485 0.2500
 5486 0.2400
 5487 0.2500
 5488 0.2500
 5489 0.2500
 5490 0.2500
 5491 0.2400
 5492 0.2500
 5493 0.2500
 5494 0.2500
 5495 0.2400
 5496 0.2500
 5497 0.2500
 5498 0.2500
 5499 0.2400
 5500 0.2500
 5501 0.2500
 5502 0.2500
 5503 0.2500
 5504 0.2400
 5505 0.2500
 5506 0.2500
 5507 0.2500
 5508 0.2400
 5509 0.2500
 5510 0.2500
 5511 0.2500
 5512 0.2500
 5513 0.2400
 5514 0.2500
 5515 0.2500
 5516 0.2500
 5517 0.2400
 5518 0.2500
 5519 0.2500
 5520 0.2500
 5521 0.2500
 5522 0.2400
 5523 0.2500
 5524 0.2500
 5525 0.2500
 5526 0.2400
 5527 0.2500
 5528 0.2500
 5529 0.2500
 5530 0.2500
 5531 0.2400
 5532 0.2500
 5533 0.2500
 5534 0.2500
 5535 0.2400
 5536 0.2500
 5537 0.2500
 5538 0.2500
 5539 0.2500
 5540 0.2400
 5541 0.2500
 5542 0.2500
 5543 0.2500
 5544 0.2400
 5545 0.2500
 5546 0.2500
 5547 0.2500
 5548 0.2500
 5549 0.2400
 5550 0.2500
 5551 0.2500
 5552 0.2500
 5553 0.2500
 5554 0.2400
 5555 0.2500
 5556 0.2500
 5557 0.2500
 5558 0.2400
 5559 0.2500
 5560 0.2500
 5561 0.2500
 5562 0.2500
 5563 0.2400
 5564 0.2500
 5565 0.2500
 5566 0.2500
 5567 0.2500
 5568 0.2400
 5569 0.2500
 5570 0.2500
 5571 0.2500
 5572 0.2500
 5573 0.2400
 5574 0.2500
 5575 0.2500
 5576 0.2500
 5577 0.2500
 5578 0.2400
 5579 0.2500
 5580 0.2500
 5581 0.2500
 5582 0.2500
 5583 0.2400
 5584 0.2500
 5585 0.2500
 5586 0.2500
 5587 0.2500
 5588 0.2400
 5589 0.2500
 5590 0.2500
 5591 0.2500
 5592 0.2500
 5593 0.2400
 5594 0.2500
 5595 0.2500
 5596 0.2500
 5597 0.2500
 5598 0.2500
 5599 0.2400
 5600 0.2500
 5601 0.2500
 5602 0.2500
 5603 0.2500
 5604 0.2400
 5605 0.2500
 5606 0.2500
 5607 0.2500
 5608 0.2500
 5609 0.2400
 5610 0.2500
 5611 0.2500
 5612 0.2500
 5613 0.2500
 5614 0.2500
 5615 0.2400
 5616 0.2500
 5617 0.2500
 5618 0.2500
 5619 0.2500
 5620 0.2500
 5621 0.2400
 5622 0.2500
 5623 0.2500
 5624 0.2500
 5625 0.2500
 5626 0.2400
 5627 0.2500
 5628 0.2500
 5629 0.2500
 5630 0.2500
 5631 0.2500
 5632 0.2400
 5633 0.2500
 5634 0.2500
 5635 0.2500
 5636 0.2500
 5637 0.2500
 5638 0.2400
 5639 0.2500
 5640 0.2500
 5641 0.2500
 5642 0.2500
 5643 0.2500
 5644 0.2400
 5645 0.2500
 5646 0.2500
 5647 0.2500
 5648 0.2500
 5649 0.2500
 5650 0.2400
 5651 0.2500
 5652 0.2500
 5653 0.2500
 5654 0.2500
 5655 0.2500
 5656 0.2400
 5657 0.2500
 5658 0.2500
 5659 0.2500
 5660 0.2500
 5661 0.2500
 5662 0.2400
 5663 0.2500
 5664 0.2500
 5665 0.2500
 5666 0.2500
 5667 0.2500
 5668 0.2500
 5669 0.2400
 5670 0.2500
 5671 0.2500
 5672 0.2500
 5673 0.2500
 5674 0.2500
 5675 0.2400
 5676 0.2500
 5677 0.2500
 5678 0.2500
 5679 0.2500
 5680 0.2500
 5681 0.2500
 5682 0.2400
 5683 0.2500
 5684 0.2500
 5685 0.2500
 5686 0.2500
 5687 0.2500
 5688 0.2400
 5689 0.2500
 5690 0.2500
 5691 0.2500
 5692 0.2500
 5693 0.2500
 5694 0.2500
 5695 0.2400
 5696 0.2500
 5697 0.2500
 5698 0.2500
 5699 0.2500
 5700 0.2500
 5701 0.2500
 5702 0.2400
 5703 0.2500
 5704 0.2500
 5705 0.2500
 5706 0.2500
 5707 0.2500
 5708 0.2500
 5709 0.2400
 5710 0.2500
 5711 0.2500
 5712 0.2500
 5713 0.2500
 5714 0.2500
 5715 0.2500
 5716 0.2400
 5717 0.2500
 5718 0.2500
 5719 0.2500
 5720 0.2500
 5721 0.2500
 5722 0.2500
 5723 0.2400
 5724 0.2500
 5725 0.2500
 5726 0.2500
 5727 0.2500
 5728 0.2500
 5729 0.2500
 5730 0.2400
 5731 0.2500
 5732 0.2500
 5733 0.2500
 5734 0.2500
 5735 0.2500
 5736 0.2500
 5737 0.2400
 5738 0.2500
 5739 0.2500
 5740 0.2500
 5741 0.2500
 5742 0.2500
 5743 0.2500
 5744 0.2400
 5745 0.2500
 5746 0.2500
 5747 0.2500
 5748 0.2500
 5749 0.2500
 5750 0.2500
 5751 0.2400
 5752 0.2500
 5753 0.2500
 5754 0.2500
 5755 0.2500
 5756 0.2500
 5757 0.2500
 5758 0.2400
 5759 0.2500
 5760 0.2500
 5761 0.2500
 5762 0.2500
 5763 0.2500
 5764 0.2500
 5765 0.2400
 5766 0.2500
 5767 0.2500
 5768 0.2500
 5769 0.2500
 5770 0.2500
 5771 0.2500
 5772 0.2500
 5773 0.2400
 5774 0.2500
 5775 0.2500
 5776 0.2500
 5777 0.2500
 5778 0.2500
 5779 0.2500
 5780 0.2400
 5781 0.2500
 5782 0.2500
 5783 0.2500
 5784 0.2500
 5785 0.2500
 5786 0.2500
 5787 0.2400
 5788 0.2500
 5789 0.2500
 5790 0.2500
 5791 0.2500
 5792 0.2500
 5793 0.2500
 5794 0.2500
 5795 0.2400
 5796 0.2500
 5797 0.2500
 5798 0.2500
 5799 0.2500
 5800 0.2500
 5801 0.2500
 5802 0.2400
 5803 0.2500
 5804 0.2500
 5805 0.2500
 5806 0.2500
 5807 0.2500
 5808 0.2500
 5809 0.2500
 5810 0.2400
 5811 0.2500
 5812 0.2500
 5813 0.2500
 5814 0.2500
 5815 0.2500
 5816 0.2500
 5817 0.2500
 5818 0.2400
 5819 0.2500
 5820 0.2500
 5821 0.2500
 5822 0.2500
 5823 0.2500
 5824 0.2500
 5825 0.2500
 5826 0.2400
 5827 0.2500
 5828 0.2500
 5829 0.2500
 5830 0.2500
 5831 0.2500
 5832 0.2500
 5833 0.2500
 5834 0.2400
 5835 0.2500
 5836 0.2500
 5837 0.2500
 5838 0.2500
 5839 0.2500
 5840 0.2500
 5841 0.2500
 5842 0.2400
 5843 0.2500
 5844 0.2500
 5845 0.2500
 5846 0.2500
 5847 0.2500
 5848 0.2500
 5849 0.2500
 5850 0.2400
 5851 0.2500
 5852 0.2500
 5853 0.2500
 5854 0.2500
 5855 0.2500
 5856 0.2500
 5857 0.2500
 5858 0.2400
 5859 0.2500
 5860 0.2500
 5861 0.2500
 5862 0.2500
 5863 0.2500
 5864 0.2500
 5865 0.2500
 5866 0.2500
 5867 0.2400
 5868 0.2500
 5869 0.2500
 5870 0.2500
 5871 0.2500
 5872 0.2500
 5873 0.2500
 5874 0.2500
 5875 0.2400
 5876 0.2500
 5877 0.2500
 5878 0.2500
 5879 0.2500
 5880 0.2500
 5881 0.2500
 5882 0.2500
 5883 0.2500
 5884 0.2400
 5885 0.2500
 5886 0.2500
 5887 0.2500
 5888 0.2500
 5889 0.2500
 5890 0.2500
 5891 0.2500
 5892 0.2400
 5893 0.2500
 5894 0.2500
 5895 0.2500
 5896 0.2500
 5897 0.2500
 5898 0.2500
 5899 0.2500
 5900 0.2500
 5901 0.2400
 5902 0.2500
 5903 0.2500
 5904 0.2500
 5905 0.2500
 5906 0.2500
 5907 0.2500
 5908 0.2500
 5909 0.2400
 5910 0.2500
 5911 0.2500
 5912 0.2500
 5913 0.2500
 5914 0.2500
 5915 0.2500
 5916 0.2500
 5917 0.2500
 5918 0.2400
 5919 0.2500
 5920 0.2500
 5921 0.2500
 5922 0.2500
 5923 0.2500
 5924 0.2500
 5925 0.2500
 5926 0.2500
 5927 0.2400
 5928 0.2500
 5929 0.2500
 5930 0.2500
 5931 0.2500
 5932 0.2500
 5933 0.2500
 5934 0.2500
 5935 0.2500
 5936 0.2400
 5937 0.2500
 5938 0.2500
 5939 0.2500
 5940 0.2500
 5941 0.2500
 5942 0.2500
 5943 0.2500
 5944 0.2500
 5945 0.2400
 5946 0.2500
 5947 0.2500
 5948 0.2500
 5949 0.2500
 5950 0.2500
 5951 0.2500
 5952 0.2500
 5953 0.2500
 5954 0.2400
 5955 0.2500
 5956 0.2500
 5957 0.2500
 5958 0.2500
 5959 0.2500
 5960 0.2500
 5961 0.2500
 5962 0.2500
 5963 0.2400
 5964 0.2500
 5965 0.2500
 5966 0.2500
 5967 0.2500
 5968 0.2500
 5969 0.2500
 5970 0.2500
 5971 0.2500
 5972 0.2400
 5973 0.2500
 5974 0.2500
 5975 0.2500
 5976 0.2500
 5977 0.2500
 5978 0.2500
 5979 0.2500
 5980 0.2500
 5981 0.2500
 5982 0.2400
 5983 0.2500
 5984 0.2500
 5985 0.2500
 5986 0.2500
 5987 0.2500
 5988 0.2500
 5989 0.2500
 5990 0.2500
 5991 0.2400
 5992 0.2500
 5993 0.2500
 5994 0.2500
 5995 0.2500
 5996 0.2500
 5997 0.2500
 5998 0.2500
 5999 0.2500
 6000 0.2500
 6001 0.2400
 6002 0.2500
 6003 0.2500
 6004 0.2500
 6005 0.2500
 6006 0.2500
 6007 0.2500
 6008 0.2500
 6009 0.2500
 6010 0.2500
 6011 0.2400
 6012 0.2500
 6013 0.2500
 6014 0.2500
 6015 0.2500
 6016 0.2500
 6017 0.2500
 6018 0.2500
 6019 0.2500
 6020 0.2500
 6021 0.2500
 6022 0.2400
 6023 0.2500
 6024 0.2500
 6025 0.2500
 6026 0.2500
 6027 0.2500
 6028 0.2500
 6029 0.2500
 6030 0.2500
 6031 0.2500
 6032 0.2400
 6033 0.2500
 6034 0.2500
 6035 0.2500
 6036 0.2500
 6037 0.2500
 6038 0.2500
 6039 0.2500
 6040 0.2500
 6041 0.2500
 6042 0.2500
 6043 0.2500
 6044 0.2400
 6045 0.2500
 6046 0.2500
 6047 0.2500
 6048 0.2500
 6049 0.2500
 6050 0.2500
 6051 0.2500
 6052 0.2500
 6053 0.2500
 6054 0.2500
 6055 0.2400
 6056 0.2500
 6057 0.2500
 6058 0.2500
 6059 0.2500
 6060 0.2500
 6061 0.2500
 6062 0.2500
 6063 0.2500
 6064 0.2500
 6065 0.2500
 6066 0.2500
 6067 0.2500
 6068 0.2400
 6069 0.2500
 6070 0.2500
 6071 0.2500
 6072 0.2500
 6073 0.2500
 6074 0.2500
 6075 0.2500
 6076 0.2500
 6077 0.2500
 6078 0.2500
 6079 0.2500
 6080 0.2500
 6081 0.2400
 6082 0.2500
 6083 0.2500
 6084 0.2500
 6085 0.2500
 6086 0.2500
 6087 0.2500
 6088 0.2500
 6089 0.2500
 6090 0.2500
 6091 0.2500
 6092 0.2500
 6093 0.2500
 6094 0.2400
 6095 0.2500
 6096 0.2500
 6097 0.2500
 6098 0.2500
 6099 0.2500
 6100 0.2500
 6101 0.2500
 6102 0.2500
 6103 0.2500
 6104 0.2500
 6105 0.2500
 6106 0.2500
 6107 0.2500
 6108 0.2400
 6109 0.2500
 6110 0.2500
 6111 0.2500
 6112 0.2500
 6113 0.2500
 6114 0.2500
 6115 0.2500
 6116 0.2500
 6117 0.2500
 6118 0.2500
 6119 0.2500
 6120 0.2500
 6121 0.2500
 6122 0.2500
 6123 0.2400
 6124 0.2500
 6125 0.2500
 6126 0.2500
 6127 0.2500
 6128 0.2500
 6129 0.2500
 6130 0.2500
 6131 0.2500
 6132 0.2500
 6133 0.2500
 6134 0.2500
 6135 0.2500
 6136 0.2500
 6137 0.2500
 6138 0.2500
 6139 0.2500
 6140 0.2400
 6141 0.2500
 6142 0.2500
 6143 0.2500
 6144 0.2500
 6145 0.2500
 6146 0.2500
 6147 0.2500
 6148 0.2500
 6149 0.2500
 6150 0.2500
 6151 0.2500
 6152 0.2500
 6153 0.2500
 6154 0.2500
 6155 0.2500
 6156 0.2500
 6157 0.2400
 6158 0.2500
 6159 0.2500
 6160 0.2500
 6161 0.2500
 6162 0.2500
 6163 0.2500
 6164 0.2500
 6165 0.2500
 6166 0.2500
 6167 0.2500
 6168 0.2500
 6169 0.2500
 6170 0.2500
 6171 0.2500
 6172 0.2500
 6173 0.2500
 6174 0.2500
 6175 0.2500
 6176 0.2500
 6177 0.2400
 6178 0.2500
 6179 0.2500
 6180 0.2500
 6181 0.2500
 6182 0.2500
 6183 0.2500
 6184 0.2500
 6185 0.2500
 6186 0.2500
 6187 0.2500
 6188 0.2500
 6189 0.2500
 6190 0.2500
 6191 0.2500
 6192 0.2500
 6193 0.2500
 6194 0.2500
 6195 0.2500
 6196 0.2500
 6197 0.2500
 6198 0.2500
 6199 0.2500
 6200 0.2500
 6201 0.2500
 6202 0.2500
 6203 0.2500
 6204 0.2500
 6205 0.2400
 6206 0.2500
 6207 0.2500
 6208 0.2500
 6209 0.2500
 6210 0.2500
 6211 0.2500
 6212 0.2500
 6213 0.2500
 6214 0.2500
 6215 0.2500
 6216 0.2500
 6217 0.2500
 6218 0.2500
 6219 0.2500
 6220 0.2500
 6221 0.2500
 6222 0.2500
 6223 0.2500
 6224 0.2500
 6225 0.2500
 6226 0.2500
 6227 0.2500
 6228 0.2500
 6229 0.2500
 6230 0.2500
 6231 0.2500
 6232 0.2500
 6233 0.2500
 6234 0.2500
 6235 0.2500
 6236 0.2500
 6237 0.2500
 6238 0.2500
 6239 0.2500
 6240 0.2500
 6241 0.2500
 6242 0.2500
 6243 0.2500
 6244 0.2500
 6245 0.2500
 6246 0.2500
 6247 0.2500
 6248 0.2500
 6249 0.2500
 6250 0.2500
 6251 0.2500
 6252 0.2500
 6253 0.2500
 6254 0.2500
 6255 0.2500
 6256 0.2500
 6257 0.2500
 6258 0.2500
 6259 0.2500
 6260 0.2500
 6261 0.2500
 6262 0.2500
 6263 0.2500
 6264 0.2500
 6265 0.2500
 6266 0.2500
 6267 0.2500
 6268 0.2500
 6269 0.2500
 6270 0.2500
 6271 0.2500
 6272 0.2500
 6273 0.2500
 6274 0.2500
 6275 0.2500
 6276 0.2500
 6277 0.2500
 6278 0.2500
 6279 0.2500
 6280 0.2500
 6281 0.2500
 6282 0.2500
 6283 0.2500
 6284 0.2500
 6285 0.2500
 6286 0.2500
 6287 0.2500
 6288 0.2500
 6289 0.2500
 6290 0.2500
 6291 0.2500
 6292 0.2500
 6293 0.2500
 6294 0.2500
 6295 0.2500
 6296 0.2500
 6297 0.2500
 6298 0.2500
 6299 0.2500
 6300 0.2500
 6301 0.2500
 6302 0.2500
 6303 0.2500
 6304 0.2500
 6305 0.2500
 6306 0.2500
 6307 0.2500
 6308 0.2500
 6309 0.2500
 6310 0.2500
 6311 0.2500
 6312 0.2500
 6313 0.2500
 6314 0.2500
 6315 0.2500
 6316 0.2500
 6317 0.2500
 6318 0.2500
 6319 0.2500
 6320 0.2500
 6321 0.2500
 6322 0.2500
 6323 0.2500
 6324 0.2500
 6325 0.2500
 6326 0.2500
 6327 0.2500
 6328 0.2500
 6329 0.2500
 6330 0.2500
 6331 0.2500
 6332 0.2500
 6333 0.2500
 6334 0.2500
 6335 0.2500
 6336 0.2500
 6337 0.2500
 6338 0.2500
 6339 0.2500
 6340 0.2500
 6341 0.2500
 6342 0.2500
 6343 0.2500
 6344 0.2500
 6345 0.2500
 6346 0.2500
 6347 0.2500
 6348 0.2500
 6349 0.2500
 6350 0.2500
 6351 0.2500
 6352 0.2500
 6353 0.2500
 6354 0.2500
 6355 0.2500
 6356 0.2500
 6357 0.2500
 6358 0.2500
 6359 0.2500
 6360 0.2500
 6361 0.2500
 6362 0.2500
 6363 0.2500
 6364 0.2500
 6365 0.2500
 6366 0.2500
 6367 0.2500
 6368 0.2500
 6369 0.2500
 6370 0.2500
 6371 0.2500
 6372 0.2500
 6373 0.2500
 6374 0.2500
 6375 0.2500
 6376 0.2500
 6377 0.2500
 6378 0.2500
 6379 0.2500
 6380 0.2500
 6381 0.2500
 6382 0.2500
 6383 0.2500
 6384 0.2500
 6385 0.2500
 6386 0.2500
 6387 0.2500
 6388 0.2500
 6389 0.2500
 6390 0.2500
 6391 0.2500
 6392 0.2500
 6393 0.2500
 6394 0.2500
 6395 0.2500
 6396 0.2500
 6397 0.2500
 6398 0.2500
 6399 0.2500
 6400 0.2500
 6401 0.2500
 6402 0.2500
 6403 0.2500
 6404 0.2500
 6405 0.2500
 6406 0.2500
 6407 0.2500
 6408 0.2500
 6409 0.2500
 6410 0.2500
 6411 0.2500
 6412 0.2500
 6413 0.2500
 6414 0.2500
 6415 0.2500
 6416 0.2500
 6417 0.2500
 6418 0.2500
 6419 0.2500
 6420 0.2500
 6421 0.2500
 6422 0.2500
 6423 0.2500
 6424 0.2500
 6425 0.2500
 6426 0.2500
 6427 0.2500
 6428 0.2500
 6429 0.2500
 6430 0.2500
 6431 0.2500
 6432 0.2500
 6433 0.2500
 6434 0.2500
 6435 0.2500
 6436 0.2500
 6437 0.2500
 6438 0.2500
 6439 0.2500
 6440 0.2500
 6441 0.2500
 6442 0.2500
 6443 0.2500
 6444 0.2500
 6445 0.2500
 6446 0.2500
 6447 0.2500
 6448 0.2500
 6449 0.2500
 6450 0.2500
 6451 0.2500
 6452 0.2500
 6453 0.2500
 6454 0.2500
 6455 0.2500
 6456 0.2500
 6457 0.2500
 6458 0.2500
 6459 0.2500
 6460 0.2500
 6461 0.2500
 6462 0.2500
 6463 0.2500
 6464 0.2500
 6465 0.2500
 6466 0.2500
 6467 0.2500
 6468 0.2500
 6469 0.2500
 6470 0.2500
 6471 0.2500
 6472 0.2500
 6473 0.2500
 6474 0.2500
 6475 0.2500
 6476 0.2500
 6477 0.2500
 6478 0.2500
 6479 0.2500
 6480 0.2500
 6481 0.2500
 6482 0.2500
 6483 0.2500
 6484 0.2500
 6485 0.2500
 6486 0.2500
 6487 0.2500
 6488 0.2500
 6489 0.2500
 6490 0.2500
 6491 0.2500
 6492 0.2500
 6493 0.2500
 6494 0.2500
 6495 0.2500
 6496 0.2500
 6497 0.2500
 6498 0.2500
 6499 0.2500
 6500 0.2500
 6501 0.2500
 6502 0.2500
 6503 0.2500
 6504 0.2500
 6505 0.2500
 6506 0.2500
 6507 0.2500
 6508 0.2500
 6509 0.2500
 6510 0.2500
 6511 0.2500
 6512 0.2500
 6513 0.2500
 6514 0.2500
 6515 0.2500
 6516 0.2500
 6517 0.2500
 6518 0.2500
 6519 0.2500
 6520 0.2500
 6521 0.2500
 6522 0.2500
 6523 0.2500
 6524 0.2500
 6525 0.2500
 6526 0.2500
 6527 0.2500
 6528 0.2500
 6529 0.2500
 6530 0.2500
 6531 0.2500
 6532 0.2500
 6533 0.2500
 6534 0.2500
 6535 0.2500
 6536 0.2500
 6537 0.2500
 6538 0.2500
 6539 0.2500
 6540 0.2500
 6541 0.2500
 6542 0.2500
 6543 0.2500
 6544 0.2500
 6545 0.2500
 6546 0.2500
 6547 0.2500
 6548 0.2500
 6549 0.2500
 6550 0.2500
 6551 0.2500
 6552 0.2500
 6553 0.2500
 6554 0.2500
 6555 0.2500
 6556 0.2500
 6557 0.2500
 6558 0.2500
 6559 0.2500
 6560 0.2500
 6561 0.2500
 6562 0.2500
 6563 0.2500
 6564 0.2500
 6565 0.2500
 6566 0.2500
 6567 0.2500
 6568 0.2500
 6569 0.2500
 6570 0.2500
 6571 0.2500
 6572 0.2500
 6573 0.2500
 6574 0.2500
 6575 0.2500
 6576 0.2500
 6577 0.2500
 6578 0.2500
 6579 0.2500
 6580 0.2500
 6581 0.2500
 6582 0.2500
 6583 0.2500
 6584 0.2500
 6585 0.2500
 6586 0.2500
 6587 0.2500
 6588 0.2500
 6589 0.2500
 6590 0.2500
 6591 0.2500
 6592 0.2500
 6593 0.2500
 6594 0.2500
 6595 0.2500
 6596 0.2500
 6597 0.2500
 6598 0.2500
 6599 0.2500
 6600 0.2500
 6601 0.2500
 6602 0.2500
 6603 0.2500
 6604 0.2500
 6605 0.2500
 6606 0.2500
 6607 0.2500
 6608 0.2500
 6609 0.2500
 6610 0.2500
 6611 0.2500
 6612 0.2500
 6613 0.2500
 6614 0.2500
 6615 0.2500
 6616 0.2500
 6617 0.2500
 6618 0.2500
 6619 0.2500
 6620 0.2500
 6621 0.2500
 6622 0.2500
 6623 0.2500
 6624 0.2500
 6625 0.2500
 6626 0.2500
 6627 0.2500
 6628 0.2500
 6629 0.2500
 6630 0.2500
 6631 0.2500
 6632 0.2500
 6633 0.2500
 6634 0.2500
 6635 0.2500
 6636 0.2500
 6637 0.2500
 6638 0.2500
 6639 0.2500
 6640 0.2500
 6641 0.2500
 6642 0.2500
 6643 0.2500
 6644 0.2500
 6645 0.2500
 6646 0.2500
 6647 0.2500
 6648 0.2500
 6649 0.2500
 6650 0.2500
 6651 0.2500
 6652 0.2500
 6653 0.2500
 6654 0.2500
 6655 0.2500
 6656 0.2500
 6657 0.2500
 6658 0.2500
 6659 0.2500
 6660 0.2500
 6661 0.2500
 6662 0.2500
 6663 0.2500
 6664 0.2500
 6665 0.2500
 6666 0.2500
 6667 0.2500
 6668 0.2500
 6669 0.2500
 6670 0.2500
 6671 0.2500
 6672 0.2500
 6673 0.2500
 6674 0.2500
 6675 0.2500
 6676 0.2500
 6677 0.2500
 6678 0.2500
 6679 0.2500
 6680 0.2500
 6681 0.2500
 6682 0.2500
 6683 0.2500
 6684 0.2500
 6685 0.2500
 6686 0.2500
 6687 0.2500
 6688 0.2500
 6689 0.2500
 6690 0.2500
 6691 0.2500
 6692 0.2500
 6693 0.2500
 6694 0.2500
 6695 0.2500
 6696 0.2500
 6697 0.2500
 6698 0.2500
 6699 0.2500
 6700 0.2500
 6701 0.2500
 6702 0.2500
 6703 0.2500
 6704 0.2500
 6705 0.2500
 6706 0.2500
 6707 0.2500
 6708 0.2500
 6709 0.2500
 6710 0.2500
 6711 0.2500
 6712 0.2500
 6713 0.2500
 6714 0.2500
 6715 0.2500
 6716 0.2500
 6717 0.2500
 6718 0.2500
 6719 0.2500
 6720 0.2500
 6721 0.2500
 6722 0.2500
 6723 0.2500
 6724 0.2500
 6725 0.2500
 6726 0.2500
 6727 0.2500
 6728 0.2500
 6729 0.2500
 6730 0.2500
 6731 0.2500
 6732 0.2500
 6733 0.2500
 6734 0.2500
 6735 0.2500
 6736 0.2500
 6737 0.2500
 6738 0.2500
 6739 0.2500
 6740 0.2500
 6741 0.2500
 6742 0.2500
 6743 0.2500
 6744 0.2500
 6745 0.2500
 6746 0.2500
 6747 0.2500
 6748 0.2500
 6749 0.2500
 6750 0.2500
 6751 0.2500
 6752 0.2500
 6753 0.2500
 6754 0.2500
 6755 0.2500
 6756 0.2500
 6757 0.2500
 6758 0.2500
 6759 0.2500
 6760 0.2500
 6761 0.2500
 6762 0.2500
 6763 0.2500
 6764 0.2500
 6765 0.2500
 6766 0.2500
 6767 0.2500
 6768 0.2500
 6769 0.2500
 6770 0.2500
 6771 0.2500
 6772 0.2500
 6773 0.2500
 6774 0.2500
 6775 0.2500
 6776 0.2500
 6777 0.2500
 6778 0.2500
 6779 0.2500
 6780 0.2500
 6781 0.2500
 6782 0.2500
 6783 0.2500
 6784 0.2500
 6785 0.2500
 6786 0.2500
 6787 0.2500
 6788 0.2500
 6789 0.2500
 6790 0.2500
 6791 0.2500
 6792 0.2500
 6793 0.2500
 6794 0.2500
 6795 0.2500
 6796 0.2500
 6797 0.2500
 6798 0.2500
 6799 0.2500
 6800 0.2500
 6801 0.2500
 6802 0.2500
 6803 0.2500
 6804 0.2500
 6805 0.2500
 6806 0.2500
 6807 0.2500
 6808 0.2500
 6809 0.2500
 6810 0.2500
 6811 0.2500
 6812 0.2500
 6813 0.2500
 6814 0.2500
 6815 0.2500
 6816 0.2500
 6817 0.2500
 6818 0.2500
 6819 0.2500
 6820 0.2500
 6821 0.2500
 6822 0.2500
 6823 0.2500
 6824 0.2500
 6825 0.2500
 6826 0.2500
 6827 0.2500
 6828 0.2500
 6829 0.2500
 6830 0.2500
 6831 0.2500
 6832 0.2500
 6833 0.2500
 6834 0.2500
 6835 0.2500
 6836 0.2500
 6837 0.2500
 6838 0.2500
 6839 0.2500
 6840 0.2500
 6841 0.2500
 6842 0.2500
 6843 0.2500
 6844 0.2500
 6845 0.2500
 6846 0.2500
 6847 0.2500
 6848 0.2500
 6849 0.2500
 6850 0.2500
 6851 0.2500
 6852 0.2500
 6853 0.2500
 6854 0.2500
 6855 0.2500
 6856 0.2500
 6857 0.2500
 6858 0.2500
 6859 0.2500
 6860 0.2500
 6861 0.2500
 6862 0.2500
 6863 0.2500
 6864 0.2500
 6865 0.2500
 6866 0.2500
 6867 0.2500
 6868 0.2500
 6869 0.2500
 6870 0.2500
 6871 0.2500
 6872 0.2500
 6873 0.2500
 6874 0.2500
 6875 0.2500
 6876 0.2500
 6877 0.2500
 6878 0.2500
 6879 0.2500
 6880 0.2500
 6881 0.2500
 6882 0.2500
 6883 0.2500
 6884 0.2500
 6885 0.2500
 6886 0.2500
 6887 0.2500
 6888 0.2500
 6889 0.2500
 6890 0.2500
 6891 0.2500
 6892 0.2500
 6893 0.2500
 6894 0.2500
 6895 0.2500
 6896 0.2500
 6897 0.2500
 6898 0.2500
 6899 0.2500
 6900 0.2500
 6901 0.2500
 6902 0.2500
 6903 0.2500
 6904 0.2500
 6905 0.2500
 6906 0.2500
 6907 0.2500
 6908 0.2500
 6909 0.2500
 6910 0.2500
 6911 0.2500
 6912 0.2500
 6913 0.2500
 6914 0.2500
 6915 0.2500
 6916 0.2500
 6917 0.2500
 6918 0.2500
 6919 0.2500
 6920 0.2500
 6921 0.2500
 6922 0.2500
 6923 0.2500
 6924 0.2500
 6925 0.2500
 6926 0.2500
 6927 0.2500
 6928 0.2500
 6929 0.2500
 6930 0.2500
 6931 0.2500
 6932 0.2500
 6933 0.2500
 6934 0.2500
 6935 0.2500
 6936 0.2500
 6937 0.2500
 6938 0.2500
 6939 0.2500
 6940 0.2500
 6941 0.2500
 6942 0.2500
 6943 0.2500
 6944 0.2500
 6945 0.2500
 6946 0.2500
 6947 0.2500
 6948 0.2500
 6949 0.2500
 6950 0.2500
 6951 0.2500
 6952 0.2500
 6953 0.2500
 6954 0.2500
 6955 0.2500
 6956 0.2500
 6957 0.2500
 6958 0.2500
 6959 0.2500
 6960 0.2500
 6961 0.2500
 6962 0.2500
 6963 0.2500
 6964 0.2500
 6965 0.2500
 6966 0.2500
 6967 0.2500
 6968 0.2500
 6969 0.2500
 6970 0.2500
 6971 0.2500
 6972 0.2500
 6973 0.2500
 6974 0.2500
 6975 0.2500
 6976 0.2500
 6977 0.2500
 6978 0.2500
 6979 0.2500
 6980 0.2500
 6981 0.2500
 6982 0.2500
 6983 0.2500
 6984 0.2500
 6985 0.2500
 6986 0.2500
 6987 0.2500
 6988 0.2500
 6989 0.2500
 6990 0.2500
 6991 0.2500
 6992 0.2500
 6993 0.2500
 6994 0.2500
 6995 0.2500
 6996 0.2500
 6997 0.2500
 6998 0.2500
 6999 0.2500
 7000 0.2500
 7001 0.2500
 7002 0.2500
 7003 0.2500
 7004 0.2500
 7005 0.2500
 7006 0.2500
 7007 0.2500
 7008 0.2500
 7009 0.2500
 7010 0.2500
 7011 0.2500
 7012 0.2500
 7013 0.2500
 7014 0.2500
 7015 0.2500
 7016 0.2500
 7017 0.2500
 7018 0.2500
 7019 0.2500
 7020 0.2500
 7021 0.2500
 7022 0.2500
 7023 0.2500
 7024 0.2500
 7025 0.2500
 7026 0.2500
 7027 0.2500
 7028 0.2500
 7029 0.2500
 7030 0.2500
 7031 0.2500
 7032 0.2500
 7033 0.2500
 7034 0.2500
 7035 0.2500
 7036 0.2500
 7037 0.2500
 7038 0.2500
 7039 0.2500
 7040 0.2500
 7041 0.2500
 7042 0.2500
 7043 0.2500
 7044 0.2500
 7045 0.2500
 7046 0.2500
 7047 0.2500
 7048 0.2500
 7049 0.2500
 7050 0.2500
 7051 0.2500
 7052 0.2500
 7053 0.2500
 7054 0.2500
 7055 0.2500
 7056 0.2500
 7057 0.2500
 7058 0.2500
 7059 0.2500
 7060 0.2500
 7061 0.2500
 7062 0.2500
 7063 0.2500
 7064 0.2500
 7065 0.2500
 7066 0.2500
 7067 0.2500
 7068 0.2500
 7069 0.2500
 7070 0.2500
 7071 0.2500
 7072 0.2500
 7073 0.2500
 7074 0.2500
 7075 0.2500
 7076 0.2500
 7077 0.2500
 7078 0.2500
 7079 0.2500
 7080 0.2500
 7081 0.2500
 7082 0.2500
 7083 0.2500
 7084 0.2500
 7085 0.2500
 7086 0.2500
 7087 0.2500
 7088 0.2500
 7089 0.2500
 7090 0.2500
 7091 0.2500
 7092 0.2500
 7093 0.2500
 7094 0.2500
 7095 0.2500
 7096 0.2500
 7097 0.2500
 7098 0.2500
 7099 0.2500
 7100 0.2500
 7101 0.2500
 7102 0.2500
 7103 0.2500
 7104 0.2500
 7105 0.2500
 7106 0.2500
 7107 0.2500
 7108 0.2500
 7109 0.2500
 7110 0.2500
 7111 0.2500
 7112 0.2500
 7113 0.2500
 7114 0.2500
 7115 0.2500
 7116 0.2500
 7117 0.2500
 7118 0.2500
 7119 0.2500
 7120 0.2500
 7121 0.2500
 7122 0.2500
 7123 0.2500
 7124 0.2500
 7125 0.2500
 7126 0.2500
 7127 0.2500
 7128 0.2500
 7129 0.2500
 7130 0.2500
 7131 0.2500
 7132 0.2500
 7133 0.2500
 7134 0.2500
 7135 0.2500
 7136 0.2500
 7137 0.2500
 7138 0.2500
 7139 0.2500
 7140 0.2500
 7141 0.2500
 7142 0.2500
 7143 0.2500
 7144 0.2500
 7145 0.2500
 7146 0.2500
 7147 0.2500
 7148 0.2500
 7149 0.2500
 7150 0.2500
 7151 0.2500
 7152 0.2500
 7153 0.2500
 7154 0.2500
 7155 0.2500
 7156 0.2500
 7157 0.2500
 7158 0.2500
 7159 0.2500
 7160 0.2500
 7161 0.2500
 7162 0.2500
 7163 0.2500
 7164 0.2500
 7165 0.2500
 7166 0.2500
 7167 0.2500
 7168 0.2500
 7169 0.2500
 7170 0.2500
 7171 0.2500
 7172 0.2500
 7173 0.2500
 7174 0.2500
 7175 0.2500
 7176 0.2500
 7177 0.2500
 7178 0.2500
 7179 0.2500
 7180 0.2500
 7181 0.2500
 7182 0.2500
 7183 0.2500
 7184 0.2500
 7185 0.2500
 7186 0.2500
 7187 0.2500
 7188 0.2500
 7189 0.2500
 7190 0.2500
 7191 0.2500
 7192 0.2500
 7193 0.2500
 7194 0.2500
 7195 0.2500
 7196 0.2500
 7197 0.2500
 7198 0.2500
 7199 0.2500
