    0 0.2800
    1 0.2800
    2 0.2800
    3 0.2800
    4 0.2800
    5 0.2800
    6 0.2800
    7 0.2800
    8 0.2800
    9 0.2800
   10 0.2800
   11 0.2800
   12 0.2800
   13 0.2800
   14 0.2800
   15 0.2800
   16 0.2800
   17 0.2800
   18 0.2800
   19 0.2800
   20 0.2800
   21 0.2800
   22 0.2800
   23 0.2800
   24 0.2800
   25 0.2800
   26 0.2800
   27 0.2800
   28 0.2800
   29 0.2800
   30 0.2800
   31 0.2800
   32 0.2800
   33 0.2800
   34 0.2800
   35 0.2800
   36 0.2800
   37 0.2800
   38 0.2800
   39 0.2800
   40 0.2800
   41 0.2800
   42 0.2800
   43 0.2800
   44 0.2800
   45 0.2800
   46 0.2800
   47 0.2800
   48 0.2800
   49 0.2800
   50 0.2800
   51 0.2800
   52 0.2800
   53 0.2800
   54 0.2800
   55 0.2800
   56 0.2800
   57 0.2800
   58 0.2800
   59 0.2800
   60 0.2800
   61 0.2800
   62 0.2800
   63 0.2800
   64 0.2800
   65 0.2800
   66 0.2800
   67 0.2800
   68 0.2800
   69 0.2800
   70 0.2800
   71 0.2800
   72 0.2800
   73 0.2800
   74 0.2800
   75 0.2800
   76 0.2800
   77 0.2800
   78 0.2800
   79 0.2800
   80 0.2800
   81 0.2800
   82 0.2800
   83 0.2800
   84 0.2800
   85 0.2800
   86 0.2800
   87 0.2800
   88 0.2800
   89 0.2800
   90 0.2800
   91 0.2800
   92 0.2800
   93 0.2800
   94 0.2800
   95 0.2800
   96 0.2800
   97 0.2800
   98 0.2800
   99 0.2800
  100 0.2800
  101 0.2800
  102 0.2800
  103 0.2800
  104 0.2800
  105 0.2800
  106 0.2800
  107 0.2800
  108 0.2800
  109 0.2800
  110 0.2800
  111 0.2800
  112 0.2800
  113 0.2800
  114 0.2800
  115 0.2800
  116 0.2800
  117 0.2800
  118 0.2800
  119 0.2800
  120 0.2800
  121 0.2800
  122 0.2800
  123 0.2800
  124 0.2800
  125 0.2800
  126 0.2800
  127 0.2800
  128 0.2800
  129 0.2800
  130 0.2800
  131 0.2800
  132 0.2800
  133 0.2800
  134 0.2800
  135 0.2800
  136 0.2800
  137 0.2800
  138 0.2800
  139 0.2800
  140 0.2800
  141 0.2800
  142 0.2800
  143 0.2800
  144 0.2800
  145 0.2800
  146 0.2800
  147 0.2800
  148 0.2800
  149 0.2800
  150 0.2800
  151 0.2800
  152 0.2800
  153 0.2800
  154 0.2800
  155 0.2800
  156 0.2800
  157 0.2800
  158 0.2800
  159 0.2800
  160 0.2800
  161 0.2800
  162 0.2800
  163 0.2800
  164 0.2800
  165 0.2800
  166 0.2800
  167 0.2800
  168 0.2800
  169 0.2800
  170 0.2800
  171 0.2800
  172 0.2800
  173 0.2800
  174 0.2800
  175 0.2800
  176 0.2800
  177 0.2800
  178 0.2800
  179 0.2800
  180 0.2800
  181 0.2800
  182 0.2800
  183 0.2800
  184 0.2800
  185 0.2800
  186 0.2800
  187 0.2800
  188 0.2800
  189 0.2800
  190 0.2800
  191 0.2800
  192 0.2800
  193 0.2800
  194 0.2800
  195 0.2800
  196 0.2800
  197 0.2800
  198 0.2800
  199 0.2800
  200 0.2800
  201 0.2800
  202 0.2800
  203 0.2800
  204 0.2800
  205 0.2800
  206 0.2800
  207 0.2800
  208 0.2800
  209 0.2800
  210 0.2800
  211 0.2800
  212 0.2800
  213 0.2800
  214 0.2800
  215 0.2800
  216 0.2800
  217 0.2800
  218 0.2800
  219 0.2800
  220 0.2800
  221 0.2800
  222 0.2800
  223 0.2800
  224 0.2800
  225 0.2800
  226 0.2800
  227 0.2800
  228 0.2800
  229 0.2800
  230 0.2800
  231 0.2800
  232 0.2800
  233 0.2800
  234 0.2800
  235 0.2800
  236 0.2800
  237 0.2800
  238 0.2800
  239 0.2800
  240 0.2800
  241 0.2800
  242 0.2800
  243 0.2800
  244 0.2800
  245 0.2800
  246 0.2800
  247 0.2800
  248 0.2800
  249 0.2800
  250 0.2800
  251 0.2800
  252 0.2800
  253 0.2800
  254 0.2800
  255 0.2800
  256 0.2800
  257 0.2800
  258 0.2800
  259 0.2800
  260 0.2800
  261 0.2800
  262 0.2800
  263 0.2800
  264 0.2800
  265 0.2800
  266 0.2800
  267 0.2800
  268 0.2800
  269 0.2800
  270 0.2800
  271 0.2800
  272 0.2800
  273 0.2800
  274 0.2800
  275 0.2800
  276 0.2800
  277 0.2800
  278 0.2800
  279 0.2800
  280 0.2800
  281 0.2800
  282 0.2800
  283 0.2800
  284 0.2800
  285 0.2800
  286 0.2800
  287 0.2800
  288 0.2800
  289 0.2800
  290 0.2800
  291 0.2800
  292 0.2800
  293 0.2800
  294 0.2800
  295 0.2800
  296 0.2800
  297 0.2800
  298 0.2800
  299 0.2800
  300 0.2800
  301 0.2800
  302 0.2800
  303 0.2800
  304 0.2800
  305 0.2800
  306 0.2800
  307 0.2800
  308 0.2800
  309 0.2800
  310 0.2800
  311 0.2800
  312 0.2800
  313 0.2800
  314 0.2800
  315 0.2800
  316 0.2800
  317 0.2800
  318 0.2800
  319 0.2800
  320 0.2800
  321 0.2800
  322 0.2800
  323 0.2800
  324 0.2800
  325 0.2800
  326 0.2800
  327 0.2800
  328 0.2800
  329 0.2800
  330 0.2800
  331 0.2800
  332 0.2800
  333 0.2800
  334 0.2800
  335 0.2800
  336 0.2800
  337 0.2800
  338 0.2800
  339 0.2800
  340 0.2800
  341 0.2800
  342 0.2800
  343 0.2800
  344 0.2800
  345 0.2800
  346 0.2800
  347 0.2800
  348 0.2800
  349 0.2800
  350 0.2800
  351 0.2800
  352 0.2800
  353 0.2800
  354 0.2800
  355 0.2800
  356 0.2800
  357 0.2800
  358 0.2800
  359 0.2800
  360 0.2800
  361 0.2800
  362 0.2800
  363 0.2800
  364 0.2800
  365 0.2800
  366 0.2800
  367 0.2800
  368 0.2800
  369 0.2800
  370 0.2800
  371 0.2800
  372 0.2800
  373 0.2800
  374 0.2800
  375 0.2800
  376 0.2800
  377 0.2800
  378 0.2800
  379 0.2800
  380 0.2800
  381 0.2800
  382 0.2800
  383 0.2800
  384 0.2800
  385 0.2800
  386 0.2800
  387 0.2800
  388 0.2800
  389 0.2800
  390 0.2800
  391 0.2800
  392 0.2800
  393 0.2800
  394 0.2800
  395 0.2800
  396 0.2800
  397 0.2800
  398 0.2800
  399 0.2800
  400 0.2800
  401 0.2800
  402 0.2800
  403 0.2800
  404 0.2800
  405 0.2800
  406 0.2800
  407 0.2800
  408 0.2800
  409 0.2800
  410 0.2800
  411 0.2800
  412 0.2800
  413 0.2800
  414 0.2800
  415 0.2800
  416 0.2800
  417 0.2800
  418 0.2800
  419 0.2800
  420 0.2800
  421 0.2800
  422 0.2800
  423 0.2800
  424 0.2800
  425 0.2800
  426 0.2800
  427 0.2800
  428 0.2800
  429 0.2800
  430 0.2800
  431 0.2800
  432 0.2800
  433 0.2800
  434 0.2800
  435 0.2800
  436 0.2800
  437 0.2800
  438 0.2800
  439 0.2800
  440 0.2800
  441 0.2800
  442 0.2800
  443 0.2800
  444 0.2800
  445 0.2800
  446 0.2800
  447 0.2800
  448 0.2800
  449 0.2800
  450 0.2800
  451 0.2800
  452 0.2800
  453 0.2800
  454 0.2800
  455 0.2800
  456 0.2800
  457 0.2800
  458 0.2800
  459 0.2800
  460 0.2800
  461 0.2800
  462 0.2800
  463 0.2800
  464 0.2800
  465 0.2800
  466 0.2800
  467 0.2800
  468 0.2800
  469 0.2800
  470 0.2800
  471 0.2800
  472 0.2800
  473 0.2800
  474 0.2800
  475 0.2800
  476 0.2800
  477 0.2800
  478 0.2800
  479 0.2800
  480 0.2800
  481 0.2800
  482 0.2800
  483 0.2800
  484 0.2800
  485 0.2800
  486 0.2800
  487 0.2800
  488 0.2800
  489 0.2800
  490 0.2800
  491 0.2800
  492 0.2800
  493 0.2800
  494 0.2800
  495 0.2800
  496 0.2800
  497 0.2800
  498 0.2800
  499 0.2800
  500 0.2800
  501 0.2800
  502 0.2800
  503 0.2800
  504 0.2800
  505 0.2800
  506 0.2800
  507 0.2800
  508 0.2800
  509 0.2800
  510 0.2800
  511 0.2800
  512 0.2800
  513 0.2800
  514 0.2800
  515 0.2800
  516 0.2800
  517 0.2800
  518 0.2800
  519 0.2800
  520 0.2800
  521 0.2800
  522 0.2800
  523 0.2800
  524 0.2800
  525 0.2800
  526 0.2800
  527 0.2800
  528 0.2800
  529 0.2800
  530 0.2800
  531 0.2800
  532 0.2800
  533 0.2800
  534 0.2800
  535 0.2800
  536 0.2800
  537 0.2800
  538 0.2800
  539 0.2800
  540 0.2800
  541 0.2800
  542 0.2800
  543 0.2800
  544 0.2800
  545 0.2800
  546 0.2800
  547 0.2800
  548 0.2800
  549 0.2800
  550 0.2800
  551 0.2800
  552 0.2800
  553 0.2800
  554 0.2800
  555 0.2800
  556 0.2800
  557 0.2800
  558 0.2800
  559 0.2800
  560 0.2800
  561 0.2800
  562 0.2800
  563 0.2800
  564 0.2800
  565 0.2800
  566 0.2800
  567 0.2800
  568 0.2800
  569 0.2800
  570 0.2800
  571 0.2800
  572 0.2800
  573 0.2800
  574 0.2800
  575 0.2800
  576 0.2800
  577 0.2800
  578 0.2800
  579 0.2800
  580 0.2800
  581 0.2800
  582 0.2800
  583 0.2800
  584 0.2800
  585 0.2800
  586 0.2800
  587 0.2800
  588 0.2800
  589 0.2800
  590 0.2800
  591 0.2800
  592 0.2800
  593 0.2800
  594 0.2800
  595 0.2800
  596 0.2800
  597 0.2800
  598 0.2800
  599 0.2800
  600 0.2800
  601 0.2800
  602 0.2800
  603 0.2800
  604 0.2800
  605 0.2800
  606 0.2800
  607 0.2800
  608 0.2800
  609 0.2800
  610 0.2800
  611 0.2800
  612 0.2800
  613 0.2800
  614 0.2800
  615 0.2800
  616 0.2800
  617 0.2800
  618 0.2800
  619 0.2800
  620 0.2800
  621 0.2800
  622 0.2800
  623 0.2800
  624 0.2800
  625 0.2800
  626 0.2800
  627 0.2800
  628 0.2800
  629 0.2800
  630 0.2800
  631 0.2800
  632 0.2800
  633 0.2800
  634 0.2800
  635 0.2800
  636 0.2800
  637 0.2800
  638 0.2800
  639 0.2800
  640 0.2800
  641 0.2800
  642 0.2800
  643 0.2800
  644 0.2800
  645 0.2800
  646 0.2800
  647 0.2800
  648 0.2800
  649 0.2800
  650 0.2800
  651 0.2800
  652 0.2800
  653 0.2800
  654 0.2800
  655 0.2800
  656 0.2800
  657 0.2800
  658 0.2800
  659 0.2800
  660 0.2800
  661 0.2800
  662 0.2800
  663 0.2800
  664 0.2800
  665 0.2800
  666 0.2800
  667 0.2800
  668 0.2800
  669 0.2800
  670 0.2800
  671 0.2800
  672 0.2800
  673 0.2800
  674 0.2800
  675 0.2800
  676 0.2800
  677 0.2800
  678 0.2800
  679 0.2800
  680 0.2800
  681 0.2800
  682 0.2800
  683 0.2800
  684 0.2800
  685 0.2800
  686 0.2800
  687 0.2800
  688 0.2800
  689 0.2800
  690 0.2800
  691 0.2800
  692 0.2800
  693 0.2800
  694 0.2800
  695 0.2800
  696 0.2800
  697 0.2800
  698 0.2800
  699 0.2800
  700 0.2800
  701 0.2800
  702 0.2800
  703 0.2800
  704 0.2800
  705 0.2800
  706 0.2800
  707 0.2800
  708 0.2800
  709 0.2800
  710 0.2800
  711 0.2800
  712 0.2800
  713 0.2800
  714 0.2800
  715 0.2800
  716 0.2800
  717 0.2800
  718 0.2800
  719 0.2800
  720 0.2800
  721 0.2800
  722 0.2800
  723 0.2800
  724 0.2800
  725 0.2800
  726 0.2800
  727 0.2800
  728 0.2800
  729 0.2800
  730 0.2800
  731 0.2800
  732 0.2800
  733 0.2800
  734 0.2800
  735 0.2800
  736 0.2800
  737 0.2800
  738 0.2800
  739 0.2800
  740 0.2800
  741 0.2800
  742 0.2800
  743 0.2800
  744 0.2800
  745 0.2800
  746 0.2800
  747 0.2800
  748 0.2800
  749 0.2800
  750 0.2800
  751 0.2800
  752 0.2800
  753 0.2800
  754 0.2800
  755 0.2800
  756 0.2800
  757 0.2800
  758 0.2800
  759 0.2800
  760 0.2800
  761 0.2800
  762 0.2800
  763 0.2800
  764 0.2800
  765 0.2800
  766 0.2800
  767 0.2800
  768 0.2800
  769 0.2800
  770 0.2800
  771 0.2800
  772 0.2800
  773 0.2800
  774 0.2800
  775 0.2800
  776 0.2800
  777 0.2800
  778 0.2800
  779 0.2800
  780 0.2800
  781 0.2800
  782 0.2800
  783 0.2800
  784 0.2800
  785 0.2800
  786 0.2800
  787 0.2800
  788 0.2800
  789 0.2800
  790 0.2800
  791 0.2800
  792 0.2800
  793 0.2800
  794 0.2800
  795 0.2800
  796 0.2800
  797 0.2800
  798 0.2800
  799 0.2800
  800 0.2800
  801 0.2800
  802 0.2800
  803 0.2800
  804 0.2800
  805 0.2800
  806 0.2800
  807 0.2800
  808 0.2800
  809 0.2800
  810 0.2800
  811 0.2800
  812 0.2800
  813 0.2800
  814 0.2800
  815 0.2800
  816 0.2800
  817 0.2800
  818 0.2800
  819 0.2800
  820 0.2800
  821 0.2800
  822 0.2800
  823 0.2800
  824 0.2800
  825 0.2800
  826 0.2800
  827 0.2800
  828 0.2800
  829 0.2800
  830 0.2800
  831 0.2800
  832 0.2800
  833 0.2800
  834 0.2800
  835 0.2800
  836 0.2800
  837 0.2800
  838 0.2800
  839 0.2800
  840 0.2800
  841 0.2800
  842 0.2800
  843 0.2800
  844 0.2800
  845 0.2800
  846 0.2800
  847 0.2800
  848 0.2800
  849 0.2800
  850 0.2800
  851 0.2800
  852 0.2800
  853 0.2800
  854 0.2800
  855 0.2800
  856 0.2800
  857 0.2800
  858 0.2800
  859 0.2800
  860 0.2800
  861 0.2800
  862 0.2800
  863 0.2800
  864 0.2800
  865 0.2800
  866 0.2800
  867 0.2800
  868 0.2800
  869 0.2800
  870 0.2800
  871 0.2800
  872 0.2800
  873 0.2800
  874 0.2800
  875 0.2800
  876 0.2800
  877 0.2800
  878 0.2800
  879 0.2800
  880 0.2800
  881 0.2800
  882 0.2800
  883 0.2800
  884 0.2800
  885 0.2800
  886 0.2800
  887 0.2800
  888 0.2800
  889 0.2800
  890 0.2800
  891 0.2800
  892 0.2800
  893 0.2800
  894 0.2800
  895 0.2800
  896 0.2800
  897 0.2800
  898 0.2800
  899 0.2800
  900 0.2800
  901 0.2800
  902 0.2800
  903 0.2800
  904 0.2800
  905 0.2800
  906 0.2800
  907 0.2800
  908 0.2800
  909 0.2800
  910 0.2800
  911 0.2800
  912 0.2800
  913 0.2800
  914 0.2800
  915 0.2800
  916 0.2800
  917 0.2800
  918 0.2800
  919 0.2800
  920 0.2800
  921 0.2800
  922 0.2800
  923 0.2800
  924 0.2800
  925 0.2800
  926 0.2800
  927 0.2800
  928 0.2800
  929 0.2800
  930 0.2800
  931 0.2800
  932 0.2800
  933 0.2800
  934 0.2800
  935 0.2800
  936 0.2800
  937 0.2800
  938 0.2800
  939 0.2800
  940 0.2800
  941 0.2800
  942 0.2800
  943 0.2800
  944 0.2800
  945 0.2800
  946 0.2800
  947 0.2800
  948 0.2800
  949 0.2800
  950 0.2800
  951 0.2800
  952 0.2800
  953 0.2800
  954 0.2800
  955 0.2800
  956 0.2800
  957 0.2800
  958 0.2800
  959 0.2800
  960 0.2800
  961 0.2800
  962 0.2800
  963 0.2800
  964 0.2800
  965 0.2800
  966 0.2800
  967 0.2800
  968 0.2800
  969 0.2800
  970 0.2800
  971 0.2800
  972 0.2800
  973 0.2800
  974 0.2800
  975 0.2800
  976 0.2800
  977 0.2800
  978 0.2800
  979 0.2800
  980 0.2800
  981 0.2800
  982 0.2800
  983 0.2800
  984 0.2800
  985 0.2800
  986 0.2800
  987 0.2800
  988 0.2800
  989 0.2800
  990 0.2800
  991 0.2800
  992 0.2800
  993 0.2800
  994 0.2800
  995 0.2800
  996 0.2800
  997 0.2800
  998 0.2800
  999 0.2800
 1000 0.2800
 1001 0.2800
 1002 0.2800
 1003 0.2800
 1004 0.2800
 1005 0.2800
 1006 0.2800
 1007 0.2800
 1008 0.2800
 1009 0.2800
 1010 0.2800
 1011 0.2800
 1012 0.2800
 1013 0.2800
 1014 0.2800
 1015 0.2800
 1016 0.2800
 1017 0.2800
 1018 0.2800
 1019 0.2800
 1020 0.2800
 1021 0.2800
 1022 0.2800
 1023 0.2800
 1024 0.2800
 1025 0.2800
 1026 0.2800
 1027 0.2800
 1028 0.2800
 1029 0.2800
 1030 0.2800
 1031 0.2800
 1032 0.2800
 1033 0.2800
 1034 0.2800
 1035 0.2800
 1036 0.2800
 1037 0.2800
 1038 0.2800
 1039 0.2800
 1040 0.2800
 1041 0.2800
 1042 0.2800
 1043 0.2800
 1044 0.2800
 1045 0.2800
 1046 0.2800
 1047 0.2800
 1048 0.2800
 1049 0.2800
 1050 0.2800
 1051 0.2800
 1052 0.2800
 1053 0.2800
 1054 0.2800
 1055 0.2800
 1056 0.2800
 1057 0.2800
 1058 0.2800
 1059 0.2800
 1060 0.2800
 1061 0.2800
 1062 0.2800
 1063 0.2800
 1064 0.2800
 1065 0.2800
 1066 0.2800
 1067 0.2800
 1068 0.2800
 1069 0.2800
 1070 0.2800
 1071 0.2800
 1072 0.2800
 1073 0.2800
 1074 0.2800
 1075 0.2800
 1076 0.2800
 1077 0.2800
 1078 0.2800
 1079 0.2800
 1080 0.2800
 1081 0.2800
 1082 0.2800
 1083 0.2800
 1084 0.2800
 1085 0.2800
 1086 0.2800
 1087 0.2800
 1088 0.2800
 1089 0.2800
 1090 0.2800
 1091 0.2800
 1092 0.2800
 1093 0.2800
 1094 0.2800
 1095 0.2800
 1096 0.2800
 1097 0.2800
 1098 0.2800
 1099 0.2800
 1100 0.2800
 1101 0.2800
 1102 0.2800
 1103 0.2800
 1104 0.2800
 1105 0.2800
 1106 0.2800
 1107 0.2800
 1108 0.2800
 1109 0.2800
 1110 0.2800
 1111 0.2800
 1112 0.2800
 1113 0.2800
 1114 0.2800
 1115 0.2800
 1116 0.2800
 1117 0.2800
 1118 0.2800
 1119 0.2800
 1120 0.2800
 1121 0.2800
 1122 0.2800
 1123 0.2800
 1124 0.2800
 1125 0.2800
 1126 0.2800
 1127 0.2800
 1128 0.2800
 1129 0.2800
 1130 0.2800
 1131 0.2800
 1132 0.2800
 1133 0.2800
 1134 0.2800
 1135 0.2800
 1136 0.2800
 1137 0.2800
 1138 0.2800
 1139 0.2800
 1140 0.2800
 1141 0.2800
 1142 0.2800
 1143 0.2800
 1144 0.2800
 1145 0.2800
 1146 0.2800
 1147 0.2800
 1148 0.2800
 1149 0.2800
 1150 0.2800
 1151 0.2800
 1152 0.2800
 1153 0.2800
 1154 0.2800
 1155 0.2800
 1156 0.2800
 1157 0.2800
 1158 0.2800
 1159 0.2800
 1160 0.2800
 1161 0.2800
 1162 0.2800
 1163 0.2800
 1164 0.2800
 1165 0.2800
 1166 0.2800
 1167 0.2800
 1168 0.2800
 1169 0.2800
 1170 0.2800
 1171 0.2800
 1172 0.2800
 1173 0.2800
 1174 0.2800
 1175 0.2800
 1176 0.2800
 1177 0.2800
 1178 0.2800
 1179 0.2800
 1180 0.2800
 1181 0.2800
 1182 0.2800
 1183 0.2800
 1184 0.2800
 1185 0.2800
 1186 0.2800
 1187 0.2800
 1188 0.2800
 1189 0.2800
 1190 0.2800
 1191 0.2800
 1192 0.2800
 1193 0.2800
 1194 0.2800
 1195 0.2800
 1196 0.2800
 1197 0.2800
 1198 0.2800
 1199 0.2800
 1200 0.2800
 1201 0.2800
 1202 0.2800
 1203 0.2800
 1204 0.2800
 1205 0.2800
 1206 0.2800
 1207 0.2800
 1208 0.2800
 1209 0.2800
 1210 0.2800
 1211 0.2800
 1212 0.2800
 1213 0.2800
 1214 0.2800
 1215 0.2800
 1216 0.2800
 1217 0.2800
 1218 0.2800
 1219 0.2800
 1220 0.2800
 1221 0.2800
 1222 0.2800
 1223 0.2800
 1224 0.2800
 1225 0.2800
 1226 0.2800
 1227 0.2800
 1228 0.2800
 1229 0.2800
 1230 0.2800
 1231 0.2800
 1232 0.2800
 1233 0.2800
 1234 0.2800
 1235 0.2800
 1236 0.2800
 1237 0.2800
 1238 0.2800
 1239 0.2800
 1240 0.2800
 1241 0.2800
 1242 0.2800
 1243 0.2800
 1244 0.2800
 1245 0.2800
 1246 0.2800
 1247 0.2800
 1248 0.2800
 1249 0.2800
 1250 0.2800
 1251 0.2800
 1252 0.2800
 1253 0.2800
 1254 0.2800
 1255 0.2800
 1256 0.2800
 1257 0.2800
 1258 0.2800
 1259 0.2800
 1260 0.2800
 1261 0.2800
 1262 0.2800
 1263 0.2800
 1264 0.2800
 1265 0.2800
 1266 0.2800
 1267 0.2800
 1268 0.2800
 1269 0.2800
 1270 0.2800
 1271 0.2800
 1272 0.2800
 1273 0.2800
 1274 0.2800
 1275 0.2800
 1276 0.2800
 1277 0.2800
 1278 0.2800
 1279 0.2800
 1280 0.2800
 1281 0.2800
 1282 0.2800
 1283 0.2800
 1284 0.2800
 1285 0.2800
 1286 0.2800
 1287 0.2800
 1288 0.2800
 1289 0.2800
 1290 0.2800
 1291 0.2800
 1292 0.2800
 1293 0.2800
 1294 0.2800
 1295 0.2800
 1296 0.2800
 1297 0.2800
 1298 0.2800
 1299 0.2800
 1300 0.2800
 1301 0.2800
 1302 0.2800
 1303 0.2800
 1304 0.2800
 1305 0.2800
 1306 0.2800
 1307 0.2800
 1308 0.2800
 1309 0.2800
 1310 0.2800
 1311 0.2800
 1312 0.2800
 1313 0.2800
 1314 0.2800
 1315 0.2800
 1316 0.2800
 1317 0.2800
 1318 0.2800
 1319 0.2800
 1320 0.2800
 1321 0.2800
 1322 0.2800
 1323 0.2800
 1324 0.2800
 1325 0.2800
 1326 0.2800
 1327 0.2800
 1328 0.2800
 1329 0.2800
 1330 0.2800
 1331 0.2800
 1332 0.2800
 1333 0.2800
 1334 0.2800
 1335 0.2800
 1336 0.2800
 1337 0.2800
 1338 0.2800
 1339 0.2800
 1340 0.2800
 1341 0.2800
 1342 0.2800
 1343 0.2800
 1344 0.2800
 1345 0.2800
 1346 0.2800
 1347 0.2800
 1348 0.2800
 1349 0.2800
 1350 0.2800
 1351 0.2800
 1352 0.2800
 1353 0.2800
 1354 0.2800
 1355 0.2800
 1356 0.2800
 1357 0.2800
 1358 0.2800
 1359 0.2800
 1360 0.2800
 1361 0.2800
 1362 0.2800
 1363 0.2800
 1364 0.2800
 1365 0.2800
 1366 0.2800
 1367 0.2800
 1368 0.2800
 1369 0.2800
 1370 0.2800
 1371 0.2800
 1372 0.2800
 1373 0.2800
 1374 0.2800
 1375 0.2800
 1376 0.2800
 1377 0.2800
 1378 0.2800
 1379 0.2800
 1380 0.2800
 1381 0.2800
 1382 0.2800
 1383 0.2800
 1384 0.2800
 1385 0.2800
 1386 0.2800
 1387 0.2800
 1388 0.2800
 1389 0.2800
 1390 0.2800
 1391 0.2800
 1392 0.2800
 1393 0.2800
 1394 0.2800
 1395 0.2800
 1396 0.2800
 1397 0.2800
 1398 0.2800
 1399 0.2800
 1400 0.2800
 1401 0.2800
 1402 0.2800
 1403 0.2800
 1404 0.2800
 1405 0.2800
 1406 0.2800
 1407 0.2800
 1408 0.2800
 1409 0.2800
 1410 0.2800
 1411 0.2800
 1412 0.2800
 1413 0.2800
 1414 0.2800
 1415 0.2800
 1416 0.2800
 1417 0.2800
 1418 0.2800
 1419 0.2800
 1420 0.2800
 1421 0.2800
 1422 0.2800
 1423 0.2800
 1424 0.2800
 1425 0.2800
 1426 0.2800
 1427 0.2800
 1428 0.2800
 1429 0.2800
 1430 0.2800
 1431 0.2800
 1432 0.2800
 1433 0.2800
 1434 0.2800
 1435 0.2800
 1436 0.2800
 1437 0.2800
 1438 0.2800
 1439 0.2800
 1440 0.2800
 1441 0.2800
 1442 0.2800
 1443 0.2800
 1444 0.2800
 1445 0.2800
 1446 0.2800
 1447 0.2800
 1448 0.2800
 1449 0.2800
 1450 0.2800
 1451 0.2800
 1452 0.2800
 1453 0.2800
 1454 0.2800
 1455 0.2800
 1456 0.2800
 1457 0.2800
 1458 0.2800
 1459 0.2800
 1460 0.2800
 1461 0.2800
 1462 0.2800
 1463 0.2800
 1464 0.2800
 1465 0.2800
 1466 0.2800
 1467 0.2800
 1468 0.2800
 1469 0.2800
 1470 0.2800
 1471 0.2800
 1472 0.2800
 1473 0.2800
 1474 0.2800
 1475 0.2800
 1476 0.2800
 1477 0.2800
 1478 0.2800
 1479 0.2800
 1480 0.2800
 1481 0.2800
 1482 0.2800
 1483 0.2800
 1484 0.2800
 1485 0.2800
 1486 0.2800
 1487 0.2800
 1488 0.2800
 1489 0.2800
 1490 0.2800
 1491 0.2800
 1492 0.2800
 1493 0.2800
 1494 0.2800
 1495 0.2800
 1496 0.2800
 1497 0.2800
 1498 0.2800
 1499 0.2800
 1500 0.2800
 1501 0.2800
 1502 0.2800
 1503 0.2800
 1504 0.2800
 1505 0.2800
 1506 0.2800
 1507 0.2800
 1508 0.2800
 1509 0.2800
 1510 0.2800
 1511 0.2800
 1512 0.2800
 1513 0.2800
 1514 0.2800
 1515 0.2800
 1516 0.2800
 1517 0.2800
 1518 0.2800
 1519 0.2800
 1520 0.2800
 1521 0.2800
 1522 0.2800
 1523 0.2800
 1524 0.2800
 1525 0.2800
 1526 0.2800
 1527 0.2800
 1528 0.2800
 1529 0.2800
 1530 0.2800
 1531 0.2800
 1532 0.2800
 1533 0.2800
 1534 0.2800
 1535 0.2800
 1536 0.2800
 1537 0.2800
 1538 0.2800
 1539 0.2800
 1540 0.2800
 1541 0.2800
 1542 0.2800
 1543 0.2800
 1544 0.2800
 1545 0.2800
 1546 0.2800
 1547 0.2800
 1548 0.2800
 1549 0.2800
 1550 0.2800
 1551 0.2800
 1552 0.2800
 1553 0.2800
 1554 0.2800
 1555 0.2800
 1556 0.2800
 1557 0.2800
 1558 0.2800
 1559 0.2800
 1560 0.2800
 1561 0.2800
 1562 0.2800
 1563 0.2800
 1564 0.2800
 1565 0.2800
 1566 0.2800
 1567 0.2800
 1568 0.2800
 1569 0.2800
 1570 0.2800
 1571 0.2800
 1572 0.2800
 1573 0.2800
 1574 0.2800
 1575 0.2800
 1576 0.2800
 1577 0.2800
 1578 0.2800
 1579 0.2800
 1580 0.2800
 1581 0.2800
 1582 0.2800
 1583 0.2800
 1584 0.2800
 1585 0.2800
 1586 0.2800
 1587 0.2800
 1588 0.2800
 1589 0.2800
 1590 0.2800
 1591 0.2800
 1592 0.2800
 1593 0.2800
 1594 0.2800
 1595 0.2800
 1596 0.2800
 1597 0.2800
 1598 0.2800
 1599 0.2800
 1600 0.2800
 1601 0.2800
 1602 0.2800
 1603 0.2800
 1604 0.2800
 1605 0.2800
 1606 0.2800
 1607 0.2800
 1608 0.2800
 1609 0.2800
 1610 0.2800
 1611 0.2800
 1612 0.2800
 1613 0.2800
 1614 0.2800
 1615 0.2800
 1616 0.2800
 1617 0.2800
 1618 0.2800
 1619 0.2800
 1620 0.2800
 1621 0.2800
 1622 0.2800
 1623 0.2800
 1624 0.2800
 1625 0.2800
 1626 0.2800
 1627 0.2800
 1628 0.2800
 1629 0.2800
 1630 0.2800
 1631 0.2800
 1632 0.2800
 1633 0.2800
 1634 0.2800
 1635 0.2800
 1636 0.2800
 1637 0.2800
 1638 0.2800
 1639 0.2800
 1640 0.2800
 1641 0.2800
 1642 0.2800
 1643 0.2800
 1644 0.2800
 1645 0.2800
 1646 0.2800
 1647 0.2800
 1648 0.2800
 1649 0.2800
 1650 0.2800
 1651 0.2800
 1652 0.2800
 1653 0.2800
 1654 0.2800
 1655 0.2800
 1656 0.2800
 1657 0.2800
 1658 0.2800
 1659 0.2800
 1660 0.2800
 1661 0.2800
 1662 0.2800
 1663 0.2800
 1664 0.2800
 1665 0.2800
 1666 0.2800
 1667 0.2800
 1668 0.2800
 1669 0.2800
 1670 0.2800
 1671 0.2800
 1672 0.2800
 1673 0.2800
 1674 0.2800
 1675 0.2800
 1676 0.2800
 1677 0.2800
 1678 0.2800
 1679 0.2800
 1680 0.2800
 1681 0.2800
 1682 0.2800
 1683 0.2800
 1684 0.2800
 1685 0.2800
 1686 0.2800
 1687 0.2800
 1688 0.2800
 1689 0.2800
 1690 0.2800
 1691 0.2800
 1692 0.2800
 1693 0.2800
 1694 0.2800
 1695 0.2800
 1696 0.2800
 1697 0.2800
 1698 0.2800
 1699 0.2800
 1700 0.2800
 1701 0.2800
 1702 0.2800
 1703 0.2800
 1704 0.2800
 1705 0.2800
 1706 0.2800
 1707 0.2800
 1708 0.2800
 1709 0.2800
 1710 0.2800
 1711 0.2800
 1712 0.2800
 1713 0.2800
 1714 0.2800
 1715 0.2800
 1716 0.2800
 1717 0.2800
 1718 0.2800
 1719 0.2800
 1720 0.2800
 1721 0.2800
 1722 0.2800
 1723 0.2800
 1724 0.2800
 1725 0.2800
 1726 0.2800
 1727 0.2800
 1728 0.2800
 1729 0.2800
 1730 0.2800
 1731 0.2800
 1732 0.2800
 1733 0.2800
 1734 0.2800
 1735 0.2800
 1736 0.2800
 1737 0.2800
 1738 0.2800
 1739 0.2800
 1740 0.2800
 1741 0.2800
 1742 0.2800
 1743 0.2800
 1744 0.2800
 1745 0.2800
 1746 0.2800
 1747 0.2800
 1748 0.2800
 1749 0.2800
 1750 0.2800
 1751 0.2800
 1752 0.2800
 1753 0.2800
 1754 0.2800
 1755 0.2800
 1756 0.2800
 1757 0.2800
 1758 0.2800
 1759 0.2800
 1760 0.2800
 1761 0.2800
 1762 0.2800
 1763 0.2800
 1764 0.2800
 1765 0.2800
 1766 0.2800
 1767 0.2800
 1768 0.2800
 1769 0.2800
 1770 0.2800
 1771 0.2800
 1772 0.2800
 1773 0.2800
 1774 0.2800
 1775 0.2800
 1776 0.2800
 1777 0.2800
 1778 0.2800
 1779 0.2800
 1780 0.2800
 1781 0.2800
 1782 0.2800
 1783 0.2800
 1784 0.2800
 1785 0.2800
 1786 0.2800
 1787 0.2800
 1788 0.2800
 1789 0.2800
 1790 0.2800
 1791 0.2800
 1792 0.2800
 1793 0.2800
 1794 0.2800
 1795 0.2800
 1796 0.2800
 1797 0.2800
 1798 0.2800
 1799 0.2800
 1800 0.2800
 1801 0.2800
 1802 0.2800
 1803 0.2800
 1804 0.2800
 1805 0.2800
 1806 0.2800
 1807 0.2800
 1808 0.2800
 1809 0.2800
 1810 0.2800
 1811 0.2800
 1812 0.2800
 1813 0.2800
 1814 0.2800
 1815 0.2800
 1816 0.2800
 1817 0.2800
 1818 0.2800
 1819 0.2800
 1820 0.2800
 1821 0.2800
 1822 0.2800
 1823 0.2800
 1824 0.2800
 1825 0.2800
 1826 0.2800
 1827 0.2800
 1828 0.2800
 1829 0.2800
 1830 0.2800
 1831 0.2800
 1832 0.2800
 1833 0.2800
 1834 0.2800
 1835 0.2800
 1836 0.2800
 1837 0.2800
 1838 0.2800
 1839 0.2800
 1840 0.2800
 1841 0.2800
 1842 0.2800
 1843 0.2800
 1844 0.2800
 1845 0.2800
 1846 0.2800
 1847 0.2800
 1848 0.2800
 1849 0.2800
 1850 0.2800
 1851 0.2800
 1852 0.2800
 1853 0.2800
 1854 0.2800
 1855 0.2800
 1856 0.2800
 1857 0.2800
 1858 0.2800
 1859 0.2800
 1860 0.2800
 1861 0.2800
 1862 0.2800
 1863 0.2800
 1864 0.2800
 1865 0.2800
 1866 0.2800
 1867 0.2800
 1868 0.2800
 1869 0.2800
 1870 0.2800
 1871 0.2800
 1872 0.2800
 1873 0.2800
 1874 0.2800
 1875 0.2800
 1876 0.2800
 1877 0.2800
 1878 0.2800
 1879 0.2800
 1880 0.2800
 1881 0.2800
 1882 0.2800
 1883 0.2800
 1884 0.2800
 1885 0.2800
 1886 0.2800
 1887 0.2800
 1888 0.2800
 1889 0.2800
 1890 0.2800
 1891 0.2800
 1892 0.2800
 1893 0.2800
 1894 0.2800
 1895 0.2800
 1896 0.2800
 1897 0.2800
 1898 0.2800
 1899 0.2800
 1900 0.2800
 1901 0.2800
 1902 0.2800
 1903 0.2800
 1904 0.2800
 1905 0.2800
 1906 0.2800
 1907 0.2800
 1908 0.2800
 1909 0.2800
 1910 0.2800
 1911 0.2800
 1912 0.2800
 1913 0.2800
 1914 0.2800
 1915 0.2800
 1916 0.2800
 1917 0.2800
 1918 0.2800
 1919 0.2800
 1920 0.2800
 1921 0.2800
 1922 0.2800
 1923 0.2800
 1924 0.2800
 1925 0.2800
 1926 0.2800
 1927 0.2800
 1928 0.2800
 1929 0.2800
 1930 0.2800
 1931 0.2800
 1932 0.2800
 1933 0.2800
 1934 0.2800
 1935 0.2800
 1936 0.2800
 1937 0.2800
 1938 0.2800
 1939 0.2800
 1940 0.2800
 1941 0.2800
 1942 0.2800
 1943 0.2800
 1944 0.2800
 1945 0.2800
 1946 0.2800
 1947 0.2800
 1948 0.2800
 1949 0.2800
 1950 0.2800
 1951 0.2800
 1952 0.2800
 1953 0.2800
 1954 0.2800
 1955 0.2800
 1956 0.2800
 1957 0.2800
 1958 0.2800
 1959 0.2800
 1960 0.2800
 1961 0.2800
 1962 0.2800
 1963 0.2800
 1964 0.2800
 1965 0.2800
 1966 0.2800
 1967 0.2800
 1968 0.2800
 1969 0.2800
 1970 0.2800
 1971 0.2800
 1972 0.2800
 1973 0.2800
 1974 0.2800
 1975 0.2800
 1976 0.2800
 1977 0.2800
 1978 0.2800
 1979 0.2800
 1980 0.2800
 1981 0.2800
 1982 0.2800
 1983 0.2800
 1984 0.2800
 1985 0.2800
 1986 0.2800
 1987 0.2800
 1988 0.2800
 1989 0.2800
 1990 0.2800
 1991 0.2800
 1992 0.2800
 1993 0.2800
 1994 0.2800
 1995 0.2800
 1996 0.2800
 1997 0.2800
 1998 0.2800
 1999 0.2800
 2000 0.2800
 2001 0.2800
 2002 0.2800
 2003 0.2800
 2004 0.2800
 2005 0.2800
 2006 0.2800
 2007 0.2800
 2008 0.2800
 2009 0.2800
 2010 0.2800
 2011 0.2800
 2012 0.2800
 2013 0.2800
 2014 0.2800
 2015 0.2800
 2016 0.2800
 2017 0.2800
 2018 0.2800
 2019 0.2800
 2020 0.2800
 2021 0.2800
 2022 0.2800
 2023 0.2800
 2024 0.2800
 2025 0.2800
 2026 0.2800
 2027 0.2800
 2028 0.2800
 2029 0.2800
 2030 0.2800
 2031 0.2800
 2032 0.2800
 2033 0.2800
 2034 0.2800
 2035 0.2800
 2036 0.2800
 2037 0.2800
 2038 0.2800
 2039 0.2800
 2040 0.2800
 2041 0.2800
 2042 0.2800
 2043 0.2800
 2044 0.2800
 2045 0.2800
 2046 0.2800
 2047 0.2800
 2048 0.2800
 2049 0.2800
 2050 0.2800
 2051 0.2800
 2052 0.2800
 2053 0.2800
 2054 0.2800
 2055 0.2800
 2056 0.2800
 2057 0.2800
 2058 0.2800
 2059 0.2800
 2060 0.2800
 2061 0.2800
 2062 0.2800
 2063 0.2800
 2064 0.2800
 2065 0.2800
 2066 0.2800
 2067 0.2800
 2068 0.2800
 2069 0.2800
 2070 0.2800
 2071 0.2800
 2072 0.2800
 2073 0.2800
 2074 0.2800
 2075 0.2800
 2076 0.2800
 2077 0.2800
 2078 0.2800
 2079 0.2800
 2080 0.2800
 2081 0.2800
 2082 0.2800
 2083 0.2800
 2084 0.2800
 2085 0.2800
 2086 0.2800
 2087 0.2800
 2088 0.2800
 2089 0.2800
 2090 0.2800
 2091 0.2800
 2092 0.2800
 2093 0.2800
 2094 0.2800
 2095 0.2800
 2096 0.2800
 2097 0.2800
 2098 0.2800
 2099 0.2800
 2100 0.2800
 2101 0.2800
 2102 0.2800
 2103 0.2800
 2104 0.2800
 2105 0.2800
 2106 0.2800
 2107 0.2800
 2108 0.2800
 2109 0.2800
 2110 0.2800
 2111 0.2800
 2112 0.2800
 2113 0.2800
 2114 0.2800
 2115 0.2800
 2116 0.2800
 2117 0.2800
 2118 0.2800
 2119 0.2800
 2120 0.2800
 2121 0.2800
 2122 0.2800
 2123 0.2800
 2124 0.2800
 2125 0.2800
 2126 0.2800
 2127 0.2800
 2128 0.2800
 2129 0.2800
 2130 0.2800
 2131 0.2800
 2132 0.2800
 2133 0.2800
 2134 0.2800
 2135 0.2800
 2136 0.2800
 2137 0.2800
 2138 0.2800
 2139 0.2800
 2140 0.2800
 2141 0.2800
 2142 0.2800
 2143 0.2800
 2144 0.2800
 2145 0.2800
 2146 0.2800
 2147 0.2800
 2148 0.2800
 2149 0.2800
 2150 0.2800
 2151 0.2800
 2152 0.2800
 2153 0.2800
 2154 0.2800
 2155 0.2800
 2156 0.2800
 2157 0.2800
 2158 0.2800
 2159 0.2800
 2160 0.2800
 2161 0.2800
 2162 0.2800
 2163 0.2800
 2164 0.2800
 2165 0.2800
 2166 0.2800
 2167 0.2800
 2168 0.2800
 2169 0.2800
 2170 0.2800
 2171 0.2800
 2172 0.2800
 2173 0.2800
 2174 0.2800
 2175 0.2800
 2176 0.2800
 2177 0.2800
 2178 0.2800
 2179 0.2800
 2180 0.2800
 2181 0.2800
 2182 0.2800
 2183 0.2800
 2184 0.2800
 2185 0.2800
 2186 0.2800
 2187 0.2800
 2188 0.2800
 2189 0.2800
 2190 0.2800
 2191 0.2800
 2192 0.2800
 2193 0.2800
 2194 0.2800
 2195 0.2800
 2196 0.2800
 2197 0.2800
 2198 0.2800
 2199 0.2800
 2200 0.2800
 2201 0.2800
 2202 0.2800
 2203 0.2800
 2204 0.2800
 2205 0.2800
 2206 0.2800
 2207 0.2800
 2208 0.2800
 2209 0.2800
 2210 0.2800
 2211 0.2800
 2212 0.2800
 2213 0.2800
 2214 0.2800
 2215 0.2800
 2216 0.2800
 2217 0.2800
 2218 0.2800
 2219 0.2800
 2220 0.2800
 2221 0.2800
 2222 0.2800
 2223 0.2800
 2224 0.2800
 2225 0.2800
 2226 0.2800
 2227 0.2800
 2228 0.2800
 2229 0.2800
 2230 0.2800
 2231 0.2800
 2232 0.2800
 2233 0.2800
 2234 0.2800
 2235 0.2800
 2236 0.2800
 2237 0.2800
 2238 0.2800
 2239 0.2800
 2240 0.2800
 2241 0.2800
 2242 0.2800
 2243 0.2800
 2244 0.2800
 2245 0.2800
 2246 0.2800
 2247 0.2800
 2248 0.2800
 2249 0.2800
 2250 0.2800
 2251 0.2800
 2252 0.2800
 2253 0.2800
 2254 0.2800
 2255 0.2800
 2256 0.2800
 2257 0.2800
 2258 0.2800
 2259 0.2800
 2260 0.2800
 2261 0.2800
 2262 0.2800
 2263 0.2800
 2264 0.2800
 2265 0.2800
 2266 0.2800
 2267 0.2800
 2268 0.2800
 2269 0.2800
 2270 0.2800
 2271 0.2800
 2272 0.2800
 2273 0.2800
 2274 0.2800
 2275 0.2800
 2276 0.2800
 2277 0.2800
 2278 0.2800
 2279 0.2800
 2280 0.2800
 2281 0.2800
 2282 0.2800
 2283 0.2800
 2284 0.2800
 2285 0.2800
 2286 0.2800
 2287 0.2800
 2288 0.2800
 2289 0.2800
 2290 0.2800
 2291 0.2800
 2292 0.2800
 2293 0.2800
 2294 0.2800
 2295 0.2800
 2296 0.2800
 2297 0.2800
 2298 0.2800
 2299 0.2800
 2300 0.2800
 2301 0.2800
 2302 0.2800
 2303 0.2800
 2304 0.2800
 2305 0.2800
 2306 0.2800
 2307 0.2800
 2308 0.2800
 2309 0.2800
 2310 0.2800
 2311 0.2800
 2312 0.2800
 2313 0.2800
 2314 0.2800
 2315 0.2800
 2316 0.2800
 2317 0.2800
 2318 0.2800
 2319 0.2800
 2320 0.2800
 2321 0.2800
 2322 0.2800
 2323 0.2800
 2324 0.2800
 2325 0.2800
 2326 0.2800
 2327 0.2800
 2328 0.2800
 2329 0.2800
 2330 0.2800
 2331 0.2800
 2332 0.2800
 2333 0.2800
 2334 0.2800
 2335 0.2800
 2336 0.2800
 2337 0.2800
 2338 0.2800
 2339 0.2800
 2340 0.2800
 2341 0.2800
 2342 0.2800
 2343 0.2800
 2344 0.2800
 2345 0.2800
 2346 0.2800
 2347 0.2800
 2348 0.2800
 2349 0.2800
 2350 0.2800
 2351 0.2800
 2352 0.2800
 2353 0.2800
 2354 0.2800
 2355 0.2800
 2356 0.2800
 2357 0.2800
 2358 0.2800
 2359 0.2800
 2360 0.2800
 2361 0.2800
 2362 0.2800
 2363 0.2800
 2364 0.2800
 2365 0.2800
 2366 0.2800
 2367 0.2800
 2368 0.2800
 2369 0.2800
 2370 0.2800
 2371 0.2800
 2372 0.2800
 2373 0.2800
 2374 0.2800
 2375 0.2800
 2376 0.2800
 2377 0.2800
 2378 0.2800
 2379 0.2800
 2380 0.2800
 2381 0.2800
 2382 0.2800
 2383 0.2800
 2384 0.2800
 2385 0.2800
 2386 0.2800
 2387 0.2800
 2388 0.2800
 2389 0.2800
 2390 0.2800
 2391 0.2800
 2392 0.2800
 2393 0.2800
 2394 0.2800
 2395 0.2800
 2396 0.2800
 2397 0.2800
 2398 0.2800
 2399 0.2800
 2400 0.2800
 2401 0.2800
 2402 0.2800
 2403 0.2800
 2404 0.2800
 2405 0.2800
 2406 0.2800
 2407 0.2800
 2408 0.2800
 2409 0.2800
 2410 0.2800
 2411 0.2800
 2412 0.2800
 2413 0.2800
 2414 0.2800
 2415 0.2800
 2416 0.2800
 2417 0.2800
 2418 0.2800
 2419 0.2800
 2420 0.2800
 2421 0.2800
 2422 0.2800
 2423 0.2800
 2424 0.2800
 2425 0.2800
 2426 0.2800
 2427 0.2800
 2428 0.2800
 2429 0.2800
 2430 0.2800
 2431 0.2800
 2432 0.2800
 2433 0.2800
 2434 0.2800
 2435 0.2800
 2436 0.2800
 2437 0.2800
 2438 0.2800
 2439 0.2800
 2440 0.2800
 2441 0.2800
 2442 0.2800
 2443 0.2800
 2444 0.2800
 2445 0.2800
 2446 0.2800
 2447 0.2800
 2448 0.2800
 2449 0.2800
 2450 0.2800
 2451 0.2800
 2452 0.2800
 2453 0.2800
 2454 0.2800
 2455 0.2800
 2456 0.2800
 2457 0.2800
 2458 0.2800
 2459 0.2800
 2460 0.2800
 2461 0.2800
 2462 0.2800
 2463 0.2800
 2464 0.2800
 2465 0.2800
 2466 0.2800
 2467 0.2800
 2468 0.2800
 2469 0.2800
 2470 0.2800
 2471 0.2800
 2472 0.2800
 2473 0.2800
 2474 0.2800
 2475 0.2800
 2476 0.2800
 2477 0.2800
 2478 0.2800
 2479 0.2800
 2480 0.2800
 2481 0.2800
 2482 0.2800
 2483 0.2800
 2484 0.2800
 2485 0.2800
 2486 0.2800
 2487 0.2800
 2488 0.2800
 2489 0.2800
 2490 0.2800
 2491 0.2800
 2492 0.2800
 2493 0.2800
 2494 0.2800
 2495 0.2800
 2496 0.2800
 2497 0.2800
 2498 0.2800
 2499 0.2800
 2500 0.2800
 2501 0.2800
 2502 0.2800
 2503 0.2800
 2504 0.2800
 2505 0.2800
 2506 0.2800
 2507 0.2800
 2508 0.2800
 2509 0.2800
 2510 0.2800
 2511 0.2800
 2512 0.2800
 2513 0.2800
 2514 0.2800
 2515 0.2800
 2516 0.2800
 2517 0.2800
 2518 0.2800
 2519 0.2800
 2520 0.2800
 2521 0.2800
 2522 0.2800
 2523 0.2800
 2524 0.2800
 2525 0.2800
 2526 0.2800
 2527 0.2800
 2528 0.2800
 2529 0.2800
 2530 0.2800
 2531 0.2800
 2532 0.2800
 2533 0.2800
 2534 0.2800
 2535 0.2800
 2536 0.2800
 2537 0.2800
 2538 0.2800
 2539 0.2800
 2540 0.2800
 2541 0.2800
 2542 0.2800
 2543 0.2800
 2544 0.2800
 2545 0.2800
 2546 0.2800
 2547 0.2800
 2548 0.2800
 2549 0.2800
 2550 0.2800
 2551 0.2800
 2552 0.2800
 2553 0.2800
 2554 0.2700
 2555 0.2800
 2556 0.2800
 2557 0.2800
 2558 0.2800
 2559 0.2800
 2560 0.2800
 2561 0.2800
 2562 0.2800
 2563 0.2800
 2564 0.2800
 2565 0.2800
 2566 0.2800
 2567 0.2800
 2568 0.2800
 2569 0.2800
 2570 0.2800
 2571 0.2700
 2572 0.2800
 2573 0.2800
 2574 0.2800
 2575 0.2800
 2576 0.2800
 2577 0.2800
 2578 0.2800
 2579 0.2800
 2580 0.2800
 2581 0.2800
 2582 0.2800
 2583 0.2800
 2584 0.2700
 2585 0.2800
 2586 0.2800
 2587 0.2800
 2588 0.2800
 2589 0.2800
 2590 0.2800
 2591 0.2800
 2592 0.2800
 2593 0.2800
 2594 0.2700
 2595 0.2800
 2596 0.2800
 2597 0.2800
 2598 0.2800
 2599 0.2800
 2600 0.2800
 2601 0.2800
 2602 0.2800
 2603 0.2800
 2604 0.2700
 2605 0.2800
 2606 0.2800
 2607 0.2800
 2608 0.2800
 2609 0.2800
 2610 0.2800
 2611 0.2800
 2612 0.2700
 2613 0.2800
 2614 0.2800
 2615 0.2800
 2616 0.2800
 2617 0.2800
 2618 0.2800
 2619 0.2800
 2620 0.2700
 2621 0.2800
 2622 0.2800
 2623 0.2800
 2624 0.2800
 2625 0.2800
 2626 0.2800
 2627 0.2700
 2628 0.2800
 2629 0.2800
 2630 0.2800
 2631 0.2800
 2632 0.2800
 2633 0.2800
 2634 0.2700
 2635 0.2800
 2636 0.2800
 2637 0.2800
 2638 0.2800
 2639 0.2800
 2640 0.2700
 2641 0.2800
 2642 0.2800
 2643 0.2800
 2644 0.2800
 2645 0.2800
 2646 0.2800
 2647 0.2700
 2648 0.2800
 2649 0.2800
 2650 0.2800
 2651 0.2800
 2652 0.2800
 2653 0.2700
 2654 0.2800
 2655 0.2800
 2656 0.2800
 2657 0.2800
 2658 0.2800
 2659 0.2700
 2660 0.2800
 2661 0.2800
 2662 0.2800
 2663 0.2800
 2664 0.2700
 2665 0.2800
 2666 0.2800
 2667 0.2800
 2668 0.2800
 2669 0.2800
 2670 0.2700
 2671 0.2800
 2672 0.2800
 2673 0.2800
 2674 0.2800
 2675 0.2700
 2676 0.2800
 2677 0.2800
 2678 0.2800
 2679 0.2800
 2680 0.2700
 2681 0.2800
 2682 0.2800
 2683 0.2800
 2684 0.2800
 2685 0.2700
 2686 0.2800
 2687 0.2800
 2688 0.2800
 2689 0.2800
 2690 0.2800
 2691 0.2700
 2692 0.2800
 2693 0.2800
 2694 0.2800
 2695 0.2700
 2696 0.2800
 2697 0.2800
 2698 0.2800
 2699 0.2800
 2700 0.2700
 2701 0.2800
 2702 0.2800
 2703 0.2800
 2704 0.2800
 2705 0.2700
 2706 0.2800
 2707 0.2800
 2708 0.2800
 2709 0.2800
 2710 0.2700
 2711 0.2800
 2712 0.2800
 2713 0.2800
 2714 0.2700
 2715 0.2800
 2716 0.2800
 2717 0.2800
 2718 0.2800
 2719 0.2700
 2720 0.2800
 2721 0.2800
 2722 0.2800
 2723 0.2700
 2724 0.2800
 2725 0.2800
 2726 0.2800
 2727 0.2800
 2728 0.2700
 2729 0.2800
 2730 0.2800
 2731 0.2800
 2732 0.2700
 2733 0.2800
 2734 0.2800
 2735 0.2800
 2736 0.2700
 2737 0.2800
 2738 0.2800
 2739 0.2800
 2740 0.2800
 2741 0.2700
 2742 0.2800
 2743 0.2800
 2744 0.2800
 2745 0.2700
 2746 0.2800
 2747 0.2800
 2748 0.2800
 2749 0.2700
 2750 0.2800
 2751 0.2800
 2752 0.2800
 2753 0.2700
 2754 0.2800
 2755 0.2800
 2756 0.2800
 2757 0.2700
 2758 0.2800
 2759 0.2800
 2760 0.2800
 2761 0.2700
 2762 0.2800
 2763 0.2800
 2764 0.2800
 2765 0.2700
 2766 0.2800
 2767 0.2800
 2768 0.2800
 2769 0.2700
 2770 0.2800
 2771 0.2800
 2772 0.2800
 2773 0.2700
 2774 0.2800
 2775 0.2800
 2776 0.2800
 2777 0.2700
 2778 0.2800
 2779 0.2800
 2780 0.2700
 2781 0.2800
 2782 0.2800
 2783 0.2800
 2784 0.2700
 2785 0.2800
 2786 0.2800
 2787 0.2800
 2788 0.2700
 2789 0.2800
 2790 0.2800
 2791 0.2800
 2792 0.2700
 2793 0.2800
 2794 0.2800
 2795 0.2800
 2796 0.2700
 2797 0.2800
 2798 0.2800
 2799 0.2700
 2800 0.2800
 2801 0.2800
 2802 0.2800
 2803 0.2700
 2804 0.2800
 2805 0.2800
 2806 0.2800
 2807 0.2700
 2808 0.2800
 2809 0.2800
 2810 0.2800
 2811 0.2700
 2812 0.2800
 2813 0.2800
 2814 0.2700
 2815 0.2800
 2816 0.2800
 2817 0.2800
 2818 0.2700
 2819 0.2800
 2820 0.2800
 2821 0.2800
 2822 0.2700
 2823 0.2800
 2824 0.2800
 2825 0.2700
 2826 0.2800
 2827 0.2800
 2828 0.2800
 2829 0.2700
 2830 0.2800
 2831 0.2800
 2832 0.2800
 2833 0.2700
 2834 0.2800
 2835 0.2800
 2836 0.2700
 2837 0.2800
 2838 0.2800
 2839 0.2800
 2840 0.2700
 2841 0.2800
 2842 0.2800
 2843 0.2800
 2844 0.2700
 2845 0.2800
 2846 0.2800
 2847 0.2700
 2848 0.2800
 2849 0.2800
 2850 0.2800
 2851 0.2700
 2852 0.2800
 2853 0.2800
 2854 0.2800
 2855 0.2700
 2856 0.2800
 2857 0.2800
 2858 0.2700
 2859 0.2800
 2860 0.2800
 2861 0.2800
 2862 0.2700
 2863 0.2800
 2864 0.2800
 2865 0.2800
 2866 0.2700
 2867 0.2800
 2868 0.2800
 2869 0.2700
 2870 0.2800
 2871 0.2800
 2872 0.2800
 2873 0.2700
 2874 0.2800
 2875 0.2800
 2876 0.2800
 2877 0.2700
 2878 0.2800
 2879 0.2800
 2880 0.2700
 2881 0.2800
 2882 0.2800
 2883 0.2800
 2884 0.2700
 2885 0.2800
 2886 0.2800
 2887 0.2800
 2888 0.2700
 2889 0.2800
 2890 0.2800
 2891 0.2700
 2892 0.2800
 2893 0.2800
 2894 0.2800
 2895 0.2700
 2896 0.2800
 2897 0.2800
 2898 0.2800
 2899 0.2700
 2900 0.2800
 2901 0.2800
 2902 0.2800
 2903 0.2700
 2904 0.2800
 2905 0.2800
 2906 0.2800
 2907 0.2700
 2908 0.2800
 2909 0.2800
 2910 0.2700
 2911 0.2800
 2912 0.2800
 2913 0.2800
 2914 0.2700
 2915 0.2800
 2916 0.2800
 2917 0.2800
 2918 0.2700
 2919 0.2800
 2920 0.2800
 2921 0.2800
 2922 0.2700
 2923 0.2800
 2924 0.2800
 2925 0.2800
 2926 0.2700
 2927 0.2800
 2928 0.2800
 2929 0.2800
 2930 0.2700
 2931 0.2800
 2932 0.2800
 2933 0.2800
 2934 0.2700
 2935 0.2800
 2936 0.2800
 2937 0.2800
 2938 0.2700
 2939 0.2800
 2940 0.2800
 2941 0.2800
 2942 0.2800
 2943 0.2700
 2944 0.2800
 2945 0.2800
 2946 0.2800
 2947 0.2700
 2948 0.2800
 2949 0.2800
 2950 0.2800
 2951 0.2700
 2952 0.2800
 2953 0.2800
 2954 0.2800
 2955 0.2700
 2956 0.2800
 2957 0.2800
 2958 0.2800
 2959 0.2800
 2960 0.2700
 2961 0.2800
 2962 0.2800
 2963 0.2800
 2964 0.2700
 2965 0.2800
 2966 0.2800
 2967 0.2800
 2968 0.2800
 2969 0.2700
 2970 0.2800
 2971 0.2800
 2972 0.2800
 2973 0.2700
 2974 0.2800
 2975 0.2800
 2976 0.2800
 2977 0.2800
 2978 0.2700
 2979 0.2800
 2980 0.2800
 2981 0.2800
 2982 0.2700
 2983 0.2800
 2984 0.2800
 2985 0.2800
 2986 0.2800
 2987 0.2700
 2988 0.2800
 2989 0.2800
 2990 0.2800
 2991 0.2800
 2992 0.2700
 2993 0.2800
 2994 0.2800
 2995 0.2800
 2996 0.2700
 2997 0.2800
 2998 0.2800
 2999 0.2800
 3000 0.2800
 3001 0.2700
 3002 0.2800
 3003 0.2800
 3004 0.2800
 3005 0.2800
 3006 0.2700
 3007 0.2800
 3008 0.2800
 3009 0.2800
 3010 0.2700
 3011 0.2800
 3012 0.2800
 3013 0.2800
 3014 0.2800
 3015 0.2700
 3016 0.2800
 3017 0.2800
 3018 0.2800
 3019 0.2800
 3020 0.2700
 3021 0.2800
 3022 0.2800
 3023 0.2800
 3024 0.2700
 3025 0.2800
 3026 0.2800
 3027 0.2800
 3028 0.2800
 3029 0.2700
 3030 0.2800
 3031 0.2800
 3032 0.2800
 3033 0.2800
 3034 0.2700
 3035 0.2800
 3036 0.2800
 3037 0.2800
 3038 0.2700
 3039 0.2800
 3040 0.2800
 3041 0.2800
 3042 0.2800
 3043 0.2700
 3044 0.2800
 3045 0.2800
 3046 0.2800
 3047 0.2800
 3048 0.2700
 3049 0.2800
 3050 0.2800
 3051 0.2800
 3052 0.2700
 3053 0.2800
 3054 0.2800
 3055 0.2800
 3056 0.2800
 3057 0.2700
 3058 0.2800
 3059 0.2800
 3060 0.2800
 3061 0.2700
 3062 0.2800
 3063 0.2800
 3064 0.2800
 3065 0.2700
 3066 0.2800
 3067 0.2800
 3068 0.2800
 3069 0.2800
 3070 0.2700
 3071 0.2800
 3072 0.2800
 3073 0.2800
 3074 0.2700
 3075 0.2800
 3076 0.2800
 3077 0.2800
 3078 0.2800
 3079 0.2700
 3080 0.2800
 3081 0.2800
 3082 0.2800
 3083 0.2700
 3084 0.2800
 3085 0.2800
 3086 0.2800
 3087 0.2700
 3088 0.2800
 3089 0.2800
 3090 0.2800
 3091 0.2700
 3092 0.2800
 3093 0.2800
 3094 0.2800
 3095 0.2700
 3096 0.2800
 3097 0.2800
 3098 0.2800
 3099 0.2800
 3100 0.2700
 3101 0.2800
 3102 0.2800
 3103 0.2800
 3104 0.2700
 3105 0.2800
 3106 0.2800
 3107 0.2800
 3108 0.2700
 3109 0.2800
 3110 0.2800
 3111 0.2800
 3112 0.2700
 3113 0.2800
 3114 0.2800
 3115 0.2800
 3116 0.2700
 3117 0.2800
 3118 0.2800
 3119 0.2800
 3120 0.2700
 3121 0.2800
 3122 0.2800
 3123 0.2800
 3124 0.2700
 3125 0.2800
 3126 0.2800
 3127 0.2700
 3128 0.2800
 3129 0.2800
 3130 0.2800
 3131 0.2700
 3132 0.2800
 3133 0.2800
 3134 0.2800
 3135 0.2700
 3136 0.2800
 3137 0.2800
 3138 0.2800
 3139 0.2700
 3140 0.2800
 3141 0.2800
 3142 0.2800
 3143 0.2700
 3144 0.2800
 3145 0.2800
 3146 0.2700
 3147 0.2800
 3148 0.2800
 3149 0.2800
 3150 0.2700
 3151 0.2800
 3152 0.2800
 3153 0.2800
 3154 0.2700
 3155 0.2800
 3156 0.2800
 3157 0.2700
 3158 0.2800
 3159 0.2800
 3160 0.2800
 3161 0.2700
 3162 0.2800
 3163 0.2800
 3164 0.2700
 3165 0.2800
 3166 0.2800
 3167 0.2800
 3168 0.2700
 3169 0.2800
 3170 0.2800
 3171 0.2700
 3172 0.2800
 3173 0.2800
 3174 0.2800
 3175 0.2700
 3176 0.2800
 3177 0.2800
 3178 0.2700
 3179 0.2800
 3180 0.2800
 3181 0.2700
 3182 0.2800
 3183 0.2800
 3184 0.2800
 3185 0.2700
 3186 0.2800
 3187 0.2800
 3188 0.2700
 3189 0.2800
 3190 0.2800
 3191 0.2700
 3192 0.2800
 3193 0.2800
 3194 0.2800
 3195 0.2700
 3196 0.2800
 3197 0.2800
 3198 0.2700
 3199 0.2800
 3200 0.2800
 3201 0.2700
 3202 0.2800
 3203 0.2800
 3204 0.2700
 3205 0.2800
 3206 0.2800
 3207 0.2700
 3208 0.2800
 3209 0.2800
 3210 0.2700
 3211 0.2800
 3212 0.2800
 3213 0.2700
 3214 0.2800
 3215 0.2800
 3216 0.2700
 3217 0.2800
 3218 0.2800
 3219 0.2700
 3220 0.2800
 3221 0.2800
 3222 0.2700
 3223 0.2800
 3224 0.2800
 3225 0.2700
 3226 0.2800
 3227 0.2800
 3228 0.2700
 3229 0.2800
 3230 0.2800
 3231 0.2700
 3232 0.2800
 3233 0.2800
 3234 0.2700
 3235 0.2800
 3236 0.2800
 3237 0.2700
 3238 0.2800
 3239 0.2700
 3240 0.2800
 3241 0.2800
 3242 0.2700
 3243 0.2800
 3244 0.2800
 3245 0.2700
 3246 0.2800
 3247 0.2800
 3248 0.2700
 3249 0.2800
 3250 0.2700
 3251 0.2800
 3252 0.2800
 3253 0.2700
 3254 0.2800
 3255 0.2800
 3256 0.2700
 3257 0.2800
 3258 0.2700
 3259 0.2800
 3260 0.2800
 3261 0.2700
 3262 0.2800
 3263 0.2700
 3264 0.2800
 3265 0.2800
 3266 0.2700
 3267 0.2800
 3268 0.2700
 3269 0.2800
 3270 0.2800
 3271 0.2700
 3272 0.2800
 3273 0.2700
 3274 0.2800
 3275 0.2800
 3276 0.2700
 3277 0.2800
 3278 0.2700
 3279 0.2800
 3280 0.2800
 3281 0.2700
 3282 0.2800
 3283 0.2700
 3284 0.2800
 3285 0.2800
 3286 0.2700
 3287 0.2800
 3288 0.2700
 3289 0.2800
 3290 0.2700
 3291 0.2800
 3292 0.2800
 3293 0.2700
 3294 0.2800
 3295 0.2700
 3296 0.2800
 3297 0.2800
 3298 0.2700
 3299 0.2800
 3300 0.2700
 3301 0.2800
 3302 0.2700
 3303 0.2800
 3304 0.2700
 3305 0.2800
 3306 0.2800
 3307 0.2700
 3308 0.2800
 3309 0.2700
 3310 0.2800
 3311 0.2700
 3312 0.2800
 3313 0.2800
 3314 0.2700
 3315 0.2800
 3316 0.2700
 3317 0.2800
 3318 0.2700
 3319 0.2800
 3320 0.2700
 3321 0.2800
 3322 0.2700
 3323 0.2800
 3324 0.2800
 3325 0.2700
 3326 0.2800
 3327 0.2700
 3328 0.2800
 3329 0.2700
 3330 0.2800
 3331 0.2700
 3332 0.2800
 3333 0.2700
 3334 0.2800
 3335 0.2700
 3336 0.2800
 3337 0.2800
 3338 0.2700
 3339 0.2800
 3340 0.2700
 3341 0.2800
 3342 0.2700
 3343 0.2800
 3344 0.2700
 3345 0.2800
 3346 0.2700
 3347 0.2800
 3348 0.2700
 3349 0.2800
 3350 0.2700
 3351 0.2800
 3352 0.2700
 3353 0.2800
 3354 0.2700
 3355 0.2800
 3356 0.2700
 3357 0.2800
 3358 0.2700
 3359 0.2800
 3360 0.2700
 3361 0.2800
 3362 0.2800
 3363 0.2700
 3364 0.2800
 3365 0.2700
 3366 0.2800
 3367 0.2700
 3368 0.2800
 3369 0.2700
 3370 0.2800
 3371 0.2700
 3372 0.2800
 3373 0.2700
 3374 0.2800
 3375 0.2700
 3376 0.2800
 3377 0.2700
 3378 0.2800
 3379 0.2700
 3380 0.2800
 3381 0.2700
 3382 0.2800
 3383 0.2700
 3384 0.2800
 3385 0.2700
 3386 0.2800
 3387 0.2700
 3388 0.2700
 3389 0.2800
 3390 0.2700
 3391 0.2800
 3392 0.2700
 3393 0.2800
 3394 0.2700
 3395 0.2800
 3396 0.2700
 3397 0.2800
 3398 0.2700
 3399 0.2800
 3400 0.2700
 3401 0.2800
 3402 0.2700
 3403 0.2800
 3404 0.2700
 3405 0.2800
 3406 0.2700
 3407 0.2800
 3408 0.2700
 3409 0.2800
 3410 0.2700
 3411 0.2800
 3412 0.2700
 3413 0.2800
 3414 0.2700
 3415 0.2700
 3416 0.2800
 3417 0.2700
 3418 0.2800
 3419 0.2700
 3420 0.2800
 3421 0.2700
 3422 0.2800
 3423 0.2700
 3424 0.2800
 3425 0.2700
 3426 0.2800
 3427 0.2700
 3428 0.2800
 3429 0.2700
 3430 0.2700
 3431 0.2800
 3432 0.2700
 3433 0.2800
 3434 0.2700
 3435 0.2800
 3436 0.2700
 3437 0.2800
 3438 0.2700
 3439 0.2800
 3440 0.2700
 3441 0.2800
 3442 0.2700
 3443 0.2700
 3444 0.2800
 3445 0.2700
 3446 0.2800
 3447 0.2700
 3448 0.2800
 3449 0.2700
 3450 0.2800
 3451 0.2700
 3452 0.2800
 3453 0.2700
 3454 0.2700
 3455 0.2800
 3456 0.2700
 3457 0.2800
 3458 0.2700
 3459 0.2800
 3460 0.2700
 3461 0.2800
 3462 0.2700
 3463 0.2800
 3464 0.2700
 3465 0.2700
 3466 0.2800
 3467 0.2700
 3468 0.2800
 3469 0.2700
 3470 0.2800
 3471 0.2700
 3472 0.2800
 3473 0.2700
 3474 0.2700
 3475 0.2800
 3476 0.2700
 3477 0.2800
 3478 0.2700
 3479 0.2800
 3480 0.2700
 3481 0.2800
 3482 0.2700
 3483 0.2800
 3484 0.2700
 3485 0.2700
 3486 0.2800
 3487 0.2700
 3488 0.2800
 3489 0.2700
 3490 0.2800
 3491 0.2700
 3492 0.2800
 3493 0.2700
 3494 0.2700
 3495 0.2800
 3496 0.2700
 3497 0.2800
 3498 0.2700
 3499 0.2800
 3500 0.2700
 3501 0.2800
 3502 0.2700
 3503 0.2700
 3504 0.2800
 3505 0.2700
 3506 0.2800
 3507 0.2700
 3508 0.2800
 3509 0.2700
 3510 0.2800
 3511 0.2700
 3512 0.2700
 3513 0.2800
 3514 0.2700
 3515 0.2800
 3516 0.2700
 3517 0.2800
 3518 0.2700
 3519 0.2800
 3520 0.2700
 3521 0.2800
 3522 0.2700
 3523 0.2700
 3524 0.2800
 3525 0.2700
 3526 0.2800
 3527 0.2700
 3528 0.2800
 3529 0.2700
 3530 0.2800
 3531 0.2700
 3532 0.2700
 3533 0.2800
 3534 0.2700
 3535 0.2800
 3536 0.2700
 3537 0.2800
 3538 0.2700
 3539 0.2800
 3540 0.2700
 3541 0.2700
 3542 0.2800
 3543 0.2700
 3544 0.2800
 3545 0.2700
 3546 0.2800
 3547 0.2700
 3548 0.2800
 3549 0.2700
 3550 0.2800
 3551 0.2700
 3552 0.2700
 3553 0.2800
 3554 0.2700
 3555 0.2800
 3556 0.2700
 3557 0.2800
 3558 0.2700
 3559 0.2800
 3560 0.2700
 3561 0.2700
 3562 0.2800
 3563 0.2700
 3564 0.2800
 3565 0.2700
 3566 0.2800
 3567 0.2700
 3568 0.2800
 3569 0.2700
 3570 0.2700
 3571 0.2800
 3572 0.2700
 3573 0.2800
 3574 0.2700
 3575 0.2800
 3576 0.2700
 3577 0.2800
 3578 0.2700
 3579 0.2700
 3580 0.2800
 3581 0.2700
 3582 0.2800
 3583 0.2700
 3584 0.2800
 3585 0.2700
 3586 0.2800
 3587 0.2700
 3588 0.2800
 3589 0.2700
 3590 0.2700
 3591 0.2800
 3592 0.2700
 3593 0.2800
 3594 0.2700
 3595 0.2800
 3596 0.2700
 3597 0.2800
 3598 0.2700
 3599 0.2700
 3600 0.2800
 3601 0.2700
 3602 0.2800
 3603 0.2700
 3604 0.2800
 3605 0.2700
 3606 0.2800
 3607 0.2700
 3608 0.2700
 3609 0.2800
 3610 0.2700
 3611 0.2800
 3612 0.2700
 3613 0.2800
 3614 0.2700
 3615 0.2800
 3616 0.2700
 3617 0.2700
 3618 0.2800
 3619 0.2700
 3620 0.2800
 3621 0.2700
 3622 0.2800
 3623 0.2700
 3624 0.2800
 3625 0.2700
 3626 0.2700
 3627 0.2800
 3628 0.2700
 3629 0.2800
 3630 0.2700
 3631 0.2800
 3632 0.2700
 3633 0.2700
 3634 0.2800
 3635 0.2700
 3636 0.2800
 3637 0.2700
 3638 0.2800
 3639 0.2700
 3640 0.2800
 3641 0.2700
 3642 0.2700
 3643 0.2800
 3644 0.2700
 3645 0.2800
 3646 0.2700
 3647 0.2800
 3648 0.2700
 3649 0.2800
 3650 0.2700
 3651 0.2700
 3652 0.2800
 3653 0.2700
 3654 0.2800
 3655 0.2700
 3656 0.2800
 3657 0.2700
 3658 0.2700
 3659 0.2800
 3660 0.2700
 3661 0.2800
 3662 0.2700
 3663 0.2800
 3664 0.2700
 3665 0.2800
 3666 0.2700
 3667 0.2700
 3668 0.2800
 3669 0.2700
 3670 0.2800
 3671 0.2700
 3672 0.2800
 3673 0.2700
 3674 0.2700
 3675 0.2800
 3676 0.2700
 3677 0.2800
 3678 0.2700
 3679 0.2800
 3680 0.2700
 3681 0.2800
 3682 0.2700
 3683 0.2700
 3684 0.2800
 3685 0.2700
 3686 0.2800
 3687 0.2700
 3688 0.2800
 3689 0.2700
 3690 0.2700
 3691 0.2800
 3692 0.2700
 3693 0.2800
 3694 0.2700
 3695 0.2800
 3696 0.2700
 3697 0.2700
 3698 0.2800
 3699 0.2700
 3700 0.2800
 3701 0.2700
 3702 0.2800
 3703 0.2700
 3704 0.2700
 3705 0.2800
 3706 0.2700
 3707 0.2800
 3708 0.2700
 3709 0.2800
 3710 0.2700
 3711 0.2700
 3712 0.2800
 3713 0.2700
 3714 0.2800
 3715 0.2700
 3716 0.2700
 3717 0.2800
 3718 0.2700
 3719 0.2800
 3720 0.2700
 3721 0.2800
 3722 0.2700
 3723 0.2700
 3724 0.2800
 3725 0.2700
 3726 0.2800
 3727 0.2700
 3728 0.2700
 3729 0.2800
 3730 0.2700
 3731 0.2800
 3732 0.2700
 3733 0.2800
 3734 0.2700
 3735 0.2700
 3736 0.2800
 3737 0.2700
 3738 0.2800
 3739 0.2700
 3740 0.2700
 3741 0.2800
 3742 0.2700
 3743 0.2800
 3744 0.2700
 3745 0.2700
 3746 0.2800
 3747 0.2700
 3748 0.2800
 3749 0.2700
 3750 0.2700
 3751 0.2800
 3752 0.2700
 3753 0.2800
 3754 0.2700
 3755 0.2700
 3756 0.2800
 3757 0.2700
 3758 0.2800
 3759 0.2700
 3760 0.2700
 3761 0.2800
 3762 0.2700
 3763 0.2800
 3764 0.2700
 3765 0.2700
 3766 0.2800
 3767 0.2700
 3768 0.2800
 3769 0.2700
 3770 0.2700
 3771 0.2800
 3772 0.2700
 3773 0.2700
 3774 0.2800
 3775 0.2700
 3776 0.2800
 3777 0.2700
 3778 0.2700
 3779 0.2800
 3780 0.2700
 3781 0.2800
 3782 0.2700
 3783 0.2700
 3784 0.2800
 3785 0.2700
 3786 0.2700
 3787 0.2800
 3788 0.2700
 3789 0.2800
 3790 0.2700
 3791 0.2700
 3792 0.2800
 3793 0.2700
 3794 0.2700
 3795 0.2800
 3796 0.2700
 3797 0.2800
 3798 0.2700
 3799 0.2700
 3800 0.2800
 3801 0.2700
 3802 0.2700
 3803 0.2800
 3804 0.2700
 3805 0.2800
 3806 0.2700
 3807 0.2700
 3808 0.2800
 3809 0.2700
 3810 0.2700
 3811 0.2800
 3812 0.2700
 3813 0.2800
 3814 0.2700
 3815 0.2700
 3816 0.2800
 3817 0.2700
 3818 0.2700
 3819 0.2800
 3820 0.2700
 3821 0.2700
 3822 0.2800
 3823 0.2700
 3824 0.2700
 3825 0.2800
 3826 0.2700
 3827 0.2800
 3828 0.2700
 3829 0.2700
 3830 0.2800
 3831 0.2700
 3832 0.2700
 3833 0.2800
 3834 0.2700
 3835 0.2700
 3836 0.2800
 3837 0.2700
 3838 0.2700
 3839 0.2800
 3840 0.2700
 3841 0.2700
 3842 0.2800
 3843 0.2700
 3844 0.2700
 3845 0.2800
 3846 0.2700
 3847 0.2700
 3848 0.2800
 3849 0.2700
 3850 0.2700
 3851 0.2800
 3852 0.2700
 3853 0.2700
 3854 0.2800
 3855 0.2700
 3856 0.2700
 3857 0.2800
 3858 0.2700
 3859 0.2700
 3860 0.2800
 3861 0.2700
 3862 0.2700
 3863 0.2800
 3864 0.2700
 3865 0.2700
 3866 0.2800
 3867 0.2700
 3868 0.2700
 3869 0.2800
 3870 0.2700
 3871 0.2700
 3872 0.2700
 3873 0.2800
 3874 0.2700
 3875 0.2700
 3876 0.2800
 3877 0.2700
 3878 0.2700
 3879 0.2800
 3880 0.2700
 3881 0.2700
 3882 0.2700
 3883 0.2800
 3884 0.2700
 3885 0.2700
 3886 0.2800
 3887 0.2700
 3888 0.2700
 3889 0.2800
 3890 0.2700
 3891 0.2700
 3892 0.2700
 3893 0.2800
 3894 0.2700
 3895 0.2700
 3896 0.2800
 3897 0.2700
 3898 0.2700
 3899 0.2700
 3900 0.2800
 3901 0.2700
 3902 0.2700
 3903 0.2700
 3904 0.2800
 3905 0.2700
 3906 0.2700
 3907 0.2700
 3908 0.2800
 3909 0.2700
 3910 0.2700
 3911 0.2800
 3912 0.2700
 3913 0.2700
 3914 0.2700
 3915 0.2800
 3916 0.2700
 3917 0.2700
 3918 0.2700
 3919 0.2800
 3920 0.2700
 3921 0.2700
 3922 0.2700
 3923 0.2800
 3924 0.2700
 3925 0.2700
 3926 0.2700
 3927 0.2700
 3928 0.2800
 3929 0.2700
 3930 0.2700
 3931 0.2700
 3932 0.2800
 3933 0.2700
 3934 0.2700
 3935 0.2700
 3936 0.2800
 3937 0.2700
 3938 0.2700
 3939 0.2700
 3940 0.2700
 3941 0.2800
 3942 0.2700
 3943 0.2700
 3944 0.2700
 3945 0.2700
 3946 0.2800
 3947 0.2700
 3948 0.2700
 3949 0.2700
 3950 0.2800
 3951 0.2700
 3952 0.2700
 3953 0.2700
 3954 0.2700
 3955 0.2800
 3956 0.2700
 3957 0.2700
 3958 0.2700
 3959 0.2700
 3960 0.2800
 3961 0.2700
 3962 0.2700
 3963 0.2700
 3964 0.2700
 3965 0.2700
 3966 0.2800
 3967 0.2700
 3968 0.2700
 3969 0.2700
 3970 0.2700
 3971 0.2800
 3972 0.2700
 3973 0.2700
 3974 0.2700
 3975 0.2700
 3976 0.2700
 3977 0.2800
 3978 0.2700
 3979 0.2700
 3980 0.2700
 3981 0.2700
 3982 0.2700
 3983 0.2800
 3984 0.2700
 3985 0.2700
 3986 0.2700
 3987 0.2700
 3988 0.2700
 3989 0.2800
 3990 0.2700
 3991 0.2700
 3992 0.2700
 3993 0.2700
 3994 0.2700
 3995 0.2700
 3996 0.2800
 3997 0.2700
 3998 0.2700
 3999 0.2700
 4000 0.2700
 4001 0.2700
 4002 0.2700
 4003 0.2800
 4004 0.2700
 4005 0.2700
 4006 0.2700
 4007 0.2700
 4008 0.2700
 4009 0.2700
 4010 0.2800
 4011 0.2700
 4012 0.2700
 4013 0.2700
 4014 0.2700
 4015 0.2700
 4016 0.2700
 4017 0.2700
 4018 0.2800
 4019 0.2700
 4020 0.2700
 4021 0.2700
 4022 0.2700
 4023 0.2700
 4024 0.2700
 4025 0.2700
 4026 0.2700
 4027 0.2800
 4028 0.2700
 4029 0.2700
 4030 0.2700
 4031 0.2700
 4032 0.2700
 4033 0.2700
 4034 0.2700
 4035 0.2700
 4036 0.2700
 4037 0.2800
 4038 0.2700
 4039 0.2700
 4040 0.2700
 4041 0.2700
 4042 0.2700
 4043 0.2700
 4044 0.2700
 4045 0.2700
 4046 0.2700
 4047 0.2700
 4048 0.2700
 4049 0.2800
 4050 0.2700
 4051 0.2700
 4052 0.2700
 4053 0.2700
 4054 0.2700
 4055 0.2700
 4056 0.2700
 4057 0.2700
 4058 0.2700
 4059 0.2700
 4060 0.2700
 4061 0.2700
 4062 0.2700
 4063 0.2800
 4064 0.2700
 4065 0.2700
 4066 0.2700
 4067 0.2700
 4068 0.2700
 4069 0.2700
 4070 0.2700
 4071 0.2700
 4072 0.2700
 4073 0.2700
 4074 0.2700
 4075 0.2700
 4076 0.2700
 4077 0.2700
 4078 0.2700
 4079 0.2700
 4080 0.2700
 4081 0.2700
 4082 0.2800
 4083 0.2700
 4084 0.2700
 4085 0.2700
 4086 0.2700
 4087 0.2700
 4088 0.2700
 4089 0.2700
 4090 0.2700
 4091 0.2700
 4092 0.2700
 4093 0.2700
 4094 0.2700
 4095 0.2700
 4096 0.2700
 4097 0.2700
 4098 0.2700
 4099 0.2700
 4100 0.2700
 4101 0.2700
 4102 0.2700
 4103 0.2700
 4104 0.2700
 4105 0.2700
 4106 0.2700
 4107 0.2700
 4108 0.2700
 4109 0.2700
 4110 0.2700
 4111 0.2700
 4112 0.2700
 4113 0.2700
 4114 0.2700
 4115 0.2700
 4116 0.2700
 4117 0.2700
 4118 0.2700
 4119 0.2700
 4120 0.2700
 4121 0.2700
 4122 0.2700
 4123 0.2700
 4124 0.2700
 4125 0.2700
 4126 0.2700
 4127 0.2700
 4128 0.2700
 4129 0.2700
 4130 0.2700
 4131 0.2700
 4132 0.2700
 4133 0.2700
 4134 0.2700
 4135 0.2700
 4136 0.2700
 4137 0.2700
 4138 0.2700
 4139 0.2700
 4140 0.2700
 4141 0.2700
 4142 0.2700
 4143 0.2700
 4144 0.2700
 4145 0.2700
 4146 0.2700
 4147 0.2700
 4148 0.2700
 4149 0.2700
 4150 0.2700
 4151 0.2700
 4152 0.2700
 4153 0.2700
 4154 0.2700
 4155 0.2700
 4156 0.2700
 4157 0.2700
 4158 0.2700
 4159 0.2700
 4160 0.2700
 4161 0.2700
 4162 0.2700
 4163 0.2700
 4164 0.2700
 4165 0.2700
 4166 0.2700
 4167 0.2700
 4168 0.2700
 4169 0.2700
 4170 0.2700
 4171 0.2700
 4172 0.2700
 4173 0.2700
 4174 0.2700
 4175 0.2700
 4176 0.2700
 4177 0.2700
 4178 0.2700
 4179 0.2700
 4180 0.2700
 4181 0.2700
 4182 0.2700
 4183 0.2700
 4184 0.2700
 4185 0.2700
 4186 0.2700
 4187 0.2700
 4188 0.2700
 4189 0.2700
 4190 0.2700
 4191 0.2700
 4192 0.2700
 4193 0.2700
 4194 0.2700
 4195 0.2700
 4196 0.2700
 4197 0.2700
 4198 0.2700
 4199 0.2700
 4200 0.2700
 4201 0.2700
 4202 0.2700
 4203 0.2700
 4204 0.2700
 4205 0.2700
 4206 0.2700
 4207 0.2700
 4208 0.2700
 4209 0.2700
 4210 0.2700
 4211 0.2700
 4212 0.2700
 4213 0.2700
 4214 0.2700
 4215 0.2700
 4216 0.2700
 4217 0.2700
 4218 0.2700
 4219 0.2700
 4220 0.2700
 4221 0.2700
 4222 0.2700
 4223 0.2700
 4224 0.2700
 4225 0.2700
 4226 0.2700
 4227 0.2700
 4228 0.2700
 4229 0.2700
 4230 0.2700
 4231 0.2700
 4232 0.2700
 4233 0.2700
 4234 0.2700
 4235 0.2700
 4236 0.2700
 4237 0.2700
 4238 0.2700
 4239 0.2700
 4240 0.2700
 4241 0.2700
 4242 0.2700
 4243 0.2700
 4244 0.2700
 4245 0.2700
 4246 0.2700
 4247 0.2700
 4248 0.2700
 4249 0.2700
 4250 0.2700
 4251 0.2700
 4252 0.2700
 4253 0.2700
 4254 0.2700
 4255 0.2700
 4256 0.2700
 4257 0.2700
 4258 0.2700
 4259 0.2700
 4260 0.2700
 4261 0.2700
 4262 0.2700
 4263 0.2700
 4264 0.2700
 4265 0.2700
 4266 0.2700
 4267 0.2700
 4268 0.2700
 4269 0.2700
 4270 0.2700
 4271 0.2700
 4272 0.2700
 4273 0.2700
 4274 0.2700
 4275 0.2700
 4276 0.2700
 4277 0.2700
 4278 0.2700
 4279 0.2700
 4280 0.2700
 4281 0.2700
 4282 0.2700
 4283 0.2700
 4284 0.2700
 4285 0.2700
 4286 0.2700
 4287 0.2700
 4288 0.2700
 4289 0.2700
 4290 0.2700
 4291 0.2700
 4292 0.2700
 4293 0.2700
 4294 0.2700
 4295 0.2700
 4296 0.2700
 4297 0.2700
 4298 0.2700
 4299 0.2700
 4300 0.2700
 4301 0.2700
 4302 0.2700
 4303 0.2700
 4304 0.2700
 4305 0.2700
 4306 0.2700
 4307 0.2700
 4308 0.2700
 4309 0.2700
 4310 0.2700
 4311 0.2700
 4312 0.2700
 4313 0.2700
 4314 0.2700
 4315 0.2700
 4316 0.2700
 4317 0.2700
 4318 0.2700
 4319 0.2700
 4320 0.2700
 4321 0.2700
 4322 0.2700
 4323 0.2700
 4324 0.2700
 4325 0.2700
 4326 0.2700
 4327 0.2700
 4328 0.2700
 4329 0.2700
 4330 0.2700
 4331 0.2700
 4332 0.2700
 4333 0.2700
 4334 0.2700
 4335 0.2700
 4336 0.2700
 4337 0.2700
 4338 0.2700
 4339 0.2700
 4340 0.2700
 4341 0.2700
 4342 0.2700
 4343 0.2700
 4344 0.2700
 4345 0.2700
 4346 0.2700
 4347 0.2700
 4348 0.2700
 4349 0.2700
 4350 0.2700
 4351 0.2700
 4352 0.2700
 4353 0.2700
 4354 0.2700
 4355 0.2700
 4356 0.2700
 4357 0.2700
 4358 0.2700
 4359 0.2700
 4360 0.2700
 4361 0.2700
 4362 0.2700
 4363 0.2700
 4364 0.2700
 4365 0.2700
 4366 0.2700
 4367 0.2700
 4368 0.2700
 4369 0.2700
 4370 0.2700
 4371 0.2700
 4372 0.2700
 4373 0.2700
 4374 0.2700
 4375 0.2700
 4376 0.2700
 4377 0.2700
 4378 0.2700
 4379 0.2700
 4380 0.2700
 4381 0.2700
 4382 0.2700
 4383 0.2700
 4384 0.2700
 4385 0.2700
 4386 0.2700
 4387 0.2700
 4388 0.2700
 4389 0.2700
 4390 0.2700
 4391 0.2700
 4392 0.2700
 4393 0.2700
 4394 0.2700
 4395 0.2700
 4396 0.2700
 4397 0.2700
 4398 0.2700
 4399 0.2700
 4400 0.2700
 4401 0.2700
 4402 0.2700
 4403 0.2700
 4404 0.2700
 4405 0.2700
 4406 0.2700
 4407 0.2700
 4408 0.2700
 4409 0.2700
 4410 0.2700
 4411 0.2700
 4412 0.2700
 4413 0.2700
 4414 0.2700
 4415 0.2700
 4416 0.2700
 4417 0.2700
 4418 0.2700
 4419 0.2700
 4420 0.2700
 4421 0.2700
 4422 0.2700
 4423 0.2700
 4424 0.2700
 4425 0.2700
 4426 0.2700
 4427 0.2700
 4428 0.2700
 4429 0.2700
 4430 0.2700
 4431 0.2700
 4432 0.2700
 4433 0.2700
 4434 0.2700
 4435 0.2700
 4436 0.2700
 4437 0.2700
 4438 0.2700
 4439 0.2700
 4440 0.2700
 4441 0.2700
 4442 0.2700
 4443 0.2700
 4444 0.2700
 4445 0.2700
 4446 0.2700
 4447 0.2700
 4448 0.2700
 4449 0.2700
 4450 0.2700
 4451 0.2700
 4452 0.2700
 4453 0.2700
 4454 0.2700
 4455 0.2700
 4456 0.2700
 4457 0.2700
 4458 0.2700
 4459 0.2700
 4460 0.2700
 4461 0.2700
 4462 0.2700
 4463 0.2700
 4464 0.2700
 4465 0.2700
 4466 0.2700
 4467 0.2700
 4468 0.2700
 4469 0.2700
 4470 0.2700
 4471 0.2700
 4472 0.2700
 4473 0.2700
 4474 0.2700
 4475 0.2700
 4476 0.2700
 4477 0.2700
 4478 0.2700
 4479 0.2700
 4480 0.2700
 4481 0.2700
 4482 0.2700
 4483 0.2700
 4484 0.2700
 4485 0.2700
 4486 0.2700
 4487 0.2700
 4488 0.2700
 4489 0.2700
 4490 0.2700
 4491 0.2700
 4492 0.2700
 4493 0.2700
 4494 0.2700
 4495 0.2700
 4496 0.2700
 4497 0.2700
 4498 0.2700
 4499 0.2700
 4500 0.2700
 4501 0.2700
 4502 0.2700
 4503 0.2700
 4504 0.2700
 4505 0.2700
 4506 0.2700
 4507 0.2700
 4508 0.2700
 4509 0.2700
 4510 0.2700
 4511 0.2700
 4512 0.2700
 4513 0.2700
 4514 0.2700
 4515 0.2700
 4516 0.2700
 4517 0.2700
 4518 0.2700
 4519 0.2700
 4520 0.2700
 4521 0.2700
 4522 0.2700
 4523 0.2700
 4524 0.2700
 4525 0.2700
 4526 0.2700
 4527 0.2700
 4528 0.2700
 4529 0.2700
 4530 0.2700
 4531 0.2700
 4532 0.2700
 4533 0.2700
 4534 0.2700
 4535 0.2700
 4536 0.2700
 4537 0.2700
 4538 0.2700
 4539 0.2700
 4540 0.2700
 4541 0.2700
 4542 0.2700
 4543 0.2700
 4544 0.2700
 4545 0.2700
 4546 0.2700
 4547 0.2700
 4548 0.2700
 4549 0.2700
 4550 0.2700
 4551 0.2700
 4552 0.2700
 4553 0.2700
 4554 0.2700
 4555 0.2700
 4556 0.2700
 4557 0.2700
 4558 0.2700
 4559 0.2700
 4560 0.2700
 4561 0.2700
 4562 0.2700
 4563 0.2700
 4564 0.2700
 4565 0.2700
 4566 0.2700
 4567 0.2700
 4568 0.2700
 4569 0.2700
 4570 0.2700
 4571 0.2700
 4572 0.2700
 4573 0.2700
 4574 0.2700
 4575 0.2700
 4576 0.2700
 4577 0.2700
 4578 0.2700
 4579 0.2700
 4580 0.2700
 4581 0.2700
 4582 0.2700
 4583 0.2700
 4584 0.2700
 4585 0.2700
 4586 0.2700
 4587 0.2700
 4588 0.2700
 4589 0.2700
 4590 0.2700
 4591 0.2700
 4592 0.2700
 4593 0.2700
 4594 0.2700
 4595 0.2700
 4596 0.2700
 4597 0.2700
 4598 0.2700
 4599 0.2700
 4600 0.2700
 4601 0.2700
 4602 0.2700
 4603 0.2700
 4604 0.2700
 4605 0.2700
 4606 0.2700
 4607 0.2700
 4608 0.2700
 4609 0.2700
 4610 0.2700
 4611 0.2700
 4612 0.2700
 4613 0.2700
 4614 0.2700
 4615 0.2700
 4616 0.2700
 4617 0.2700
 4618 0.2700
 4619 0.2700
 4620 0.2700
 4621 0.2700
 4622 0.2700
 4623 0.2700
 4624 0.2700
 4625 0.2700
 4626 0.2700
 4627 0.2700
 4628 0.2700
 4629 0.2700
 4630 0.2700
 4631 0.2700
 4632 0.2700
 4633 0.2700
 4634 0.2700
 4635 0.2700
 4636 0.2700
 4637 0.2700
 4638 0.2700
 4639 0.2700
 4640 0.2700
 4641 0.2700
 4642 0.2700
 4643 0.2700
 4644 0.2700
 4645 0.2700
 4646 0.2700
 4647 0.2700
 4648 0.2700
 4649 0.2700
 4650 0.2700
 4651 0.2700
 4652 0.2700
 4653 0.2700
 4654 0.2700
 4655 0.2700
 4656 0.2700
 4657 0.2700
 4658 0.2700
 4659 0.2700
 4660 0.2700
 4661 0.2700
 4662 0.2700
 4663 0.2700
 4664 0.2700
 4665 0.2700
 4666 0.2700
 4667 0.2700
 4668 0.2700
 4669 0.2700
 4670 0.2700
 4671 0.2700
 4672 0.2700
 4673 0.2700
 4674 0.2700
 4675 0.2700
 4676 0.2700
 4677 0.2700
 4678 0.2700
 4679 0.2700
 4680 0.2700
 4681 0.2700
 4682 0.2700
 4683 0.2700
 4684 0.2700
 4685 0.2700
 4686 0.2700
 4687 0.2700
 4688 0.2700
 4689 0.2700
 4690 0.2700
 4691 0.2700
 4692 0.2700
 4693 0.2700
 4694 0.2700
 4695 0.2700
 4696 0.2700
 4697 0.2700
 4698 0.2700
 4699 0.2700
 4700 0.2700
 4701 0.2700
 4702 0.2700
 4703 0.2700
 4704 0.2700
 4705 0.2700
 4706 0.2700
 4707 0.2700
 4708 0.2700
 4709 0.2700
 4710 0.2700
 4711 0.2700
 4712 0.2700
 4713 0.2700
 4714 0.2700
 4715 0.2700
 4716 0.2700
 4717 0.2700
 4718 0.2700
 4719 0.2700
 4720 0.2700
 4721 0.2700
 4722 0.2700
 4723 0.2700
 4724 0.2700
 4725 0.2700
 4726 0.2700
 4727 0.2700
 4728 0.2700
 4729 0.2700
 4730 0.2700
 4731 0.2700
 4732 0.2700
 4733 0.2700
 4734 0.2700
 4735 0.2700
 4736 0.2700
 4737 0.2700
 4738 0.2700
 4739 0.2700
 4740 0.2700
 4741 0.2700
 4742 0.2700
 4743 0.2700
 4744 0.2700
 4745 0.2700
 4746 0.2700
 4747 0.2700
 4748 0.2700
 4749 0.2700
 4750 0.2700
 4751 0.2700
 4752 0.2700
 4753 0.2700
 4754 0.2700
 4755 0.2700
 4756 0.2700
 4757 0.2700
 4758 0.2700
 4759 0.2700
 4760 0.2700
 4761 0.2700
 4762 0.2700
 4763 0.2700
 4764 0.2700
 4765 0.2700
 4766 0.2700
 4767 0.2700
 4768 0.2700
 4769 0.2700
 4770 0.2700
 4771 0.2700
 4772 0.2700
 4773 0.2700
 4774 0.2700
 4775 0.2700
 4776 0.2700
 4777 0.2700
 4778 0.2700
 4779 0.2700
 4780 0.2700
 4781 0.2700
 4782 0.2700
 4783 0.2700
 4784 0.2700
 4785 0.2700
 4786 0.2700
 4787 0.2700
 4788 0.2700
 4789 0.2700
 4790 0.2700
 4791 0.2700
 4792 0.2700
 4793 0.2700
 4794 0.2700
 4795 0.2700
 4796 0.2700
 4797 0.2700
 4798 0.2700
 4799 0.2700
 4800 0.2700
 4801 0.2700
 4802 0.2700
 4803 0.2700
 4804 0.2700
 4805 0.2700
 4806 0.2700
 4807 0.2700
 4808 0.2700
 4809 0.2700
 4810 0.2700
 4811 0.2700
 4812 0.2700
 4813 0.2700
 4814 0.2700
 4815 0.2700
 4816 0.2700
 4817 0.2700
 4818 0.2700
 4819 0.2700
 4820 0.2700
 4821 0.2700
 4822 0.2700
 4823 0.2700
 4824 0.2700
 4825 0.2700
 4826 0.2700
 4827 0.2700
 4828 0.2700
 4829 0.2700
 4830 0.2700
 4831 0.2700
 4832 0.2700
 4833 0.2700
 4834 0.2700
 4835 0.2700
 4836 0.2700
 4837 0.2700
 4838 0.2700
 4839 0.2700
 4840 0.2700
 4841 0.2700
 4842 0.2700
 4843 0.2700
 4844 0.2700
 4845 0.2700
 4846 0.2700
 4847 0.2700
 4848 0.2700
 4849 0.2700
 4850 0.2700
 4851 0.2700
 4852 0.2700
 4853 0.2700
 4854 0.2700
 4855 0.2700
 4856 0.2700
 4857 0.2700
 4858 0.2700
 4859 0.2700
 4860 0.2700
 4861 0.2700
 4862 0.2700
 4863 0.2700
 4864 0.2700
 4865 0.2700
 4866 0.2700
 4867 0.2700
 4868 0.2700
 4869 0.2700
 4870 0.2700
 4871 0.2700
 4872 0.2700
 4873 0.2700
 4874 0.2700
 4875 0.2700
 4876 0.2700
 4877 0.2700
 4878 0.2700
 4879 0.2700
 4880 0.2700
 4881 0.2700
 4882 0.2700
 4883 0.2700
 4884 0.2700
 4885 0.2700
 4886 0.2700
 4887 0.2700
 4888 0.2700
 4889 0.2700
 4890 0.2700
 4891 0.2700
 4892 0.2700
 4893 0.2700
 4894 0.2700
 4895 0.2700
 4896 0.2700
 4897 0.2700
 4898 0.2700
 4899 0.2700
 4900 0.2700
 4901 0.2700
 4902 0.2700
 4903 0.2700
 4904 0.2700
 4905 0.2700
 4906 0.2700
 4907 0.2700
 4908 0.2700
 4909 0.2700
 4910 0.2700
 4911 0.2700
 4912 0.2700
 4913 0.2700
 4914 0.2700
 4915 0.2700
 4916 0.2700
 4917 0.2700
 4918 0.2700
 4919 0.2700
 4920 0.2700
 4921 0.2700
 4922 0.2700
 4923 0.2700
 4924 0.2700
 4925 0.2700
 4926 0.2700
 4927 0.2700
 4928 0.2700
 4929 0.2700
 4930 0.2700
 4931 0.2700
 4932 0.2700
 4933 0.2700
 4934 0.2700
 4935 0.2700
 4936 0.2700
 4937 0.2700
 4938 0.2700
 4939 0.2700
 4940 0.2700
 4941 0.2700
 4942 0.2700
 4943 0.2700
 4944 0.2700
 4945 0.2700
 4946 0.2700
 4947 0.2700
 4948 0.2700
 4949 0.2700
 4950 0.2700
 4951 0.2700
 4952 0.2700
 4953 0.2700
 4954 0.2700
 4955 0.2700
 4956 0.2700
 4957 0.2700
 4958 0.2700
 4959 0.2700
 4960 0.2700
 4961 0.2700
 4962 0.2700
 4963 0.2700
 4964 0.2700
 4965 0.2700
 4966 0.2700
 4967 0.2700
 4968 0.2700
 4969 0.2700
 4970 0.2700
 4971 0.2700
 4972 0.2700
 4973 0.2700
 4974 0.2700
 4975 0.2700
 4976 0.2700
 4977 0.2700
 4978 0.2700
 4979 0.2700
 4980 0.2700
 4981 0.2700
 4982 0.2700
 4983 0.2700
 4984 0.2700
 4985 0.2700
 4986 0.2700
 4987 0.2700
 4988 0.2700
 4989 0.2700
 4990 0.2700
 4991 0.2700
 4992 0.2700
 4993 0.2700
 4994 0.2700
 4995 0.2700
 4996 0.2700
 4997 0.2700
 4998 0.2700
 4999 0.2700
 5000 0.2700
 5001 0.2700
 5002 0.2700
 5003 0.2700
 5004 0.2700
 5005 0.2700
 5006 0.2700
 5007 0.2700
 5008 0.2700
 5009 0.2700
 5010 0.2700
 5011 0.2700
 5012 0.2700
 5013 0.2700
 5014 0.2700
 5015 0.2700
 5016 0.2700
 5017 0.2700
 5018 0.2700
 5019 0.2700
 5020 0.2700
 5021 0.2700
 5022 0.2700
 5023 0.2700
 5024 0.2700
 5025 0.2700
 5026 0.2700
 5027 0.2700
 5028 0.2700
 5029 0.2700
 5030 0.2700
 5031 0.2700
 5032 0.2700
 5033 0.2700
 5034 0.2700
 5035 0.2700
 5036 0.2700
 5037 0.2700
 5038 0.2700
 5039 0.2700
 5040 0.2700
 5041 0.2700
 5042 0.2700
 5043 0.2700
 5044 0.2700
 5045 0.2700
 5046 0.2700
 5047 0.2700
 5048 0.2700
 5049 0.2700
 5050 0.2700
 5051 0.2700
 5052 0.2700
 5053 0.2700
 5054 0.2700
 5055 0.2700
 5056 0.2700
 5057 0.2700
 5058 0.2700
 5059 0.2700
 5060 0.2700
 5061 0.2700
 5062 0.2700
 5063 0.2700
 5064 0.2700
 5065 0.2700
 5066 0.2700
 5067 0.2700
 5068 0.2700
 5069 0.2700
 5070 0.2700
 5071 0.2700
 5072 0.2700
 5073 0.2700
 5074 0.2700
 5075 0.2700
 5076 0.2700
 5077 0.2700
 5078 0.2700
 5079 0.2700
 5080 0.2700
 5081 0.2700
 5082 0.2700
 5083 0.2700
 5084 0.2700
 5085 0.2700
 5086 0.2700
 5087 0.2700
 5088 0.2700
 5089 0.2700
 5090 0.2700
 5091 0.2700
 5092 0.2700
 5093 0.2700
 5094 0.2700
 5095 0.2700
 5096 0.2700
 5097 0.2700
 5098 0.2700
 5099 0.2700
 5100 0.2700
 5101 0.2700
 5102 0.2700
 5103 0.2700
 5104 0.2700
 5105 0.2700
 5106 0.2700
 5107 0.2700
 5108 0.2700
 5109 0.2700
 5110 0.2700
 5111 0.2700
 5112 0.2700
 5113 0.2700
 5114 0.2700
 5115 0.2700
 5116 0.2700
 5117 0.2700
 5118 0.2700
 5119 0.2700
 5120 0.2700
 5121 0.2700
 5122 0.2700
 5123 0.2700
 5124 0.2700
 5125 0.2700
 5126 0.2700
 5127 0.2700
 5128 0.2700
 5129 0.2700
 5130 0.2700
 5131 0.2700
 5132 0.2700
 5133 0.2700
 5134 0.2700
 5135 0.2700
 5136 0.2700
 5137 0.2700
 5138 0.2700
 5139 0.2700
 5140 0.2700
 5141 0.2700
 5142 0.2700
 5143 0.2700
 5144 0.2700
 5145 0.2700
 5146 0.2700
 5147 0.2700
 5148 0.2700
 5149 0.2700
 5150 0.2700
 5151 0.2700
 5152 0.2700
 5153 0.2700
 5154 0.2700
 5155 0.2700
 5156 0.2700
 5157 0.2700
 5158 0.2700
 5159 0.2700
 5160 0.2700
 5161 0.2700
 5162 0.2700
 5163 0.2700
 5164 0.2700
 5165 0.2700
 5166 0.2700
 5167 0.2700
 5168 0.2700
 5169 0.2700
 5170 0.2700
 5171 0.2700
 5172 0.2700
 5173 0.2700
 5174 0.2700
 5175 0.2700
 5176 0.2700
 5177 0.2700
 5178 0.2700
 5179 0.2700
 5180 0.2700
 5181 0.2700
 5182 0.2700
 5183 0.2700
 5184 0.2700
 5185 0.2700
 5186 0.2700
 5187 0.2700
 5188 0.2700
 5189 0.2700
 5190 0.2700
 5191 0.2700
 5192 0.2700
 5193 0.2700
 5194 0.2700
 5195 0.2700
 5196 0.2700
 5197 0.2700
 5198 0.2700
 5199 0.2700
 5200 0.2700
 5201 0.2700
 5202 0.2700
 5203 0.2700
 5204 0.2700
 5205 0.2700
 5206 0.2700
 5207 0.2700
 5208 0.2700
 5209 0.2700
 5210 0.2700
 5211 0.2700
 5212 0.2700
 5213 0.2700
 5214 0.2700
 5215 0.2700
 5216 0.2700
 5217 0.2700
 5218 0.2700
 5219 0.2700
 5220 0.2700
 5221 0.2700
 5222 0.2700
 5223 0.2700
 5224 0.2700
 5225 0.2700
 5226 0.2700
 5227 0.2700
 5228 0.2700
 5229 0.2700
 5230 0.2700
 5231 0.2700
 5232 0.2700
 5233 0.2700
 5234 0.2700
 5235 0.2700
 5236 0.2700
 5237 0.2700
 5238 0.2700
 5239 0.2700
 5240 0.2700
 5241 0.2700
 5242 0.2700
 5243 0.2700
 5244 0.2700
 5245 0.2700
 5246 0.2700
 5247 0.2700
 5248 0.2700
 5249 0.2700
 5250 0.2700
 5251 0.2700
 5252 0.2700
 5253 0.2700
 5254 0.2700
 5255 0.2700
 5256 0.2700
 5257 0.2700
 5258 0.2700
 5259 0.2700
 5260 0.2700
 5261 0.2700
 5262 0.2700
 5263 0.2700
 5264 0.2700
 5265 0.2700
 5266 0.2700
 5267 0.2700
 5268 0.2700
 5269 0.2700
 5270 0.2700
 5271 0.2700
 5272 0.2700
 5273 0.2700
 5274 0.2700
 5275 0.2700
 5276 0.2700
 5277 0.2700
 5278 0.2700
 5279 0.2700
 5280 0.2700
 5281 0.2700
 5282 0.2700
 5283 0.2700
 5284 0.2700
 5285 0.2700
 5286 0.2700
 5287 0.2700
 5288 0.2700
 5289 0.2700
 5290 0.2700
 5291 0.2700
 5292 0.2700
 5293 0.2700
 5294 0.2700
 5295 0.2700
 5296 0.2700
 5297 0.2700
 5298 0.2700
 5299 0.2700
 5300 0.2700
 5301 0.2700
 5302 0.2700
 5303 0.2700
 5304 0.2700
 5305 0.2700
 5306 0.2700
 5307 0.2700
 5308 0.2700
 5309 0.2700
 5310 0.2700
 5311 0.2700
 5312 0.2700
 5313 0.2700
 5314 0.2700
 5315 0.2700
 5316 0.2700
 5317 0.2700
 5318 0.2700
 5319 0.2700
 5320 0.2700
 5321 0.2700
 5322 0.2700
 5323 0.2700
 5324 0.2700
 5325 0.2700
 5326 0.2700
 5327 0.2700
 5328 0.2700
 5329 0.2700
 5330 0.2700
 5331 0.2700
 5332 0.2700
 5333 0.2700
 5334 0.2700
 5335 0.2700
 5336 0.2700
 5337 0.2700
 5338 0.2700
 5339 0.2700
 5340 0.2700
 5341 0.2700
 5342 0.2700
 5343 0.2700
 5344 0.2700
 5345 0.2700
 5346 0.2700
 5347 0.2700
 5348 0.2700
 5349 0.2700
 5350 0.2700
 5351 0.2700
 5352 0.2700
 5353 0.2700
 5354 0.2700
 5355 0.2700
 5356 0.2700
 5357 0.2700
 5358 0.2700
 5359 0.2700
 5360 0.2700
 5361 0.2700
 5362 0.2700
 5363 0.2700
 5364 0.2700
 5365 0.2700
 5366 0.2700
 5367 0.2700
 5368 0.2700
 5369 0.2700
 5370 0.2700
 5371 0.2700
 5372 0.2700
 5373 0.2700
 5374 0.2700
 5375 0.2700
 5376 0.2700
 5377 0.2700
 5378 0.2700
 5379 0.2700
 5380 0.2700
 5381 0.2700
 5382 0.2700
 5383 0.2700
 5384 0.2700
 5385 0.2700
 5386 0.2700
 5387 0.2700
 5388 0.2700
 5389 0.2700
 5390 0.2700
 5391 0.2700
 5392 0.2700
 5393 0.2700
 5394 0.2700
 5395 0.2700
 5396 0.2700
 5397 0.2700
 5398 0.2700
 5399 0.2700
 5400 0.2700
 5401 0.2700
 5402 0.2700
 5403 0.2700
 5404 0.2700
 5405 0.2700
 5406 0.2700
 5407 0.2700
 5408 0.2700
 5409 0.2700
 5410 0.2700
 5411 0.2700
 5412 0.2700
 5413 0.2700
 5414 0.2700
 5415 0.2700
 5416 0.2700
 5417 0.2700
 5418 0.2700
 5419 0.2700
 5420 0.2700
 5421 0.2700
 5422 0.2700
 5423 0.2700
 5424 0.2700
 5425 0.2700
 5426 0.2700
 5427 0.2700
 5428 0.2700
 5429 0.2700
 5430 0.2700
 5431 0.2700
 5432 0.2700
 5433 0.2700
 5434 0.2700
 5435 0.2700
 5436 0.2700
 5437 0.2700
 5438 0.2700
 5439 0.2700
 5440 0.2700
 5441 0.2700
 5442 0.2700
 5443 0.2700
 5444 0.2700
 5445 0.2700
 5446 0.2700
 5447 0.2700
 5448 0.2700
 5449 0.2700
 5450 0.2700
 5451 0.2700
 5452 0.2700
 5453 0.2700
 5454 0.2700
 5455 0.2700
 5456 0.2700
 5457 0.2700
 5458 0.2700
 5459 0.2700
 5460 0.2700
 5461 0.2700
 5462 0.2700
 5463 0.2700
 5464 0.2700
 5465 0.2700
 5466 0.2700
 5467 0.2700
 5468 0.2700
 5469 0.2700
 5470 0.2700
 5471 0.2700
 5472 0.2700
 5473 0.2700
 5474 0.2700
 5475 0.2700
 5476 0.2700
 5477 0.2700
 5478 0.2700
 5479 0.2700
 5480 0.2700
 5481 0.2700
 5482 0.2700
 5483 0.2700
 5484 0.2700
 5485 0.2700
 5486 0.2700
 5487 0.2700
 5488 0.2700
 5489 0.2700
 5490 0.2700
 5491 0.2700
 5492 0.2700
 5493 0.2700
 5494 0.2700
 5495 0.2700
 5496 0.2700
 5497 0.2700
 5498 0.2700
 5499 0.2700
 5500 0.2700
 5501 0.2700
 5502 0.2700
 5503 0.2700
 5504 0.2700
 5505 0.2700
 5506 0.2700
 5507 0.2700
 5508 0.2700
 5509 0.2700
 5510 0.2700
 5511 0.2700
 5512 0.2700
 5513 0.2700
 5514 0.2700
 5515 0.2700
 5516 0.2700
 5517 0.2700
 5518 0.2700
 5519 0.2700
 5520 0.2700
 5521 0.2700
 5522 0.2700
 5523 0.2700
 5524 0.2700
 5525 0.2700
 5526 0.2700
 5527 0.2700
 5528 0.2700
 5529 0.2700
 5530 0.2700
 5531 0.2700
 5532 0.2700
 5533 0.2700
 5534 0.2700
 5535 0.2700
 5536 0.2700
 5537 0.2700
 5538 0.2700
 5539 0.2700
 5540 0.2700
 5541 0.2700
 5542 0.2700
 5543 0.2700
 5544 0.2700
 5545 0.2700
 5546 0.2700
 5547 0.2700
 5548 0.2700
 5549 0.2700
 5550 0.2700
 5551 0.2700
 5552 0.2700
 5553 0.2700
 5554 0.2700
 5555 0.2700
 5556 0.2700
 5557 0.2700
 5558 0.2700
 5559 0.2700
 5560 0.2700
 5561 0.2700
 5562 0.2700
 5563 0.2700
 5564 0.2700
 5565 0.2700
 5566 0.2700
 5567 0.2700
 5568 0.2700
 5569 0.2700
 5570 0.2700
 5571 0.2700
 5572 0.2700
 5573 0.2700
 5574 0.2700
 5575 0.2700
 5576 0.2700
 5577 0.2700
 5578 0.2700
 5579 0.2700
 5580 0.2700
 5581 0.2700
 5582 0.2700
 5583 0.2700
 5584 0.2700
 5585 0.2700
 5586 0.2700
 5587 0.2700
 5588 0.2700
 5589 0.2700
 5590 0.2700
 5591 0.2700
 5592 0.2700
 5593 0.2700
 5594 0.2700
 5595 0.2700
 5596 0.2700
 5597 0.2700
 5598 0.2700
 5599 0.2700
 5600 0.2700
 5601 0.2700
 5602 0.2700
 5603 0.2700
 5604 0.2700
 5605 0.2700
 5606 0.2700
 5607 0.2700
 5608 0.2700
 5609 0.2700
 5610 0.2700
 5611 0.2700
 5612 0.2700
 5613 0.2700
 5614 0.2700
 5615 0.2700
 5616 0.2700
 5617 0.2700
 5618 0.2700
 5619 0.2700
 5620 0.2700
 5621 0.2700
 5622 0.2700
 5623 0.2700
 5624 0.2700
 5625 0.2700
 5626 0.2700
 5627 0.2700
 5628 0.2700
 5629 0.2700
 5630 0.2700
 5631 0.2700
 5632 0.2700
 5633 0.2700
 5634 0.2700
 5635 0.2700
 5636 0.2700
 5637 0.2700
 5638 0.2700
 5639 0.2700
 5640 0.2700
 5641 0.2700
 5642 0.2700
 5643 0.2700
 5644 0.2700
 5645 0.2700
 5646 0.2700
 5647 0.2700
 5648 0.2700
 5649 0.2700
 5650 0.2700
 5651 0.2700
 5652 0.2700
 5653 0.2700
 5654 0.2700
 5655 0.2700
 5656 0.2700
 5657 0.2700
 5658 0.2700
 5659 0.2700
 5660 0.2700
 5661 0.2700
 5662 0.2700
 5663 0.2700
 5664 0.2700
 5665 0.2700
 5666 0.2700
 5667 0.2700
 5668 0.2700
 5669 0.2700
 5670 0.2700
 5671 0.2700
 5672 0.2700
 5673 0.2700
 5674 0.2700
 5675 0.2700
 5676 0.2700
 5677 0.2700
 5678 0.2700
 5679 0.2700
 5680 0.2700
 5681 0.2700
 5682 0.2700
 5683 0.2700
 5684 0.2700
 5685 0.2700
 5686 0.2700
 5687 0.2700
 5688 0.2700
 5689 0.2700
 5690 0.2700
 5691 0.2700
 5692 0.2700
 5693 0.2700
 5694 0.2700
 5695 0.2700
 5696 0.2700
 5697 0.2700
 5698 0.2700
 5699 0.2700
 5700 0.2700
 5701 0.2700
 5702 0.2700
 5703 0.2700
 5704 0.2700
 5705 0.2700
 5706 0.2700
 5707 0.2700
 5708 0.2700
 5709 0.2700
 5710 0.2700
 5711 0.2700
 5712 0.2700
 5713 0.2700
 5714 0.2700
 5715 0.2700
 5716 0.2700
 5717 0.2700
 5718 0.2700
 5719 0.2700
 5720 0.2700
 5721 0.2700
 5722 0.2700
 5723 0.2700
 5724 0.2700
 5725 0.2700
 5726 0.2700
 5727 0.2700
 5728 0.2700
 5729 0.2700
 5730 0.2700
 5731 0.2700
 5732 0.2700
 5733 0.2700
 5734 0.2700
 5735 0.2700
 5736 0.2700
 5737 0.2700
 5738 0.2700
 5739 0.2700
 5740 0.2700
 5741 0.2700
 5742 0.2700
 5743 0.2700
 5744 0.2700
 5745 0.2700
 5746 0.2700
 5747 0.2700
 5748 0.2700
 5749 0.2700
 5750 0.2700
 5751 0.2700
 5752 0.2700
 5753 0.2700
 5754 0.2700
 5755 0.2700
 5756 0.2700
 5757 0.2700
 5758 0.2700
 5759 0.2700
 5760 0.2700
 5761 0.2700
 5762 0.2700
 5763 0.2700
 5764 0.2700
 5765 0.2700
 5766 0.2700
 5767 0.2700
 5768 0.2700
 5769 0.2700
 5770 0.2700
 5771 0.2700
 5772 0.2700
 5773 0.2700
 5774 0.2700
 5775 0.2700
 5776 0.2700
 5777 0.2700
 5778 0.2700
 5779 0.2700
 5780 0.2700
 5781 0.2700
 5782 0.2700
 5783 0.2700
 5784 0.2700
 5785 0.2700
 5786 0.2700
 5787 0.2700
 5788 0.2700
 5789 0.2700
 5790 0.2700
 5791 0.2700
 5792 0.2700
 5793 0.2700
 5794 0.2700
 5795 0.2700
 5796 0.2700
 5797 0.2700
 5798 0.2700
 5799 0.2700
 5800 0.2700
 5801 0.2700
 5802 0.2700
 5803 0.2700
 5804 0.2700
 5805 0.2700
 5806 0.2700
 5807 0.2700
 5808 0.2700
 5809 0.2700
 5810 0.2700
 5811 0.2700
 5812 0.2700
 5813 0.2700
 5814 0.2700
 5815 0.2700
 5816 0.2700
 5817 0.2700
 5818 0.2700
 5819 0.2700
 5820 0.2700
 5821 0.2700
 5822 0.2700
 5823 0.2700
 5824 0.2700
 5825 0.2700
 5826 0.2700
 5827 0.2700
 5828 0.2700
 5829 0.2700
 5830 0.2700
 5831 0.2700
 5832 0.2700
 5833 0.2700
 5834 0.2700
 5835 0.2700
 5836 0.2700
 5837 0.2700
 5838 0.2700
 5839 0.2700
 5840 0.2700
 5841 0.2700
 5842 0.2700
 5843 0.2700
 5844 0.2700
 5845 0.2700
 5846 0.2700
 5847 0.2700
 5848 0.2700
 5849 0.2700
 5850 0.2700
 5851 0.2700
 5852 0.2700
 5853 0.2700
 5854 0.2700
 5855 0.2700
 5856 0.2700
 5857 0.2700
 5858 0.2700
 5859 0.2700
 5860 0.2700
 5861 0.2700
 5862 0.2700
 5863 0.2700
 5864 0.2700
 5865 0.2700
 5866 0.2700
 5867 0.2700
 5868 0.2700
 5869 0.2700
 5870 0.2700
 5871 0.2700
 5872 0.2700
 5873 0.2700
 5874 0.2700
 5875 0.2700
 5876 0.2700
 5877 0.2700
 5878 0.2700
 5879 0.2700
 5880 0.2700
 5881 0.2700
 5882 0.2700
 5883 0.2700
 5884 0.2700
 5885 0.2700
 5886 0.2700
 5887 0.2700
 5888 0.2700
 5889 0.2700
 5890 0.2700
 5891 0.2700
 5892 0.2700
 5893 0.2700
 5894 0.2700
 5895 0.2700
 5896 0.2700
 5897 0.2700
 5898 0.2700
 5899 0.2700
 5900 0.2700
 5901 0.2700
 5902 0.2700
 5903 0.2700
 5904 0.2700
 5905 0.2700
 5906 0.2700
 5907 0.2700
 5908 0.2700
 5909 0.2700
 5910 0.2700
 5911 0.2700
 5912 0.2700
 5913 0.2700
 5914 0.2700
 5915 0.2700
 5916 0.2700
 5917 0.2700
 5918 0.2700
 5919 0.2700
 5920 0.2700
 5921 0.2700
 5922 0.2700
 5923 0.2700
 5924 0.2700
 5925 0.2700
 5926 0.2700
 5927 0.2700
 5928 0.2700
 5929 0.2700
 5930 0.2700
 5931 0.2700
 5932 0.2700
 5933 0.2700
 5934 0.2700
 5935 0.2700
 5936 0.2700
 5937 0.2700
 5938 0.2700
 5939 0.2700
 5940 0.2700
 5941 0.2700
 5942 0.2700
 5943 0.2700
 5944 0.2700
 5945 0.2700
 5946 0.2700
 5947 0.2700
 5948 0.2700
 5949 0.2700
 5950 0.2700
 5951 0.2700
 5952 0.2700
 5953 0.2700
 5954 0.2700
 5955 0.2700
 5956 0.2700
 5957 0.2700
 5958 0.2700
 5959 0.2700
 5960 0.2700
 5961 0.2700
 5962 0.2700
 5963 0.2700
 5964 0.2700
 5965 0.2700
 5966 0.2700
 5967 0.2700
 5968 0.2700
 5969 0.2700
 5970 0.2700
 5971 0.2700
 5972 0.2700
 5973 0.2700
 5974 0.2700
 5975 0.2700
 5976 0.2700
 5977 0.2700
 5978 0.2700
 5979 0.2700
 5980 0.2700
 5981 0.2700
 5982 0.2700
 5983 0.2700
 5984 0.2700
 5985 0.2700
 5986 0.2700
 5987 0.2700
 5988 0.2700
 5989 0.2700
 5990 0.2700
 5991 0.2700
 5992 0.2700
 5993 0.2700
 5994 0.2700
 5995 0.2700
 5996 0.2700
 5997 0.2700
 5998 0.2700
 5999 0.2700
 6000 0.2700
 6001 0.2700
 6002 0.2700
 6003 0.2700
 6004 0.2700
 6005 0.2700
 6006 0.2700
 6007 0.2700
 6008 0.2700
 6009 0.2700
 6010 0.2700
 6011 0.2700
 6012 0.2700
 6013 0.2700
 6014 0.2700
 6015 0.2700
 6016 0.2700
 6017 0.2700
 6018 0.2700
 6019 0.2700
 6020 0.2700
 6021 0.2700
 6022 0.2700
 6023 0.2700
 6024 0.2700
 6025 0.2700
 6026 0.2700
 6027 0.2700
 6028 0.2700
 6029 0.2700
 6030 0.2700
 6031 0.2700
 6032 0.2700
 6033 0.2700
 6034 0.2700
 6035 0.2700
 6036 0.2700
 6037 0.2700
 6038 0.2700
 6039 0.2700
 6040 0.2700
 6041 0.2700
 6042 0.2700
 6043 0.2700
 6044 0.2700
 6045 0.2700
 6046 0.2700
 6047 0.2700
 6048 0.2700
 6049 0.2700
 6050 0.2700
 6051 0.2700
 6052 0.2700
 6053 0.2700
 6054 0.2700
 6055 0.2700
 6056 0.2700
 6057 0.2700
 6058 0.2700
 6059 0.2700
 6060 0.2700
 6061 0.2700
 6062 0.2700
 6063 0.2700
 6064 0.2700
 6065 0.2700
 6066 0.2700
 6067 0.2700
 6068 0.2700
 6069 0.2700
 6070 0.2700
 6071 0.2700
 6072 0.2700
 6073 0.2700
 6074 0.2700
 6075 0.2700
 6076 0.2700
 6077 0.2700
 6078 0.2700
 6079 0.2700
 6080 0.2700
 6081 0.2700
 6082 0.2700
 6083 0.2700
 6084 0.2700
 6085 0.2700
 6086 0.2700
 6087 0.2700
 6088 0.2700
 6089 0.2700
 6090 0.2700
 6091 0.2700
 6092 0.2700
 6093 0.2700
 6094 0.2700
 6095 0.2700
 6096 0.2700
 6097 0.2700
 6098 0.2700
 6099 0.2700
 6100 0.2700
 6101 0.2700
 6102 0.2700
 6103 0.2700
 6104 0.2700
 6105 0.2700
 6106 0.2700
 6107 0.2700
 6108 0.2700
 6109 0.2700
 6110 0.2700
 6111 0.2700
 6112 0.2700
 6113 0.2700
 6114 0.2700
 6115 0.2700
 6116 0.2700
 6117 0.2700
 6118 0.2700
 6119 0.2700
 6120 0.2700
 6121 0.2700
 6122 0.2700
 6123 0.2700
 6124 0.2700
 6125 0.2700
 6126 0.2700
 6127 0.2700
 6128 0.2700
 6129 0.2700
 6130 0.2700
 6131 0.2700
 6132 0.2700
 6133 0.2700
 6134 0.2700
 6135 0.2700
 6136 0.2700
 6137 0.2700
 6138 0.2700
 6139 0.2700
 6140 0.2700
 6141 0.2700
 6142 0.2700
 6143 0.2700
 6144 0.2700
 6145 0.2700
 6146 0.2700
 6147 0.2700
 6148 0.2700
 6149 0.2700
 6150 0.2700
 6151 0.2700
 6152 0.2700
 6153 0.2700
 6154 0.2700
 6155 0.2700
 6156 0.2700
 6157 0.2700
 6158 0.2700
 6159 0.2700
 6160 0.2700
 6161 0.2700
 6162 0.2700
 6163 0.2700
 6164 0.2700
 6165 0.2700
 6166 0.2700
 6167 0.2700
 6168 0.2700
 6169 0.2700
 6170 0.2700
 6171 0.2700
 6172 0.2700
 6173 0.2700
 6174 0.2700
 6175 0.2700
 6176 0.2700
 6177 0.2700
 6178 0.2700
 6179 0.2700
 6180 0.2700
 6181 0.2700
 6182 0.2700
 6183 0.2700
 6184 0.2700
 6185 0.2700
 6186 0.2700
 6187 0.2700
 6188 0.2700
 6189 0.2700
 6190 0.2700
 6191 0.2700
 6192 0.2700
 6193 0.2700
 6194 0.2700
 6195 0.2700
 6196 0.2700
 6197 0.2700
 6198 0.2700
 6199 0.2700
 6200 0.2700
 6201 0.2700
 6202 0.2700
 6203 0.2700
 6204 0.2700
 6205 0.2700
 6206 0.2700
 6207 0.2700
 6208 0.2700
 6209 0.2700
 6210 0.2700
 6211 0.2700
 6212 0.2700
 6213 0.2700
 6214 0.2700
 6215 0.2700
 6216 0.2700
 6217 0.2700
 6218 0.2700
 6219 0.2700
 6220 0.2700
 6221 0.2700
 6222 0.2700
 6223 0.2700
 6224 0.2700
 6225 0.2700
 6226 0.2700
 6227 0.2700
 6228 0.2700
 6229 0.2700
 6230 0.2700
 6231 0.2700
 6232 0.2700
 6233 0.2700
 6234 0.2700
 6235 0.2700
 6236 0.2700
 6237 0.2700
 6238 0.2700
 6239 0.2700
 6240 0.2700
 6241 0.2700
 6242 0.2700
 6243 0.2700
 6244 0.2700
 6245 0.2700
 6246 0.2700
 6247 0.2700
 6248 0.2700
 6249 0.2700
 6250 0.2700
 6251 0.2700
 6252 0.2700
 6253 0.2700
 6254 0.2700
 6255 0.2700
 6256 0.2700
 6257 0.2700
 6258 0.2700
 6259 0.2700
 6260 0.2700
 6261 0.2700
 6262 0.2700
 6263 0.2700
 6264 0.2700
 6265 0.2700
 6266 0.2700
 6267 0.2700
 6268 0.2700
 6269 0.2700
 6270 0.2700
 6271 0.2700
 6272 0.2700
 6273 0.2700
 6274 0.2700
 6275 0.2700
 6276 0.2700
 6277 0.2700
 6278 0.2700
 6279 0.2700
 6280 0.2700
 6281 0.2700
 6282 0.2700
 6283 0.2700
 6284 0.2700
 6285 0.2700
 6286 0.2700
 6287 0.2700
 6288 0.2700
 6289 0.2700
 6290 0.2700
 6291 0.2700
 6292 0.2700
 6293 0.2700
 6294 0.2700
 6295 0.2700
 6296 0.2700
 6297 0.2700
 6298 0.2700
 6299 0.2700
 6300 0.2700
 6301 0.2700
 6302 0.2700
 6303 0.2700
 6304 0.2700
 6305 0.2700
 6306 0.2700
 6307 0.2700
 6308 0.2700
 6309 0.2700
 6310 0.2700
 6311 0.2700
 6312 0.2700
 6313 0.2700
 6314 0.2700
 6315 0.2700
 6316 0.2700
 6317 0.2700
 6318 0.2700
 6319 0.2700
 6320 0.2700
 6321 0.2700
 6322 0.2700
 6323 0.2700
 6324 0.2700
 6325 0.2700
 6326 0.2700
 6327 0.2700
 6328 0.2700
 6329 0.2700
 6330 0.2700
 6331 0.2700
 6332 0.2700
 6333 0.2700
 6334 0.2700
 6335 0.2700
 6336 0.2700
 6337 0.2700
 6338 0.2700
 6339 0.2700
 6340 0.2700
 6341 0.2700
 6342 0.2700
 6343 0.2700
 6344 0.2700
 6345 0.2700
 6346 0.2700
 6347 0.2700
 6348 0.2700
 6349 0.2700
 6350 0.2700
 6351 0.2700
 6352 0.2700
 6353 0.2700
 6354 0.2700
 6355 0.2700
 6356 0.2700
 6357 0.2700
 6358 0.2700
 6359 0.2700
 6360 0.2700
 6361 0.2700
 6362 0.2700
 6363 0.2700
 6364 0.2700
 6365 0.2700
 6366 0.2700
 6367 0.2700
 6368 0.2700
 6369 0.2700
 6370 0.2700
 6371 0.2700
 6372 0.2700
 6373 0.2700
 6374 0.2700
 6375 0.2700
 6376 0.2700
 6377 0.2700
 6378 0.2700
 6379 0.2700
 6380 0.2700
 6381 0.2700
 6382 0.2700
 6383 0.2700
 6384 0.2700
 6385 0.2700
 6386 0.2700
 6387 0.2700
 6388 0.2700
 6389 0.2700
 6390 0.2700
 6391 0.2700
 6392 0.2700
 6393 0.2700
 6394 0.2700
 6395 0.2700
 6396 0.2700
 6397 0.2700
 6398 0.2700
 6399 0.2700
 6400 0.2700
 6401 0.2700
 6402 0.2700
 6403 0.2700
 6404 0.2700
 6405 0.2700
 6406 0.2700
 6407 0.2700
 6408 0.2700
 6409 0.2700
 6410 0.2700
 6411 0.2700
 6412 0.2700
 6413 0.2700
 6414 0.2700
 6415 0.2700
 6416 0.2700
 6417 0.2700
 6418 0.2700
 6419 0.2700
 6420 0.2700
 6421 0.2700
 6422 0.2700
 6423 0.2700
 6424 0.2700
 6425 0.2700
 6426 0.2700
 6427 0.2700
 6428 0.2700
 6429 0.2700
 6430 0.2700
 6431 0.2700
 6432 0.2700
 6433 0.2700
 6434 0.2700
 6435 0.2700
 6436 0.2700
 6437 0.2700
 6438 0.2700
 6439 0.2700
 6440 0.2700
 6441 0.2700
 6442 0.2700
 6443 0.2700
 6444 0.2700
 6445 0.2700
 6446 0.2700
 6447 0.2700
 6448 0.2700
 6449 0.2700
 6450 0.2700
 6451 0.2700
 6452 0.2700
 6453 0.2700
 6454 0.2700
 6455 0.2700
 6456 0.2700
 6457 0.2700
 6458 0.2700
 6459 0.2700
 6460 0.2700
 6461 0.2700
 6462 0.2700
 6463 0.2700
 6464 0.2700
 6465 0.2700
 6466 0.2700
 6467 0.2700
 6468 0.2700
 6469 0.2700
 6470 0.2700
 6471 0.2700
 6472 0.2700
 6473 0.2700
 6474 0.2700
 6475 0.2700
 6476 0.2700
 6477 0.2700
 6478 0.2700
 6479 0.2700
 6480 0.2700
 6481 0.2700
 6482 0.2700
 6483 0.2700
 6484 0.2700
 6485 0.2700
 6486 0.2700
 6487 0.2700
 6488 0.2700
 6489 0.2700
 6490 0.2700
 6491 0.2700
 6492 0.2700
 6493 0.2700
 6494 0.2700
 6495 0.2700
 6496 0.2700
 6497 0.2700
 6498 0.2700
 6499 0.2700
 6500 0.2700
 6501 0.2700
 6502 0.2700
 6503 0.2700
 6504 0.2700
 6505 0.2700
 6506 0.2700
 6507 0.2700
 6508 0.2700
 6509 0.2700
 6510 0.2700
 6511 0.2700
 6512 0.2700
 6513 0.2700
 6514 0.2700
 6515 0.2700
 6516 0.2700
 6517 0.2700
 6518 0.2700
 6519 0.2700
 6520 0.2700
 6521 0.2700
 6522 0.2700
 6523 0.2700
 6524 0.2700
 6525 0.2700
 6526 0.2700
 6527 0.2700
 6528 0.2700
 6529 0.2700
 6530 0.2700
 6531 0.2700
 6532 0.2700
 6533 0.2700
 6534 0.2700
 6535 0.2700
 6536 0.2700
 6537 0.2700
 6538 0.2700
 6539 0.2700
 6540 0.2700
 6541 0.2700
 6542 0.2700
 6543 0.2700
 6544 0.2700
 6545 0.2700
 6546 0.2700
 6547 0.2700
 6548 0.2700
 6549 0.2700
 6550 0.2700
 6551 0.2700
 6552 0.2700
 6553 0.2700
 6554 0.2700
 6555 0.2700
 6556 0.2700
 6557 0.2700
 6558 0.2700
 6559 0.2700
 6560 0.2700
 6561 0.2700
 6562 0.2700
 6563 0.2700
 6564 0.2700
 6565 0.2700
 6566 0.2700
 6567 0.2700
 6568 0.2700
 6569 0.2700
 6570 0.2700
 6571 0.2700
 6572 0.2700
 6573 0.2700
 6574 0.2700
 6575 0.2700
 6576 0.2700
 6577 0.2700
 6578 0.2700
 6579 0.2700
 6580 0.2700
 6581 0.2700
 6582 0.2700
 6583 0.2700
 6584 0.2700
 6585 0.2700
 6586 0.2700
 6587 0.2700
 6588 0.2700
 6589 0.2700
 6590 0.2700
 6591 0.2700
 6592 0.2700
 6593 0.2700
 6594 0.2700
 6595 0.2700
 6596 0.2700
 6597 0.2700
 6598 0.2700
 6599 0.2700
 6600 0.2700
 6601 0.2700
 6602 0.2700
 6603 0.2700
 6604 0.2700
 6605 0.2700
 6606 0.2700
 6607 0.2700
 6608 0.2700
 6609 0.2700
 6610 0.2700
 6611 0.2700
 6612 0.2700
 6613 0.2700
 6614 0.2700
 6615 0.2700
 6616 0.2700
 6617 0.2700
 6618 0.2700
 6619 0.2700
 6620 0.2700
 6621 0.2700
 6622 0.2700
 6623 0.2700
 6624 0.2700
 6625 0.2700
 6626 0.2700
 6627 0.2700
 6628 0.2700
 6629 0.2700
 6630 0.2700
 6631 0.2700
 6632 0.2700
 6633 0.2700
 6634 0.2700
 6635 0.2700
 6636 0.2700
 6637 0.2700
 6638 0.2700
 6639 0.2700
 6640 0.2700
 6641 0.2700
 6642 0.2700
 6643 0.2700
 6644 0.2700
 6645 0.2700
 6646 0.2700
 6647 0.2700
 6648 0.2700
 6649 0.2700
 6650 0.2700
 6651 0.2700
 6652 0.2700
 6653 0.2700
 6654 0.2700
 6655 0.2700
 6656 0.2700
 6657 0.2700
 6658 0.2700
 6659 0.2700
 6660 0.2700
 6661 0.2700
 6662 0.2700
 6663 0.2700
 6664 0.2700
 6665 0.2700
 6666 0.2700
 6667 0.2700
 6668 0.2700
 6669 0.2700
 6670 0.2700
 6671 0.2700
 6672 0.2700
 6673 0.2700
 6674 0.2700
 6675 0.2700
 6676 0.2700
 6677 0.2700
 6678 0.2700
 6679 0.2700
 6680 0.2700
 6681 0.2700
 6682 0.2700
 6683 0.2700
 6684 0.2700
 6685 0.2700
 6686 0.2700
 6687 0.2700
 6688 0.2700
 6689 0.2700
 6690 0.2700
 6691 0.2700
 6692 0.2700
 6693 0.2700
 6694 0.2700
 6695 0.2700
 6696 0.2700
 6697 0.2700
 6698 0.2700
 6699 0.2700
 6700 0.2700
 6701 0.2700
 6702 0.2700
 6703 0.2700
 6704 0.2700
 6705 0.2700
 6706 0.2700
 6707 0.2700
 6708 0.2700
 6709 0.2700
 6710 0.2700
 6711 0.2700
 6712 0.2700
 6713 0.2700
 6714 0.2700
 6715 0.2700
 6716 0.2700
 6717 0.2700
 6718 0.2700
 6719 0.2700
 6720 0.2700
 6721 0.2700
 6722 0.2700
 6723 0.2700
 6724 0.2700
 6725 0.2700
 6726 0.2700
 6727 0.2700
 6728 0.2700
 6729 0.2700
 6730 0.2700
 6731 0.2700
 6732 0.2700
 6733 0.2700
 6734 0.2700
 6735 0.2700
 6736 0.2700
 6737 0.2700
 6738 0.2700
 6739 0.2700
 6740 0.2700
 6741 0.2700
 6742 0.2700
 6743 0.2700
 6744 0.2700
 6745 0.2700
 6746 0.2700
 6747 0.2700
 6748 0.2700
 6749 0.2700
 6750 0.2700
 6751 0.2700
 6752 0.2700
 6753 0.2700
 6754 0.2700
 6755 0.2700
 6756 0.2700
 6757 0.2700
 6758 0.2700
 6759 0.2700
 6760 0.2700
 6761 0.2700
 6762 0.2700
 6763 0.2700
 6764 0.2700
 6765 0.2700
 6766 0.2700
 6767 0.2700
 6768 0.2700
 6769 0.2700
 6770 0.2700
 6771 0.2700
 6772 0.2700
 6773 0.2700
 6774 0.2700
 6775 0.2700
 6776 0.2700
 6777 0.2700
 6778 0.2700
 6779 0.2700
 6780 0.2700
 6781 0.2700
 6782 0.2700
 6783 0.2700
 6784 0.2700
 6785 0.2700
 6786 0.2700
 6787 0.2700
 6788 0.2700
 6789 0.2700
 6790 0.2700
 6791 0.2700
 6792 0.2700
 6793 0.2700
 6794 0.2700
 6795 0.2700
 6796 0.2700
 6797 0.2700
 6798 0.2700
 6799 0.2700
 6800 0.2700
 6801 0.2700
 6802 0.2700
 6803 0.2700
 6804 0.2700
 6805 0.2700
 6806 0.2700
 6807 0.2700
 6808 0.2700
 6809 0.2700
 6810 0.2700
 6811 0.2700
 6812 0.2700
 6813 0.2700
 6814 0.2700
 6815 0.2700
 6816 0.2700
 6817 0.2700
 6818 0.2700
 6819 0.2700
 6820 0.2700
 6821 0.2700
 6822 0.2700
 6823 0.2700
 6824 0.2700
 6825 0.2700
 6826 0.2700
 6827 0.2700
 6828 0.2700
 6829 0.2700
 6830 0.2700
 6831 0.2700
 6832 0.2700
 6833 0.2700
 6834 0.2700
 6835 0.2700
 6836 0.2700
 6837 0.2700
 6838 0.2700
 6839 0.2700
 6840 0.2700
 6841 0.2700
 6842 0.2700
 6843 0.2700
 6844 0.2700
 6845 0.2700
 6846 0.2700
 6847 0.2700
 6848 0.2700
 6849 0.2700
 6850 0.2700
 6851 0.2700
 6852 0.2700
 6853 0.2700
 6854 0.2700
 6855 0.2700
 6856 0.2700
 6857 0.2700
 6858 0.2700
 6859 0.2700
 6860 0.2700
 6861 0.2700
 6862 0.2700
 6863 0.2700
 6864 0.2700
 6865 0.2700
 6866 0.2700
 6867 0.2700
 6868 0.2700
 6869 0.2700
 6870 0.2700
 6871 0.2700
 6872 0.2700
 6873 0.2700
 6874 0.2700
 6875 0.2700
 6876 0.2700
 6877 0.2700
 6878 0.2700
 6879 0.2700
 6880 0.2700
 6881 0.2700
 6882 0.2700
 6883 0.2700
 6884 0.2700
 6885 0.2700
 6886 0.2700
 6887 0.2700
 6888 0.2700
 6889 0.2700
 6890 0.2700
 6891 0.2700
 6892 0.2700
 6893 0.2700
 6894 0.2700
 6895 0.2700
 6896 0.2700
 6897 0.2700
 6898 0.2700
 6899 0.2700
 6900 0.2700
 6901 0.2700
 6902 0.2700
 6903 0.2700
 6904 0.2700
 6905 0.2700
 6906 0.2700
 6907 0.2700
 6908 0.2700
 6909 0.2700
 6910 0.2700
 6911 0.2700
 6912 0.2700
 6913 0.2700
 6914 0.2700
 6915 0.2700
 6916 0.2700
 6917 0.2700
 6918 0.2700
 6919 0.2700
 6920 0.2700
 6921 0.2700
 6922 0.2700
 6923 0.2700
 6924 0.2700
 6925 0.2700
 6926 0.2700
 6927 0.2700
 6928 0.2700
 6929 0.2700
 6930 0.2700
 6931 0.2700
 6932 0.2700
 6933 0.2700
 6934 0.2700
 6935 0.2700
 6936 0.2700
 6937 0.2700
 6938 0.2700
 6939 0.2700
 6940 0.2700
 6941 0.2700
 6942 0.2700
 6943 0.2700
 6944 0.2700
 6945 0.2700
 6946 0.2700
 6947 0.2700
 6948 0.2700
 6949 0.2700
 6950 0.2700
 6951 0.2700
 6952 0.2700
 6953 0.2700
 6954 0.2700
 6955 0.2700
 6956 0.2700
 6957 0.2700
 6958 0.2700
 6959 0.2700
 6960 0.2700
 6961 0.2700
 6962 0.2700
 6963 0.2700
 6964 0.2700
 6965 0.2700
 6966 0.2700
 6967 0.2700
 6968 0.2700
 6969 0.2700
 6970 0.2700
 6971 0.2700
 6972 0.2700
 6973 0.2700
 6974 0.2700
 6975 0.2700
 6976 0.2700
 6977 0.2700
 6978 0.2700
 6979 0.2700
 6980 0.2700
 6981 0.2700
 6982 0.2700
 6983 0.2700
 6984 0.2700
 6985 0.2700
 6986 0.2700
 6987 0.2700
 6988 0.2700
 6989 0.2700
 6990 0.2700
 6991 0.2700
 6992 0.2700
 6993 0.2700
 6994 0.2700
 6995 0.2700
 6996 0.2700
 6997 0.2700
 6998 0.2700
 6999 0.2700
 7000 0.2700
 7001 0.2700
 7002 0.2700
 7003 0.2700
 7004 0.2700
 7005 0.2700
 7006 0.2700
 7007 0.2700
 7008 0.2700
 7009 0.2700
 7010 0.2700
 7011 0.2700
 7012 0.2700
 7013 0.2700
 7014 0.2700
 7015 0.2700
 7016 0.2700
 7017 0.2700
 7018 0.2700
 7019 0.2700
 7020 0.2700
 7021 0.2700
 7022 0.2700
 7023 0.2700
 7024 0.2700
 7025 0.2700
 7026 0.2700
 7027 0.2700
 7028 0.2700
 7029 0.2700
 7030 0.2700
 7031 0.2700
 7032 0.2700
 7033 0.2700
 7034 0.2700
 7035 0.2700
 7036 0.2700
 7037 0.2700
 7038 0.2700
 7039 0.2700
 7040 0.2700
 7041 0.2700
 7042 0.2700
 7043 0.2700
 7044 0.2700
 7045 0.2700
 7046 0.2700
 7047 0.2700
 7048 0.2700
 7049 0.2700
 7050 0.2700
 7051 0.2700
 7052 0.2700
 7053 0.2700
 7054 0.2700
 7055 0.2700
 7056 0.2700
 7057 0.2700
 7058 0.2700
 7059 0.2700
 7060 0.2700
 7061 0.2700
 7062 0.2700
 7063 0.2700
 7064 0.2700
 7065 0.2700
 7066 0.2700
 7067 0.2700
 7068 0.2700
 7069 0.2700
 7070 0.2700
 7071 0.2700
 7072 0.2700
 7073 0.2700
 7074 0.2700
 7075 0.2700
 7076 0.2700
 7077 0.2700
 7078 0.2700
 7079 0.2700
 7080 0.2700
 7081 0.2700
 7082 0.2700
 7083 0.2700
 7084 0.2700
 7085 0.2700
 7086 0.2700
 7087 0.2700
 7088 0.2700
 7089 0.2700
 7090 0.2700
 7091 0.2700
 7092 0.2700
 7093 0.2700
 7094 0.2700
 7095 0.2700
 7096 0.2700
 7097 0.2700
 7098 0.2700
 7099 0.2700
 7100 0.2700
 7101 0.2700
 7102 0.2700
 7103 0.2700
 7104 0.2700
 7105 0.2700
 7106 0.2700
 7107 0.2700
 7108 0.2700
 7109 0.2700
 7110 0.2700
 7111 0.2700
 7112 0.2700
 7113 0.2700
 7114 0.2700
 7115 0.2700
 7116 0.2700
 7117 0.2700
 7118 0.2700
 7119 0.2700
 7120 0.2700
 7121 0.2700
 7122 0.2700
 7123 0.2700
 7124 0.2700
 7125 0.2700
 7126 0.2700
 7127 0.2700
 7128 0.2700
 7129 0.2700
 7130 0.2700
 7131 0.2700
 7132 0.2700
 7133 0.2700
 7134 0.2700
 7135 0.2700
 7136 0.2700
 7137 0.2700
 7138 0.2700
 7139 0.2700
 7140 0.2700
 7141 0.2700
 7142 0.2700
 7143 0.2700
 7144 0.2700
 7145 0.2700
 7146 0.2700
 7147 0.2700
 7148 0.2700
 7149 0.2700
 7150 0.2700
 7151 0.2700
 7152 0.2700
 7153 0.2700
 7154 0.2700
 7155 0.2700
 7156 0.2700
 7157 0.2700
 7158 0.2700
 7159 0.2700
 7160 0.2700
 7161 0.2700
 7162 0.2700
 7163 0.2700
 7164 0.2700
 7165 0.2700
 7166 0.2700
 7167 0.2700
 7168 0.2700
 7169 0.2700
 7170 0.2700
 7171 0.2700
 7172 0.2700
 7173 0.2700
 7174 0.2700
 7175 0.2700
 7176 0.2700
 7177 0.2700
 7178 0.2700
 7179 0.2700
 7180 0.2700
 7181 0.2700
 7182 0.2700
 7183 0.2700
 7184 0.2700
 7185 0.2700
 7186 0.2700
 7187 0.2700
 7188 0.2700
 7189 0.2700
 7190 0.2700
 7191 0.2700
 7192 0.2700
 7193 0.2700
 7194 0.2700
 7195 0.2700
 7196 0.2700
 7197 0.2700
 7198 0.2700
 7199 0.2700
