    0 5.1132
    1 5.1102
    2 5.1060
    3 5.1132
    4 5.1142
    5 5.1108
    6 5.1083
    7 5.1083
    8 5.1126
    9 5.1102
   10 5.1126
   11 5.1083
   12 5.1067
   13 5.1126
   14 5.1121
   15 5.1099
   16 5.1067
   17 5.1083
   18 5.1114
   19 5.1120
   20 5.1104
   21 5.1034
   22 5.1132
   23 5.1102
   24 5.1138
   25 5.1071
   26 5.1067
   27 5.1096
   28 5.1132
   29 5.1126
   30 5.1110
   31 5.0781
   32 5.1351
   33 5.1099
   34 4.9858
   35 4.3085
   36 4.3196
   37 4.7358
   38 7.1772
   39 9.1740
   40 4.1258
   41 -2.4617
   42 0.5146
   43 10.3574
   44 10.8562
   45 8.0331
   46 1.5297
   47 -0.1447
   48 4.9927
   49 9.8931
   50 5.9568
   51 2.3774
   52 1.9651
   53 6.8528
   54 6.5208
   55 6.7756
   56 1.9253
   57 2.5079
   58 -0.2816
   59 5.0543
   60 16.8456
   61 3.9970
   62 -3.3530
   63 8.0063
   64 32.3587
   65 33.3579
   66 -14.8929
   67 -17.5621
   68 1.5938
   69 -11.4547
   70 -14.9937
   71 18.2587
   72 43.3705
   73 14.2800
   74 -25.5790
   75 -9.0940
   76 5.8145
   77 -2.7157
   78 2.0709
   79 14.8950
   80 37.6167
   81 7.4422
   82 -20.7212
   83 -16.5184
   84 11.9851
   85 19.1799
   86 5.3377
   87 -8.3029
   88 4.5340
   89 21.2835
   90 21.4301
   91 7.9491
   92 -8.5547
   93 -11.0470
   94 5.7953
   95 6.4814
   96 17.4575
   97 19.3364
   98 11.8209
   99 -1.1171
  100 -13.5858
  101 -6.4785
  102 18.2466
  103 21.7962
  104 3.0531
  105 -11.2033
  106 7.2664
  107 14.7277
  108 16.6339
  109 5.2751
  110 -1.2078
  111 -5.3056
  112 -1.0135
  113 8.4031
  114 11.1073
  115 10.1608
  116 6.4394
  117 -1.2710
  118 -12.2075
  119 -11.0622
  120 2.6354
  121 29.7998
  122 25.0203
  123 7.6949
  124 -8.7732
  125 -7.9096
  126 1.1254
  127 14.0316
  128 30.0877
  129 12.2913
  130 -21.3902
  131 -7.5061
  132 13.1368
  133 10.6519
  134 9.1977
  135 3.2560
  136 -0.2144
  137 7.5891
  138 6.0799
  139 11.5192
  140 9.7980
  141 3.4990
  142 1.3409
  143 -2.0057
  144 7.3623
  145 14.6531
  146 16.9822
  147 2.2856
  148 -11.9093
  149 3.1545
  150 8.9716
  151 15.6985
  152 9.2496
  153 1.8578
  154 5.0716
  155 2.1362
  156 2.5139
  157 -1.8827
  158 2.9516
  159 11.4615
  160 16.7423
  161 7.9814
  162 -3.7004
  163 -1.8309
  164 9.7241
  165 10.0788
  166 5.6680
  167 2.6386
  168 9.0126
  169 6.7171
  170 -2.6386
  171 0.2044
  172 5.3097
  173 17.3326
  174 10.8352
  175 1.7579
  176 -8.0887
  177 -0.0509
  178 18.2798
  179 18.7494
  180 -2.2955
  181 -5.7002
  182 1.4592
  183 13.3917
  184 16.7446
  185 4.8520
  186 -6.9608
  187 -1.1827
  188 13.8258
  189 13.6687
  190 6.4718
  191 -2.5972
  192 3.3618
  193 7.0795
  194 6.5641
  195 6.2936
  196 8.5996
  197 6.8636
  198 1.8982
  199 0.0360
  200 8.7266
  201 10.5798
  202 5.8839
  203 6.5128
  204 3.7126
  205 5.7220
  206 3.5561
  207 1.8578
  208 6.0335
  209 8.9193
  210 8.0798
  211 3.8626
  212 2.9328
  213 3.9767
  214 7.2485
  215 9.0438
  216 3.5955
  217 3.1961
  218 5.8970
  219 9.0752
  220 8.6261
  221 3.7719
  222 2.9539
  223 2.0515
  224 7.1794
  225 8.7081
  226 6.1650
  227 2.9748
  228 3.6964
  229 5.0204
  230 10.3558
  231 11.3122
  232 4.3311
  233 -1.0777
  234 -0.2813
  235 6.7190
  236 11.9840
  237 8.0619
  238 5.3269
  239 0.1747
  240 7.2879
  241 9.1962
  242 4.8131
  243 2.3450
  244 5.1089
  245 7.7991
  246 7.2787
  247 3.0984
  248 5.9163
  249 7.0645
  250 5.0290
  251 5.0706
  252 6.8284
  253 8.4944
  254 5.3874
  255 2.4946
  256 3.7029
  257 4.6828
  258 7.1017
  259 7.4968
  260 5.1261
  261 5.8510
  262 7.4599
  263 6.2531
  264 4.7311
  265 3.2264
  266 3.9350
  267 7.0104
  268 9.9649
  269 9.9649
  270 4.3138
  271 -0.7798
  272 3.5465
  273 6.4447
  274 8.7578
  275 9.7670
  276 7.3975
  277 1.8729
  278 2.3046
  279 2.2032
  280 7.3485
  281 11.7660
  282 10.4481
  283 4.7554
  284 -1.6374
  285 2.9436
  286 8.9737
  287 13.1180
  288 7.5270
  289 0.3296
  290 0.8713
  291 4.7052
  292 8.8858
  293 9.6345
  294 6.0177
  295 4.6944
  296 4.0402
  297 4.7020
  298 6.0891
  299 6.9117
  300 7.4428
  301 7.1498
  302 5.0162
  303 4.1741
  304 5.0873
  305 5.8392
  306 7.7798
  307 6.6655
  308 6.8259
  309 4.4159
  310 4.8088
  311 4.9675
  312 5.1823
  313 7.8719
  314 7.7214
  315 5.4121
  316 4.3733
  317 4.1935
  318 6.0378
  319 8.3114
  320 8.0631
  321 5.9687
  322 3.9986
  323 3.8993
  324 5.9807
  325 7.6847
  326 7.5967
  327 5.6653
  328 6.1688
  329 4.9362
  330 5.5299
  331 5.4549
  332 5.7257
  333 5.9462
  334 6.5403
  335 6.0060
  336 5.4877
  337 5.8138
  338 6.9743
  339 7.8904
  340 6.6153
  341 5.1332
  342 3.6741
  343 5.7026
  344 8.1921
  345 8.2309
  346 6.2392
  347 3.5551
  348 3.6624
  349 6.0421
  350 7.7074
  351 8.3389
  352 6.5819
  353 5.0656
  354 4.3641
  355 4.8159
  356 6.6677
  357 6.8404
  358 7.0597
  359 6.6551
  360 6.4669
  361 6.2581
  362 6.0702
  363 5.7695
  364 5.6558
  365 5.9228
  366 5.7621
  367 5.9564
  368 7.1612
  369 7.7803
  370 6.1112
  371 4.6290
  372 4.0473
  373 6.2437
  374 8.1446
  375 7.9184
  376 5.7350
  377 4.7410
  378 5.2255
  379 6.7562
  380 8.1473
  381 7.7004
  382 5.2665
  383 5.5601
  384 5.3513
  385 4.8412
  386 7.7445
  387 7.9610
  388 4.7187
  389 6.7978
  390 7.3242
  391 5.2578
  392 5.8667
  393 6.7654
  394 4.1093
  395 7.9460
  396 8.5727
  397 6.1097
  398 5.7291
  399 3.8277
  400 6.2710
  401 8.1020
  402 8.2682
  403 8.6369
  404 4.7116
  405 3.9027
  406 5.3189
  407 7.6069
  408 9.7983
  409 7.3592
  410 4.4985
  411 4.2446
  412 5.2866
  413 6.8534
  414 7.6529
  415 8.2467
  416 7.2183
  417 6.7810
  418 6.3595
  419 6.2343
  420 6.1205
  421 5.9066
  422 6.3315
  423 6.9209
  424 7.8747
  425 9.0586
  426 6.2552
  427 2.9787
  428 5.7674
  429 8.1171
  430 9.7983
  431 7.3608
  432 4.4294
  433 4.4402
  434 6.9513
  435 8.1624
  436 7.0720
  437 6.8216
  438 6.9446
  439 8.5142
  440 7.0326
  441 7.6226
  442 5.3642
  443 5.3897
  444 6.2689
  445 7.7127
  446 6.5393
  447 7.5184
  448 7.8155
  449 7.6032
  450 7.2000
  451 7.1470
  452 5.9270
  453 5.6270
  454 5.2461
  455 8.6267
  456 9.4143
  457 8.4815
  458 6.2025
  459 5.3664
  460 7.7306
  461 7.9499
  462 6.4798
  463 5.1360
  464 6.5770
  465 8.5397
  466 8.8087
  467 7.3910
  468 4.4655
  469 6.5846
  470 7.1706
  471 8.8534
  472 9.2507
  473 7.0002
  474 6.6671
  475 6.9743
  476 7.5017
  477 6.8339
  478 6.0946
  479 6.7311
  480 7.1714
  481 8.2812
  482 7.7435
  483 7.9274
  484 6.9792
  485 6.8864
  486 6.8173
  487 6.9554
  488 7.9307
  489 8.4583
  490 8.2651
  491 6.7001
  492 5.7850
  493 6.2855
  494 7.7700
  495 8.2235
  496 8.4386
  497 7.5357
  498 6.4431
  499 6.3056
  500 7.2340
  501 8.0253
  502 8.8053
  503 7.6729
  504 6.5911
  505 6.3396
  506 7.3317
  507 8.0372
  508 7.5649
  509 6.8237
  510 7.2493
  511 8.0912
  512 8.3984
  513 6.7525
  514 6.3191
  515 7.1125
  516 8.1803
  517 7.6766
  518 7.4678
  519 7.5487
  520 7.4462
  521 7.0936
  522 7.2512
  523 7.3017
  524 7.3959
  525 7.5973
  526 7.9487
  527 6.8143
  528 6.5840
  529 6.6538
  530 7.7284
  531 8.7174
  532 8.1251
  533 7.5773
  534 6.4011
  535 6.9015
  536 7.9409
  537 7.9298
  538 7.0137
  539 5.8997
  540 6.2371
  541 8.1904
  542 9.2291
  543 8.4323
  544 6.6063
  545 5.9084
  546 6.5063
  547 7.9687
  548 8.3487
  549 7.5276
  550 6.8732
  551 7.5649
  552 8.0739
  553 7.3739
  554 6.9979
  555 6.4194
  556 6.8416
  557 7.7895
  558 8.3721
  559 8.1458
  560 6.9425
  561 6.4206
  562 6.4378
  563 7.2211
  564 8.5576
  565 8.0199
  566 6.9539
  567 6.5456
  568 7.2670
  569 8.1177
  570 7.9055
  571 7.1935
  572 7.0093
  573 7.9151
  574 7.6124
  575 6.9292
  576 6.7593
  577 7.2929
  578 7.4144
  579 7.4218
  580 7.5781
  581 7.8062
  582 7.6945
  583 7.2842
  584 6.9231
  585 7.5326
  586 7.9218
  587 7.5465
  588 7.3620
  589 7.2902
  590 7.7954
  591 7.6540
  592 6.5646
  593 6.4002
  594 7.4886
  595 8.5733
  596 9.0101
  597 7.8817
  598 6.6933
  599 6.6689
  600 7.2259
  601 7.7759
  602 7.8613
  603 7.7944
  604 7.7167
  605 7.4499
  606 7.5822
  607 7.8142
  608 7.6772
  609 7.4980
  610 7.4311
  611 7.6952
  612 7.8407
  613 7.7999
  614 7.5033
  615 7.3274
  616 7.4706
  617 7.9903
  618 8.3379
  619 8.3530
  620 7.8084
  621 6.9496
  622 6.8567
  623 7.4246
  624 7.9557
  625 8.6894
  626 8.3629
  627 8.0539
  628 7.5115
  629 7.7023
  630 7.5914
  631 7.9082
  632 7.8170
  633 7.6972
  634 7.2941
  635 7.6232
  636 7.6815
  637 8.5495
  638 8.2255
  639 8.0270
  640 8.0097
  641 7.7938
  642 8.2985
  643 7.8802
  644 7.7830
  645 7.1676
  646 7.4980
  647 8.2505
  648 7.9752
  649 7.8651
  650 7.5785
  651 8.1789
  652 8.3256
  653 8.1322
  654 7.4943
  655 7.7787
  656 7.9313
  657 8.0297
  658 7.9039
  659 7.9283
  660 7.9601
  661 8.0519
  662 7.8126
  663 7.6411
  664 7.7614
  665 8.0848
  666 7.9434
  667 7.8543
  668 7.6038
  669 8.3478
  670 8.6149
  671 7.6362
  672 7.5893
  673 7.1981
  674 7.4640
  675 8.0670
  676 8.2531
  677 8.1673
  678 8.1238
  679 8.0637
  680 7.7916
  681 7.2503
  682 7.4246
  683 8.3099
  684 8.5464
  685 8.2278
  686 7.8283
  687 7.1104
  688 6.9545
  689 8.0476
  690 8.1640
  691 8.2025
  692 8.0643
  693 7.5822
  694 7.5180
  695 7.8430
  696 8.0335
  697 8.1744
  698 7.9067
  699 7.7593
  700 7.4271
  701 8.1497
  702 8.1273
  703 7.9866
  704 7.2544
  705 7.4511
  706 7.7404
  707 8.1371
  708 8.2516
  709 7.9593
  710 7.9267
  711 8.0847
  712 7.9391
  713 7.9440
  714 7.7025
  715 7.7361
  716 7.7312
  717 7.9477
  718 7.9952
  719 8.0341
  720 7.8046
  721 8.4508
  722 8.1353
  723 8.0038
  724 7.3561
  725 7.7015
  726 8.1628
  727 8.4453
  728 8.2176
  729 8.2105
  730 7.9699
  731 8.1251
  732 7.6584
  733 7.9585
  734 8.1982
  735 8.4443
  736 8.4644
  737 7.9897
  738 8.2953
  739 7.9720
  740 8.2178
  741 8.0967
  742 8.2041
  743 8.4471
  744 8.6094
  745 8.4443
  746 8.0551
  747 8.1901
  748 8.2349
  749 8.4674
  750 8.4055
  751 8.4962
  752 8.2290
  753 8.7783
  754 8.7725
  755 8.5113
  756 8.3947
  757 8.0432
  758 8.3277
  759 8.4600
  760 8.7833
  761 8.8611
  762 9.0797
  763 8.6279
  764 8.5594
  765 8.5372
  766 8.4194
  767 8.9221
  768 8.6970
  769 9.0058
  770 8.4141
  771 8.7476
  772 9.0258
  773 8.8623
  774 8.9582
  775 8.5666
  776 8.8935
  777 9.0301
  778 9.0878
  779 8.8384
  780 9.0122
  781 8.9539
  782 8.8811
  783 8.9961
  784 8.8526
  785 9.4052
  786 9.1553
  787 9.1424
  788 8.9203
  789 8.9826
  790 9.1871
  791 9.0749
  792 9.0690
  793 9.4334
  794 9.4857
  795 9.3728
  796 8.7904
  797 8.8935
  798 9.0140
  799 9.5444
  800 9.6563
  801 9.5845
  802 9.3879
  803 8.9410
  804 9.1310
  805 9.5419
  806 9.6503
  807 9.5456
  808 9.3303
  809 9.2417
  810 9.4751
  811 9.4058
  812 9.5067
  813 9.4577
  814 9.3842
  815 9.5025
  816 9.6844
  817 9.7048
  818 9.8032
  819 9.7041
  820 9.7011
  821 9.4771
  822 9.4728
  823 9.6995
  824 9.7008
  825 9.5185
  826 9.5662
  827 9.7421
  828 9.9248
  829 10.1567
  830 9.8124
  831 9.6385
  832 9.7988
  833 9.6657
  834 9.5764
  835 9.9846
  836 9.9738
  837 10.1014
  838 9.9170
  839 9.8701
  840 9.9846
  841 9.8941
  842 9.9198
  843 9.8544
  844 9.7260
  845 10.0126
  846 10.3394
  847 10.5892
  848 9.8766
  849 9.9408
  850 9.5933
  851 9.7945
  852 9.9327
  853 10.2739
  854 10.4013
  855 10.2569
  856 10.1255
  857 9.9284
  858 10.0796
  859 10.0835
  860 10.2702
  861 10.1854
  862 10.0321
  863 10.1763
  864 10.0170
  865 10.0558
  866 9.8507
  867 10.0882
  868 10.0444
  869 10.2005
  870 10.2394
  871 10.3430
  872 10.2172
  873 10.3436
  874 10.0855
  875 9.8636
  876 9.6396
  877 9.7981
  878 10.0623
  879 10.2480
  880 10.1638
  881 10.1308
  882 9.8507
  883 9.8226
  884 9.8291
  885 10.0666
  886 10.3093
  887 10.1212
  888 9.7319
  889 9.4690
  890 9.7431
  891 9.7248
  892 10.0191
  893 9.9873
  894 9.2684
  895 9.6742
  896 10.0126
  897 10.2767
  898 9.6067
  899 8.6772
  900 9.7109
  901 9.4749
  902 10.1773
  903 9.7603
  904 9.3842
  905 9.4129
  906 8.4736
  907 10.0623
  908 9.2190
  909 9.0862
  910 9.6850
  911 9.0501
  912 9.2779
  913 8.7904
  914 8.7089
  915 9.5597
  916 9.2588
  917 8.5017
  918 8.9033
  919 9.0582
  920 9.2941
  921 8.7789
  922 8.6194
  923 8.7207
  924 9.1257
  925 8.3067
  926 8.1994
  927 9.1856
  928 9.0544
  929 8.2922
  930 8.0520
  931 8.1087
  932 8.1685
  933 8.3813
  934 9.0131
  935 8.9551
  936 7.3200
  937 7.0836
  938 8.3650
  939 9.1993
  940 8.4326
  941 7.3011
  942 7.4674
  943 7.8787
  944 8.1065
  945 7.8199
  946 7.8965
  947 8.1378
  948 7.4701
  949 7.3335
  950 7.1105
  951 7.6040
  952 7.7968
  953 8.0563
  954 7.7956
  955 6.9362
  956 6.4955
  957 6.8504
  958 7.9316
  959 8.4310
  960 7.7432
  961 6.4527
  962 5.9560
  963 6.9627
  964 7.6293
  965 7.7699
  966 6.9411
  967 6.2706
  968 6.3770
  969 6.8187
  970 7.1455
  971 7.0787
  972 6.8968
  973 6.5352
  974 6.0182
  975 6.4726
  976 6.6090
  977 6.6632
  978 6.7469
  979 6.4952
  980 6.3943
  981 6.2691
  982 6.4159
  983 6.4904
  984 6.0747
  985 5.8955
  986 5.8098
  987 6.4859
  988 6.2971
  989 5.8853
  990 5.8141
  991 6.1368
  992 6.1372
  993 5.9582
  994 5.4573
  995 5.5363
  996 5.8054
  997 6.2135
  998 6.1904
  999 5.5581
 1000 5.3018
 1001 5.4982
 1002 5.5782
 1003 5.7061
 1004 5.8373
 1005 5.7803
 1006 5.5631
 1007 5.1377
 1008 4.8944
 1009 5.1508
 1010 5.7336
 1011 5.8033
 1012 5.2808
 1013 4.8506
 1014 5.0408
 1015 5.5032
 1016 5.2155
 1017 5.0180
 1018 5.1477
 1019 5.3952
 1020 5.3499
 1021 4.9413
 1022 4.7411
 1023 4.8975
 1024 5.2565
 1025 5.0196
 1026 4.7821
 1027 4.9238
 1028 5.0535
 1029 4.7697
 1030 4.5101
 1031 4.5635
 1032 5.0101
 1033 4.9641
 1034 4.5554
 1035 4.2942
 1036 4.6858
 1037 5.1146
 1038 5.0261
 1039 4.6137
 1040 4.2157
 1041 4.2726
 1042 4.3870
 1043 4.4755
 1044 4.6439
 1045 4.6333
 1046 4.2936
 1047 4.2850
 1048 4.1717
 1049 4.1044
 1050 4.2424
 1051 4.2905
 1052 4.2057
 1053 4.1641
 1054 4.2719
 1055 4.2862
 1056 4.0561
 1057 3.9019
 1058 3.8606
 1059 4.0524
 1060 4.1135
 1061 3.9309
 1062 3.7443
 1063 3.7014
 1064 3.6709
 1065 3.6854
 1066 3.8797
 1067 3.9629
 1068 3.7869
 1069 3.5694
 1070 3.4069
 1071 3.4122
 1072 3.3465
 1073 3.5257
 1074 3.6466
 1075 3.6968
 1076 3.6559
 1077 3.3789
 1078 3.2062
 1079 3.2095
 1080 3.2971
 1081 3.1911
 1082 3.1047
 1083 3.1500
 1084 3.3384
 1085 3.3597
 1086 3.0831
 1087 2.8867
 1088 2.9055
 1089 3.2248
 1090 3.3545
 1091 3.1377
 1092 2.7707
 1093 2.8608
 1094 3.0534
 1095 3.0664
 1096 2.9018
 1097 2.6131
 1098 2.7374
 1099 3.0140
 1100 3.0659
 1101 2.8888
 1102 2.8991
 1103 2.8306
 1104 2.7485
 1105 2.7815
 1106 2.6687
 1107 2.7911
 1108 2.9008
 1109 2.7630
 1110 2.8370
 1111 2.7356
 1112 2.8506
 1113 2.8737
 1114 2.6995
 1115 2.5974
 1116 2.6146
 1117 2.8700
 1118 2.9169
 1119 2.7960
 1120 2.7220
 1121 2.8058
 1122 2.7140
 1123 2.8333
 1124 2.8635
 1125 2.8960
 1126 2.7426
 1127 2.7173
 1128 2.7399
 1129 2.8972
 1130 2.9407
 1131 2.8894
 1132 2.8894
 1133 2.9736
 1134 2.9216
 1135 2.9126
 1136 2.9428
 1137 3.0400
 1138 3.0271
 1139 3.0190
 1140 3.0233
 1141 2.9736
 1142 2.9977
 1143 2.9736
 1144 3.2499
 1145 3.2478
 1146 3.2182
 1147 3.0764
 1148 3.0837
 1149 3.2666
 1150 3.5263
 1151 3.4921
 1152 3.3018
 1153 3.0945
 1154 3.1306
 1155 3.3277
 1156 3.5554
 1157 3.5861
 1158 3.5586
 1159 3.5355
 1160 3.6118
 1161 3.6024
 1162 3.4896
 1163 3.4587
 1164 3.5047
 1165 3.5976
 1166 3.7443
 1167 4.0632
 1168 4.0051
 1169 3.8856
 1170 3.6365
 1171 3.6040
 1172 3.8846
 1173 4.0461
 1174 3.9710
 1175 3.9084
 1176 3.8269
 1177 3.9543
 1178 4.1875
 1179 4.0422
 1180 4.1421
 1181 4.3072
 1182 4.2501
 1183 4.0185
 1184 4.0163
 1185 4.1286
 1186 4.3386
 1187 4.2067
 1188 4.3207
 1189 4.3969
 1190 4.3235
 1191 4.3199
 1192 4.3963
 1193 4.3364
 1194 4.4481
 1195 4.5603
 1196 4.3934
 1197 4.3941
 1198 4.3725
 1199 4.5199
 1200 4.4087
 1201 4.4286
 1202 4.4465
 1203 4.5862
 1204 4.8002
 1205 4.8006
 1206 4.6532
 1207 4.4357
 1208 4.3509
 1209 4.4874
 1210 4.6602
 1211 4.7266
 1212 4.7321
 1213 4.5169
 1214 4.4934
 1215 4.6430
 1216 4.6920
 1217 4.7136
 1218 4.8142
 1219 4.6337
 1220 4.6877
 1221 4.6257
 1222 4.6409
 1223 4.6689
 1224 4.5236
 1225 4.4811
 1226 4.8842
 1227 4.7701
 1228 4.7936
 1229 4.0336
 1230 5.0359
 1231 4.5845
 1232 4.4648
 1233 4.7121
 1234 4.9095
 1235 4.3767
 1236 5.3900
 1237 4.3380
 1238 4.2581
 1239 5.0402
 1240 4.3178
 1241 5.1540
 1242 4.6273
 1243 4.3861
 1244 4.0850
 1245 5.0936
 1246 4.5356
 1247 5.2318
 1248 4.3401
 1249 4.0025
 1250 4.7158
 1251 4.3515
 1252 5.0186
 1253 4.7925
 1254 4.8135
 1255 4.1933
 1256 4.5242
 1257 4.2192
 1258 4.7912
 1259 5.2388
 1260 3.9386
 1261 4.0860
 1262 4.9159
 1263 4.6651
 1264 4.3482
 1265 4.1523
 1266 4.8641
 1267 4.7984
 1268 4.1421
 1269 4.6942
 1270 4.4557
 1271 4.6275
 1272 4.7028
 1273 4.2624
 1274 4.4687
 1275 4.3646
 1276 4.5588
 1277 4.5285
 1278 4.7482
 1279 4.3191
 1280 4.5840
 1281 3.9235
 1282 4.7876
 1283 5.1546
 1284 4.3735
 1285 4.1474
 1286 4.0661
 1287 4.7488
 1288 4.6553
 1289 4.7989
 1290 4.1615
 1291 4.6689
 1292 4.7654
 1293 4.3921
 1294 4.3321
 1295 4.2322
 1296 4.7898
 1297 4.8891
 1298 4.6279
 1299 4.1033
 1300 4.1458
 1301 4.7034
 1302 4.9159
 1303 4.6840
 1304 4.5998
 1305 4.4999
 1306 4.5878
 1307 4.6985
 1308 4.6544
 1309 4.5912
 1310 4.5393
 1311 4.6607
 1312 4.7515
 1313 4.4324
 1314 4.8055
 1315 4.7714
 1316 4.7941
 1317 4.5782
 1318 4.8589
 1319 4.7444
 1320 5.0119
 1321 4.7839
 1322 4.6288
 1323 4.6408
 1324 4.6434
 1325 4.9199
 1326 5.0742
 1327 4.9020
 1328 4.5754
 1329 4.6811
 1330 5.0202
 1331 5.2274
 1332 5.0834
 1333 4.4938
 1334 4.7121
 1335 4.9684
 1336 5.0726
 1337 5.0157
 1338 4.9906
 1339 4.9258
 1340 4.9917
 1341 4.8706
 1342 4.6312
 1343 5.1988
 1344 5.0769
 1345 5.3016
 1346 4.5321
 1347 4.6127
 1348 4.9597
 1349 5.3517
 1350 5.2237
 1351 4.8680
 1352 4.7962
 1353 4.8524
 1354 4.9425
 1355 4.9850
 1356 5.0121
 1357 4.9992
 1358 5.0602
 1359 5.1784
 1360 4.9467
 1361 4.4918
 1362 4.7272
 1363 4.9862
 1364 4.7221
 1365 5.5173
 1366 4.7676
 1367 4.7558
 1368 5.1040
 1369 4.4962
 1370 5.1179
 1371 4.7660
 1372 5.3107
 1373 4.8392
 1374 4.7719
 1375 4.4228
 1376 4.7580
 1377 5.5473
 1378 5.1568
 1379 4.2895
 1380 4.2818
 1381 5.4115
 1382 5.1290
 1383 4.7509
 1384 4.5075
 1385 4.9733
 1386 5.6118
 1387 4.6483
 1388 4.3235
 1389 4.5739
 1390 5.0661
 1391 5.3618
 1392 4.9199
 1393 4.3984
 1394 5.2108
 1395 4.9447
 1396 4.9631
 1397 4.2658
 1398 4.8037
 1399 6.0047
 1400 5.4267
 1401 4.3407
 1402 4.0579
 1403 4.9697
 1404 5.5525
 1405 5.4013
 1406 4.7876
 1407 4.3494
 1408 5.1270
 1409 5.1682
 1410 5.0781
 1411 4.5884
 1412 5.2539
 1413 4.9716
 1414 4.8394
 1415 5.5827
 1416 5.8174
 1417 4.8091
 1418 4.9209
 1419 4.6284
 1420 4.7768
 1421 5.8094
 1422 5.8064
 1423 4.2787
 1424 4.7466
 1425 6.3334
 1426 4.2520
 1427 4.4206
 1428 4.7342
 1429 6.0808
 1430 5.9170
 1431 5.0683
 1432 4.4848
 1433 4.2981
 1434 5.6663
 1435 5.7820
 1436 5.7980
 1437 4.6581
 1438 4.6861
 1439 4.6613
 1440 6.3075
 1441 6.7292
 1442 5.0488
 1443 2.6871
 1444 4.0722
 1445 6.3988
 1446 7.7871
 1447 4.5215
 1448 4.7567
 1449 4.3613
 1450 6.1909
 1451 4.7546
 1452 5.4159
 1453 4.6663
 1454 6.4171
 1455 4.9646
 1456 5.2345
 1457 4.7930
 1458 5.8168
 1459 5.0742
 1460 5.2098
 1461 6.0253
 1462 5.5540
 1463 4.2803
 1464 4.8379
 1465 5.6799
 1466 6.4852
 1467 4.8891
 1468 5.1482
 1469 4.3500
 1470 5.5172
 1471 6.4657
 1472 5.8930
 1473 4.8956
 1474 4.6538
 1475 5.8895
 1476 5.4288
 1477 4.8092
 1478 5.5990
 1479 6.1161
 1480 5.8159
 1481 4.5652
 1482 4.7731
 1483 5.9238
 1484 6.3816
 1485 6.0469
 1486 5.3489
 1487 4.4320
 1488 4.1138
 1489 6.6552
 1490 6.3211
 1491 5.8693
 1492 5.5076
 1493 5.0078
 1494 5.2912
 1495 5.3187
 1496 5.7058
 1497 5.8006
 1498 5.8159
 1499 5.7527
 1500 4.9431
 1501 5.5038
 1502 5.4159
 1503 5.7166
 1504 6.0139
 1505 5.5617
 1506 5.0791
 1507 5.2129
 1508 5.9238
 1509 5.7289
 1510 6.0181
 1511 5.0488
 1512 5.1222
 1513 5.2567
 1514 5.6237
 1515 5.7623
 1516 6.1866
 1517 5.3711
 1518 4.9458
 1519 4.8641
 1520 5.7830
 1521 5.7187
 1522 5.6771
 1523 5.3303
 1524 5.2728
 1525 5.8337
 1526 5.5729
 1527 5.3079
 1528 5.2581
 1529 5.3317
 1530 5.3538
 1531 4.9474
 1532 5.5882
 1533 5.5670
 1534 5.4942
 1535 5.4418
 1536 5.1811
 1537 5.2383
 1538 5.2243
 1539 5.4920
 1540 5.8174
 1541 5.6535
 1542 5.0121
 1543 4.5097
 1544 5.0402
 1545 6.0210
 1546 5.5857
 1547 4.9998
 1548 5.4223
 1549 5.6043
 1550 5.0618
 1551 4.9890
 1552 5.5158
 1553 6.1974
 1554 5.5210
 1555 5.1741
 1556 4.6867
 1557 4.9927
 1558 5.4942
 1559 5.5070
 1560 6.0345
 1561 5.4828
 1562 5.2431
 1563 4.9697
 1564 5.3646
 1565 5.7008
 1566 5.7036
 1567 5.7613
 1568 5.2984
 1569 5.3452
 1570 5.3193
 1571 5.5044
 1572 5.5364
 1573 5.6793
 1574 5.4251
 1575 5.7160
 1576 5.5417
 1577 5.7987
 1578 5.6800
 1579 5.3554
 1580 5.3593
 1581 5.8033
 1582 5.8655
 1583 5.5217
 1584 5.6702
 1585 5.7073
 1586 5.6286
 1587 5.7116
 1588 5.6669
 1589 5.7823
 1590 5.6899
 1591 5.6274
 1592 6.0065
 1593 5.8671
 1594 5.7629
 1595 5.6814
 1596 5.6863
 1597 5.8563
 1598 5.7705
 1599 5.6938
 1600 5.8066
 1601 6.0102
 1602 5.9124
 1603 5.4155
 1604 5.5352
 1605 6.0188
 1606 6.2887
 1607 6.1709
 1608 5.5997
 1609 5.5784
 1610 5.7036
 1611 5.9880
 1612 6.1672
 1613 5.7943
 1614 5.3760
 1615 5.3958
 1616 6.1403
 1617 6.3923
 1618 5.9195
 1619 5.3684
 1620 5.3949
 1621 5.9567
 1622 6.3011
 1623 6.0382
 1624 5.5454
 1625 5.4155
 1626 5.7440
 1627 5.9908
 1628 5.9195
 1629 5.8628
 1630 5.7552
 1631 5.7289
 1632 5.8742
 1633 5.6059
 1634 5.8799
 1635 5.7483
 1636 5.7452
 1637 5.4469
 1638 5.8665
 1639 5.8339
 1640 5.9578
 1641 5.6431
 1642 5.6901
 1643 5.7072
 1644 5.7878
 1645 5.6037
 1646 5.8159
 1647 5.7130
 1648 5.7527
 1649 5.7317
 1650 5.7073
 1651 5.7014
 1652 5.8275
 1653 5.8936
 1654 5.7052
 1655 5.3409
 1656 5.4648
 1657 5.7403
 1658 6.0253
 1659 5.8325
 1660 5.6712
 1661 5.7993
 1662 5.8800
 1663 5.4165
 1664 5.5152
 1665 5.5825
 1666 6.0070
 1667 6.4208
 1668 5.2092
 1669 5.5287
 1670 5.3036
 1671 5.8418
 1672 6.2569
 1673 6.0192
 1674 5.3330
 1675 5.1056
 1676 6.0441
 1677 5.9433
 1678 5.9605
 1679 5.6793
 1680 5.3166
 1681 6.4247
 1682 5.0575
 1683 5.9682
 1684 6.7156
 1685 4.1384
 1686 6.3442
 1687 6.2350
 1688 5.1438
 1689 5.5201
 1690 4.5523
 1691 6.9537
 1692 6.2023
 1693 5.3317
 1694 5.2216
 1695 4.7279
 1696 6.9784
 1697 6.1684
 1698 6.9877
 1699 4.3623
 1700 5.3603
 1701 5.0925
 1702 5.4812
 1703 6.1499
 1704 5.9217
 1705 7.0385
 1706 4.5075
 1707 5.1136
 1708 6.1548
 1709 5.5070
 1710 5.9664
 1711 6.6989
 1712 6.0555
 1713 4.1082
 1714 4.9255
 1715 5.9729
 1716 6.9839
 1717 6.7464
 1718 4.8135
 1719 4.2322
 1720 5.3792
 1721 6.4744
 1722 7.4281
 1723 5.9490
 1724 4.8222
 1725 3.8124
 1726 5.7052
 1727 6.3514
 1728 6.2461
 1729 6.7242
 1730 5.7958
 1731 4.8206
 1732 4.4464
 1733 5.0359
 1734 6.3578
 1735 6.5105
 1736 7.0737
 1737 4.8422
 1738 4.9323
 1739 5.1407
 1740 5.5736
 1741 5.4855
 1742 6.3313
 1743 6.1289
 1744 5.4088
 1745 5.1411
 1746 5.7268
 1747 6.1749
 1748 6.0592
 1749 4.5135
 1750 5.1633
 1751 5.7921
 1752 6.6422
 1753 6.6013
 1754 5.1309
 1755 4.8854
 1756 5.2286
 1757 5.8433
 1758 6.2273
 1759 5.3344
 1760 4.8589
 1761 5.9238
 1762 6.5969
 1763 6.4365
 1764 4.5480
 1765 4.6911
 1766 5.9217
 1767 6.4839
 1768 5.7943
 1769 5.2324
 1770 5.4208
 1771 5.8102
 1772 5.6632
 1773 5.8881
 1774 5.8655
 1775 5.5994
 1776 5.7807
 1777 5.1892
 1778 5.2064
 1779 5.9232
 1780 6.7576
 1781 6.0204
 1782 5.2475
 1783 5.0149
 1784 5.7872
 1785 6.0200
 1786 5.6956
 1787 5.8125
 1788 6.0037
 1789 5.5723
 1790 5.3209
 1791 5.5476
 1792 6.2440
 1793 6.3399
 1794 5.5191
 1795 5.5238
 1796 5.4640
 1797 5.6987
 1798 6.1173
 1799 6.1872
 1800 5.6064
 1801 5.2108
 1802 5.6515
 1803 6.3232
 1804 6.3389
 1805 5.7326
 1806 5.1012
 1807 5.2038
 1808 5.9902
 1809 6.5348
 1810 6.0534
 1811 5.5358
 1812 5.3935
 1813 5.6657
 1814 6.3745
 1815 6.0826
 1816 5.3644
 1817 5.4720
 1818 5.7122
 1819 6.2045
 1820 6.1768
 1821 5.6885
 1822 5.3921
 1823 5.6734
 1824 5.8390
 1825 5.9413
 1826 5.9908
 1827 6.0269
 1828 5.9951
 1829 5.6740
 1830 5.4300
 1831 5.5254
 1832 5.9087
 1833 5.8659
 1834 5.8245
 1835 6.1440
 1836 6.3572
 1837 5.7008
 1838 5.4865
 1839 5.6129
 1840 5.8390
 1841 5.9281
 1842 6.0079
 1843 5.8952
 1844 5.7252
 1845 5.9189
 1846 5.5978
 1847 5.4993
 1848 5.8008
 1849 5.9448
 1850 6.0210
 1851 5.8492
 1852 5.9291
 1853 5.5617
 1854 5.6851
 1855 5.8094
 1856 6.0853
 1857 5.9750
 1858 5.3684
 1859 5.4516
 1860 5.6600
 1861 6.1527
 1862 6.0901
 1863 6.0722
 1864 5.5965
 1865 5.5059
 1866 5.4467
 1867 5.5217
 1868 6.0021
 1869 6.1321
 1870 5.9644
 1871 5.1741
 1872 6.0750
 1873 6.2100
 1874 5.6857
 1875 5.1784
 1876 5.4920
 1877 6.0086
 1878 5.7598
 1879 6.0960
 1880 5.4051
 1881 5.7058
 1882 5.2505
 1883 5.9038
 1884 6.4047
 1885 5.4343
 1886 5.2533
 1887 5.2940
 1888 6.2039
 1889 5.6712
 1890 5.5028
 1891 5.2076
 1892 6.3011
 1893 6.0059
 1894 5.7008
 1895 5.3253
 1896 5.4742
 1897 6.3507
 1898 5.5713
 1899 6.1230
 1900 5.3976
 1901 5.7462
 1902 5.7554
 1903 5.2669
 1904 5.5351
 1905 5.3591
 1906 5.7381
 1907 6.5645
 1908 5.7678
 1909 6.0162
 1910 5.2475
 1911 5.7678
 1912 5.7748
 1913 5.6471
 1914 5.3992
 1915 6.2471
 1916 6.1629
 1917 5.1336
 1918 5.5281
 1919 5.8174
 1920 5.5028
 1921 5.4850
 1922 6.0411
 1923 6.1154
 1924 6.2110
 1925 5.9038
 1926 5.5172
 1927 5.6691
 1928 4.8130
 1929 6.0339
 1930 7.1431
 1931 5.8525
 1932 5.2912
 1933 5.3748
 1934 5.6691
 1935 6.0655
 1936 6.0426
 1937 5.2259
 1938 5.6318
 1939 6.0620
 1940 6.2286
 1941 6.3702
 1942 5.5001
 1943 5.4100
 1944 5.4821
 1945 5.2437
 1946 5.9794
 1947 6.4414
 1948 6.2498
 1949 5.9465
 1950 5.7533
 1951 5.3943
 1952 5.1870
 1953 5.6631
 1954 6.2067
 1955 6.3982
 1956 5.8649
 1957 5.5709
 1958 5.7326
 1959 5.6367
 1960 5.5217
 1961 5.7317
 1962 6.1979
 1963 6.1219
 1964 5.5951
 1965 5.6799
 1966 5.7008
 1967 6.0333
 1968 5.6037
 1969 5.1790
 1970 5.5001
 1971 6.2229
 1972 6.3578
 1973 5.7613
 1974 5.7332
 1975 6.0546
 1976 6.1391
 1977 5.2259
 1978 5.2114
 1979 5.7656
 1980 6.4493
 1981 6.4226
 1982 5.2166
 1983 5.0300
 1984 5.5243
 1985 6.1484
 1986 6.5774
 1987 6.1414
 1988 5.5588
 1989 5.4288
 1990 5.4985
 1991 6.1866
 1992 6.0700
 1993 6.0027
 1994 5.7527
 1995 6.0571
 1996 5.8396
 1997 5.9094
 1998 5.4100
 1999 5.5087
 2000 5.6086
 2001 6.5401
 2002 5.9337
 2003 5.6987
 2004 5.4008
 2005 5.8131
 2006 6.1768
 2007 6.0642
 2008 5.6166
 2009 5.8331
 2010 6.2536
 2011 6.3342
 2012 5.9038
 2013 5.2216
 2014 5.2496
 2015 5.6625
 2016 6.2239
 2017 6.0231
 2018 6.0673
 2019 5.7347
 2020 5.5750
 2021 5.6265
 2022 6.0365
 2023 5.8958
 2024 5.9465
 2025 6.0355
 2026 5.8078
 2027 5.6090
 2028 5.7141
 2029 5.8098
 2030 5.7403
 2031 5.6204
 2032 5.7943
 2033 5.9983
 2034 6.1413
 2035 5.9972
 2036 5.4569
 2037 5.3113
 2038 5.5799
 2039 6.0318
 2040 6.0290
 2041 6.0765
 2042 5.8793
 2043 5.7748
 2044 5.5432
 2045 5.5816
 2046 5.9164
 2047 6.0117
 2048 5.6944
 2049 5.7419
 2050 5.7763
 2051 5.9578
 2052 5.9038
 2053 5.8785
 2054 5.5087
 2055 5.3861
 2056 5.9103
 2057 6.2795
 2058 6.3556
 2059 5.7066
 2060 5.3273
 2061 5.3878
 2062 6.1370
 2063 6.4911
 2064 5.7993
 2065 5.5951
 2066 5.5735
 2067 6.0744
 2068 6.0770
 2069 5.7900
 2070 6.0312
 2071 5.8066
 2072 5.6433
 2073 5.6561
 2074 6.0830
 2075 6.0938
 2076 6.2946
 2077 5.7705
 2078 5.1703
 2079 5.3203
 2080 6.1737
 2081 6.5900
 2082 5.8045
 2083 5.7181
 2084 5.9562
 2085 5.9637
 2086 5.6842
 2087 5.7586
 2088 5.6345
 2089 6.3103
 2090 5.9651
 2091 5.5164
 2092 5.7839
 2093 5.5611
 2094 5.8995
 2095 5.9235
 2096 5.9060
 2097 5.9945
 2098 6.0302
 2099 5.5448
 2100 5.4482
 2101 5.8153
 2102 5.6302
 2103 6.2454
 2104 5.5281
 2105 5.9664
 2106 5.9211
 2107 5.7829
 2108 5.5396
 2109 5.6663
 2110 6.1348
 2111 5.4537
 2112 5.4412
 2113 5.5966
 2114 5.9405
 2115 6.0037
 2116 6.1089
 2117 5.5057
 2118 5.2037
 2119 5.8418
 2120 5.8859
 2121 6.0962
 2122 5.9945
 2123 5.1509
 2124 5.4498
 2125 6.0123
 2126 5.5813
 2127 5.4439
 2128 5.4337
 2129 5.6799
 2130 6.3700
 2131 6.1866
 2132 5.4094
 2133 5.0510
 2134 5.2921
 2135 5.8649
 2136 6.2061
 2137 6.0420
 2138 6.1435
 2139 5.4456
 2140 4.5437
 2141 5.2302
 2142 6.0074
 2143 6.3885
 2144 5.8643
 2145 5.7181
 2146 4.9825
 2147 5.2210
 2148 5.7354
 2149 6.2320
 2150 5.7462
 2151 5.4072
 2152 5.1629
 2153 5.9405
 2154 6.1694
 2155 5.7851
 2156 5.4698
 2157 5.4187
 2158 5.2820
 2159 5.6971
 2160 5.4174
 2161 5.7584
 2162 5.9212
 2163 6.0818
 2164 5.4726
 2165 4.7816
 2166 5.7046
 2167 5.9605
 2168 5.8455
 2169 5.9103
 2170 5.2863
 2171 5.3570
 2172 5.3711
 2173 5.9226
 2174 5.5652
 2175 5.5794
 2176 5.7079
 2177 5.4628
 2178 5.4153
 2179 5.5134
 2180 5.8557
 2181 6.0824
 2182 5.6388
 2183 5.0004
 2184 5.3014
 2185 5.7046
 2186 5.8930
 2187 5.7915
 2188 5.1673
 2189 5.3425
 2190 5.6614
 2191 5.9383
 2192 5.7507
 2193 5.2453
 2194 5.3684
 2195 5.3570
 2196 5.7488
 2197 5.9362
 2198 5.6728
 2199 5.2577
 2200 5.2977
 2201 5.4604
 2202 5.6139
 2203 5.7138
 2204 5.7376
 2205 5.4552
 2206 5.3440
 2207 5.5692
 2208 5.6382
 2209 5.6312
 2210 5.5704
 2211 5.4088
 2212 5.4559
 2213 5.6155
 2214 5.6830
 2215 5.6641
 2216 5.4763
 2217 5.3431
 2218 5.4066
 2219 5.5083
 2220 5.7722
 2221 5.7505
 2222 5.5723
 2223 5.4437
 2224 5.4590
 2225 5.6015
 2226 5.5454
 2227 5.5064
 2228 5.4072
 2229 5.4396
 2230 5.6851
 2231 5.9383
 2232 5.6868
 2233 5.4257
 2234 5.3132
 2235 5.3850
 2236 5.5761
 2237 5.8816
 2238 5.7699
 2239 5.6318
 2240 5.1303
 2241 5.3784
 2242 5.5599
 2243 5.7754
 2244 5.2522
 2245 6.1730
 2246 5.6312
 2247 5.3792
 2248 5.5729
 2249 5.6231
 2250 5.3631
 2251 6.0630
 2252 5.1028
 2253 5.6139
 2254 6.2478
 2255 5.0359
 2256 5.8547
 2257 5.1945
 2258 6.0975
 2259 4.8761
 2260 5.6441
 2261 5.5951
 2262 6.2098
 2263 5.8563
 2264 5.3268
 2265 5.7468
 2266 5.3823
 2267 5.6913
 2268 5.5383
 2269 5.6793
 2270 5.6074
 2271 5.8514
 2272 5.4226
 2273 5.9232
 2274 5.7693
 2275 5.3915
 2276 5.6222
 2277 5.9205
 2278 5.6917
 2279 5.6799
 2280 5.6198
 2281 5.6350
 2282 5.4785
 2283 5.4952
 2284 6.0074
 2285 5.6676
 2286 5.7434
 2287 5.6938
 2288 5.7591
 2289 5.7271
 2290 5.5907
 2291 5.4643
 2292 5.6879
 2293 5.6981
 2294 5.7392
 2295 5.8465
 2296 5.6059
 2297 5.7391
 2298 5.7233
 2299 5.5642
 2300 5.4995
 2301 5.5411
 2302 5.8060
 2303 5.7828
 2304 5.8687
 2305 5.6830
 2306 5.7440
 2307 5.5960
 2308 5.6259
 2309 5.7105
 2310 5.5686
 2311 5.7132
 2312 5.8039
 2313 5.5303
 2314 5.3370
 2315 5.6620
 2316 5.8941
 2317 5.9917
 2318 5.8341
 2319 5.5821
 2320 5.4425
 2321 5.5778
 2322 5.7758
 2323 5.7693
 2324 5.7413
 2325 5.6427
 2326 5.6873
 2327 5.7348
 2328 5.6312
 2329 5.6241
 2330 5.7040
 2331 5.6685
 2332 5.8163
 2333 5.8628
 2334 5.6696
 2335 5.5843
 2336 5.4810
 2337 5.7161
 2338 5.8922
 2339 5.7974
 2340 5.7672
 2341 5.6700
 2342 5.6139
 2343 5.6964
 2344 5.6700
 2345 5.7894
 2346 5.7256
 2347 5.8001
 2348 5.6873
 2349 5.6765
 2350 5.6549
 2351 5.6484
 2352 5.7564
 2353 5.8233
 2354 5.8023
 2355 5.6630
 2356 5.6101
 2357 5.7326
 2358 5.7705
 2359 5.9662
 2360 5.8179
 2361 5.5297
 2362 5.5167
 2363 5.7175
 2364 5.7851
 2365 5.8238
 2366 5.7921
 2367 5.6775
 2368 5.6259
 2369 5.6760
 2370 5.8218
 2371 5.8314
 2372 5.6534
 2373 5.6673
 2374 5.5602
 2375 5.7434
 2376 5.8137
 2377 5.7379
 2378 5.7962
 2379 5.6743
 2380 5.7570
 2381 5.5739
 2382 5.8275
 2383 5.7407
 2384 5.7073
 2385 5.5803
 2386 5.5994
 2387 5.6427
 2388 5.7246
 2389 5.8761
 2390 5.8585
 2391 5.7515
 2392 5.6490
 2393 5.6155
 2394 5.6901
 2395 5.7099
 2396 5.6235
 2397 5.7413
 2398 5.7175
 2399 5.7348
 2400 5.6388
 2401 5.6090
 2402 5.5735
 2403 5.6435
 2404 5.7376
 2405 5.8666
 2406 5.7974
 2407 5.7953
 2408 5.7175
 2409 5.7559
 2410 5.6679
 2411 5.5399
 2412 5.4704
 2413 5.6256
 2414 5.7079
 2415 5.7077
 2416 5.6333
 2417 5.6571
 2418 5.7361
 2419 5.7650
 2420 5.7597
 2421 5.7611
 2422 5.7456
 2423 5.5415
 2424 5.7332
 2425 5.8437
 2426 5.5016
 2427 5.3600
 2428 5.8190
 2429 5.9890
 2430 5.8039
 2431 5.0785
 2432 5.7277
 2433 6.2940
 2434 5.2512
 2435 5.9631
 2436 5.2186
 2437 5.6111
 2438 5.4887
 2439 5.7434
 2440 5.4502
 2441 5.4104
 2442 5.8606
 2443 6.3798
 2444 5.9511
 2445 5.7721
 2446 5.5350
 2447 5.8088
 2448 5.6522
 2449 5.3408
 2450 5.7089
 2451 5.2512
 2452 6.0004
 2453 6.0158
 2454 6.8057
 2455 6.4451
 2456 4.4324
 2457 4.6726
 2458 5.5774
 2459 5.9112
 2460 6.4451
 2461 6.0904
 2462 5.5064
 2463 5.7493
 2464 4.3682
 2465 5.8530
 2466 5.7024
 2467 6.6042
 2468 7.2391
 2469 5.9091
 2470 4.5079
 2471 4.1458
 2472 5.7218
 2473 7.7298
 2474 6.8656
 2475 5.6279
 2476 5.0017
 2477 5.7175
 2478 4.1604
 2479 5.1599
 2480 5.1591
 2481 6.7425
 2482 7.1317
 2483 5.5399
 2484 5.2397
 2485 6.1012
 2486 6.5352
 2487 6.1666
 2488 5.8973
 2489 6.1687
 2490 5.2793
 2491 5.1929
 2492 5.4212
 2493 4.7542
 2494 5.7218
 2495 6.2993
 2496 6.4019
 2497 6.6453
 2498 5.5774
 2499 6.0278
 2500 5.7542
 2501 5.3693
 2502 4.8802
 2503 5.8508
 2504 6.8375
 2505 6.9633
 2506 5.4962
 2507 4.6893
 2508 5.5880
 2509 6.2912
 2510 6.2977
 2511 5.4335
 2512 5.3062
 2513 5.7175
 2514 5.9803
 2515 5.9664
 2516 6.3609
 2517 5.9911
 2518 5.7953
 2519 5.1534
 2520 5.2602
 2521 6.3042
 2522 6.3452
 2523 6.1537
 2524 5.7323
 2525 5.6738
 2526 5.5615
 2527 5.2728
 2528 5.6645
 2529 6.2044
 2530 6.9072
 2531 6.2746
 2532 5.3650
 2533 5.2660
 2534 5.1513
 2535 5.9301
 2536 5.7931
 2537 5.7707
 2538 6.6259
 2539 6.2487
 2540 5.3752
 2541 5.5994
 2542 5.6409
 2543 6.0047
 2544 6.3048
 2545 6.1605
 2546 6.2198
 2547 5.8520
 2548 5.5112
 2549 4.9786
 2550 5.2263
 2551 5.4872
 2552 6.1617
 2553 6.4316
 2554 6.0602
 2555 6.3176
 2556 6.0127
 2557 5.5291
 2558 5.4579
 2559 6.1552
 2560 6.2255
 2561 5.9825
 2562 5.6959
 2563 5.5415
 2564 5.5410
 2565 5.4233
 2566 5.3774
 2567 5.6802
 2568 6.3105
 2569 6.3906
 2570 5.9826
 2571 6.1352
 2572 6.2437
 2573 5.9114
 2574 5.8178
 2575 5.5589
 2576 5.5754
 2577 5.4214
 2578 5.6111
 2579 5.9782
 2580 5.8832
 2581 5.8622
 2582 5.5801
 2583 5.6586
 2584 6.4559
 2585 6.5639
 2586 6.2454
 2587 5.6586
 2588 5.2938
 2589 5.6673
 2590 5.9350
 2591 5.7310
 2592 5.7768
 2593 5.4773
 2594 5.5831
 2595 5.6958
 2596 5.7919
 2597 6.3933
 2598 6.3301
 2599 6.1482
 2600 5.8940
 2601 5.6349
 2602 5.6111
 2603 5.5205
 2604 5.5289
 2605 5.9134
 2606 6.0127
 2607 5.9501
 2608 5.5960
 2609 5.4076
 2610 5.8233
 2611 6.2956
 2612 6.2280
 2613 5.9626
 2614 5.6565
 2615 5.5248
 2616 5.6111
 2617 5.6805
 2618 5.8783
 2619 6.0062
 2620 6.1811
 2621 5.9739
 2622 5.4866
 2623 5.4465
 2624 5.7472
 2625 6.0818
 2626 5.9280
 2627 5.6667
 2628 5.6026
 2629 5.8767
 2630 6.0572
 2631 6.0569
 2632 5.8579
 2633 5.4529
 2634 5.4687
 2635 5.8398
 2636 6.3085
 2637 6.0272
 2638 5.6198
 2639 5.6267
 2640 5.7623
 2641 5.8838
 2642 5.8626
 2643 5.7774
 2644 5.7912
 2645 5.9917
 2646 5.7660
 2647 5.7515
 2648 5.7758
 2649 5.8098
 2650 5.9220
 2651 5.8912
 2652 5.9803
 2653 5.8494
 2654 5.6953
 2655 5.5307
 2656 5.8033
 2657 6.0630
 2658 5.8323
 2659 5.8832
 2660 5.8422
 2661 5.8705
 2662 5.8918
 2663 5.7271
 2664 5.5485
 2665 5.8891
 2666 6.0783
 2667 6.0661
 2668 5.9112
 2669 5.6278
 2670 5.6882
 2671 5.8600
 2672 6.0698
 2673 5.9091
 2674 5.6861
 2675 5.5423
 2676 6.0300
 2677 6.0747
 2678 6.1250
 2679 5.7764
 2680 5.8465
 2681 5.9474
 2682 6.0186
 2683 5.7937
 2684 5.6044
 2685 5.6145
 2686 6.0088
 2687 6.2676
 2688 6.1219
 2689 5.7444
 2690 5.5334
 2691 5.7833
 2692 6.0873
 2693 6.3172
 2694 5.7487
 2695 5.5507
 2696 5.7271
 2697 6.1871
 2698 6.2777
 2699 5.9550
 2700 5.6257
 2701 5.7707
 2702 5.9101
 2703 5.8573
 2704 5.9193
 2705 5.9199
 2706 5.8711
 2707 5.9036
 2708 5.9609
 2709 6.1148
 2710 6.0548
 2711 5.9523
 2712 5.8761
 2713 5.7472
 2714 5.7228
 2715 5.7758
 2716 5.8838
 2717 6.0180
 2718 6.1762
 2719 6.1487
 2720 5.9495
 2721 5.6802
 2722 5.7854
 2723 5.8436
 2724 5.9442
 2725 5.8900
 2726 6.0710
 2727 6.0537
 2728 5.9768
 2729 5.8702
 2730 5.9690
 2731 5.8983
 2732 5.8711
 2733 5.9095
 2734 5.9609
 2735 5.9128
 2736 5.9646
 2737 6.0701
 2738 6.0057
 2739 5.8810
 2740 5.7660
 2741 5.8756
 2742 5.9523
 2743 6.1444
 2744 6.1972
 2745 5.9971
 2746 5.7847
 2747 5.9165
 2748 6.0797
 2749 6.0408
 2750 5.9351
 2751 5.8027
 2752 5.8912
 2753 6.1336
 2754 6.1693
 2755 6.0587
 2756 6.0477
 2757 5.8681
 2758 5.8135
 2759 5.9006
 2760 6.1984
 2761 6.0661
 2762 6.0618
 2763 5.9396
 2764 5.9576
 2765 5.9480
 2766 6.2043
 2767 6.0942
 2768 5.9639
 2769 5.9868
 2770 6.0294
 2771 6.0272
 2772 6.0931
 2773 6.1768
 2774 6.0849
 2775 5.7385
 2776 5.7617
 2777 6.0810
 2778 6.2064
 2779 6.3372
 2780 6.1605
 2781 6.0272
 2782 5.9609
 2783 5.9381
 2784 6.0991
 2785 6.1117
 2786 6.0164
 2787 5.9495
 2788 5.9010
 2789 6.1778
 2790 6.2032
 2791 6.0948
 2792 5.9603
 2793 6.0488
 2794 6.1718
 2795 6.3403
 2796 6.1244
 2797 5.7509
 2798 5.8524
 2799 6.1904
 2800 6.3576
 2801 6.1444
 2802 5.9970
 2803 6.0675
 2804 6.0288
 2805 6.1250
 2806 6.1136
 2807 6.1266
 2808 6.1200
 2809 6.1136
 2810 6.1028
 2811 6.1935
 2812 6.1756
 2813 6.0877
 2814 6.0547
 2815 6.1444
 2816 6.2153
 2817 6.0532
 2818 6.0094
 2819 6.1941
 2820 6.3533
 2821 6.2230
 2822 6.0532
 2823 5.9733
 2824 6.0920
 2825 6.2134
 2826 6.3187
 2827 6.2178
 2828 6.0310
 2829 6.1028
 2830 6.3094
 2831 6.3150
 2832 6.1336
 2833 6.0606
 2834 6.0662
 2835 6.1438
 2836 6.2891
 2837 6.3262
 2838 6.2755
 2839 6.1679
 2840 6.1935
 2841 6.1735
 2842 6.0791
 2843 6.0336
 2844 6.1503
 2845 6.3332
 2846 6.4871
 2847 6.4034
 2848 6.1185
 2849 6.0871
 2850 6.1525
 2851 6.1725
 2852 6.0752
 2853 6.1741
 2854 6.3166
 2855 6.4979
 2856 6.4412
 2857 6.1552
 2858 6.0229
 2859 6.0288
 2860 6.1034
 2861 6.2844
 2862 6.4246
 2863 6.2437
 2864 6.2312
 2865 6.3209
 2866 6.3856
 2867 6.1336
 2868 5.9986
 2869 6.0963
 2870 6.3625
 2871 6.4920
 2872 6.4224
 2873 6.2108
 2874 6.0343
 2875 6.0516
 2876 6.2086
 2877 6.3906
 2878 6.4464
 2879 6.2561
 2880 6.1784
 2881 6.1805
 2882 6.1309
 2883 6.3452
 2884 6.3274
 2885 6.1768
 2886 6.2382
 2887 6.3612
 2888 6.3036
 2889 6.4649
 2890 6.2610
 2891 6.1368
 2892 6.0445
 2893 6.1719
 2894 6.3489
 2895 6.4045
 2896 6.3919
 2897 6.1546
 2898 6.2410
 2899 6.3289
 2900 6.4612
 2901 6.2940
 2902 6.1978
 2903 6.1589
 2904 6.1784
 2905 6.2550
 2906 6.3122
 2907 6.4689
 2908 6.4557
 2909 6.2397
 2910 6.1546
 2911 6.2971
 2912 6.3976
 2913 6.2414
 2914 6.1942
 2915 6.2308
 2916 6.2879
 2917 6.4310
 2918 6.3932
 2919 6.3381
 2920 6.2734
 2921 6.1540
 2922 6.2848
 2923 6.2595
 2924 6.3970
 2925 6.3737
 2926 6.3187
 2927 6.3094
 2928 6.1929
 2929 6.3474
 2930 6.2512
 2931 6.2944
 2932 6.3593
 2933 6.4202
 2934 6.3554
 2935 6.2237
 2936 6.2992
 2937 6.3613
 2938 6.3813
 2939 6.1957
 2940 6.2288
 2941 6.4023
 2942 6.4655
 2943 6.3921
 2944 6.3101
 2945 6.2358
 2946 6.3079
 2947 6.4159
 2948 6.3980
 2949 6.3113
 2950 6.2426
 2951 6.2302
 2952 6.3727
 2953 6.4834
 2954 6.4560
 2955 6.3419
 2956 6.3662
 2957 6.3489
 2958 6.4245
 2959 6.3915
 2960 6.3749
 2961 6.2879
 2962 6.3113
 2963 6.3872
 2964 6.4180
 2965 6.3641
 2966 6.3862
 2967 6.3734
 2968 6.4569
 2969 6.4844
 2970 6.4785
 2971 6.5007
 2972 6.4094
 2973 6.3511
 2974 6.2567
 2975 6.2441
 2976 6.4546
 2977 6.5670
 2978 6.6269
 2979 6.4650
 2980 6.3170
 2981 6.2475
 2982 6.3835
 2983 6.6096
 2984 6.7441
 2985 6.6216
 2986 6.3921
 2987 6.2231
 2988 6.2922
 2989 6.5013
 2990 6.5621
 2991 6.5670
 2992 6.4326
 2993 6.5147
 2994 6.5087
 2995 6.5319
 2996 6.4693
 2997 6.4418
 2998 6.5268
 2999 6.5491
 3000 6.6420
 3001 6.6198
 3002 6.5032
 3003 6.3743
 3004 6.3959
 3005 6.5778
 3006 6.6334
 3007 6.6836
 3008 6.6161
 3009 6.4979
 3010 6.4347
 3011 6.4303
 3012 6.5513
 3013 6.6204
 3014 6.7484
 3015 6.6981
 3016 6.6107
 3017 6.4455
 3018 6.4812
 3019 6.5399
 3020 6.6178
 3021 6.6599
 3022 6.6420
 3023 6.6593
 3024 6.6523
 3025 6.6010
 3026 6.5713
 3027 6.6010
 3028 6.5923
 3029 6.6318
 3030 6.6722
 3031 6.7154
 3032 6.7154
 3033 6.6164
 3034 6.5707
 3035 6.5751
 3036 6.6204
 3037 6.7139
 3038 6.8231
 3039 6.7974
 3040 6.7311
 3041 6.5751
 3042 6.5084
 3043 6.5643
 3044 6.7354
 3045 6.8644
 3046 6.8449
 3047 6.7297
 3048 6.5966
 3049 6.5707
 3050 6.6080
 3051 6.7463
 3052 6.8039
 3053 6.8341
 3054 6.8061
 3055 6.7297
 3056 6.6744
 3057 6.7003
 3058 6.7219
 3059 6.7613
 3060 6.7252
 3061 6.7154
 3062 6.7111
 3063 6.7015
 3064 6.7400
 3065 6.7715
 3066 6.8298
 3067 6.8449
 3068 6.8039
 3069 6.7585
 3070 6.7386
 3071 6.7305
 3072 6.6728
 3073 6.7176
 3074 6.8255
 3075 6.8924
 3076 6.8536
 3077 6.7651
 3078 6.6682
 3079 6.6971
 3080 6.7963
 3081 6.8341
 3082 6.8615
 3083 6.8277
 3084 6.7802
 3085 6.7974
 3086 6.7291
 3087 6.7845
 3088 6.8326
 3089 6.8709
 3090 6.7953
 3091 6.7763
 3092 6.7725
 3093 6.7737
 3094 6.7499
 3095 6.8174
 3096 6.8838
 3097 6.8687
 3098 6.8385
 3099 6.8418
 3100 6.7957
 3101 6.8104
 3102 6.8385
 3103 6.7268
 3104 6.8769
 3105 6.8400
 3106 6.8817
 3107 6.7808
 3108 6.7823
 3109 6.7982
 3110 6.9195
 3111 6.8271
 3112 6.7780
 3113 6.9172
 3114 6.9653
 3115 6.9335
 3116 6.8709
 3117 6.7962
 3118 6.7629
 3119 6.7629
 3120 6.8499
 3121 6.9507
 3122 6.9843
 3123 6.9242
 3124 6.8153
 3125 6.6614
 3126 6.8135
 3127 7.0204
 3128 7.0781
 3129 6.9745
 3130 6.8234
 3131 6.8168
 3132 6.8039
 3133 6.8391
 3134 6.9011
 3135 6.9824
 3136 7.0047
 3137 6.9011
 3138 6.9140
 3139 6.9162
 3140 7.0208
 3141 6.8579
 3142 6.8332
 3143 6.8502
 3144 6.8423
 3145 7.0775
 3146 7.0507
 3147 7.0328
 3148 6.8774
 3149 6.8314
 3150 6.8730
 3151 6.9804
 3152 7.1084
 3153 7.0342
 3154 6.9141
 3155 6.8817
 3156 6.8832
 3157 6.9657
 3158 6.9982
 3159 7.1148
 3160 6.9702
 3161 7.0041
 3162 7.0035
 3163 7.0868
 3164 6.8736
 3165 6.9113
 3166 6.9747
 3167 7.0084
 3168 7.1040
 3169 7.0112
 3170 6.9459
 3171 6.9119
 3172 6.9853
 3173 7.0754
 3174 7.0932
 3175 7.0502
 3176 7.0063
 3177 7.0257
 3178 7.0263
 3179 7.0074
 3180 6.9562
 3181 6.9733
 3182 7.0646
 3183 7.0868
 3184 7.1436
 3185 6.9119
 3186 6.8903
 3187 6.9696
 3188 7.0956
 3189 7.1235
 3190 7.1256
 3191 7.0673
 3192 6.9977
 3193 7.0189
 3194 7.0069
 3195 7.0285
 3196 7.0603
 3197 7.0438
 3198 7.0516
 3199 7.0858
 3200 7.0338
 3201 7.0477
 3202 7.0408
 3203 7.0242
 3204 6.9714
 3205 7.0748
 3206 7.1181
 3207 7.0997
 3208 7.0630
 3209 7.0134
 3210 7.0419
 3211 6.9819
 3212 6.9903
 3213 7.0976
 3214 7.0948
 3215 7.0490
 3216 7.0134
 3217 7.0210
 3218 7.0424
 3219 7.0855
 3220 7.1364
 3221 7.0198
 3222 7.0479
 3223 6.9912
 3224 6.9665
 3225 7.0306
 3226 7.0177
 3227 7.0393
 3228 7.0605
 3229 7.0516
 3230 6.9939
 3231 6.9831
 3232 7.0170
 3233 7.0149
 3234 7.0214
 3235 7.0717
 3236 6.9890
 3237 6.9145
 3238 6.9776
 3239 7.0501
 3240 7.0667
 3241 7.0208
 3242 6.9507
 3243 6.9869
 3244 7.0112
 3245 6.9804
 3246 6.9671
 3247 6.8681
 3248 6.9076
 3249 6.9918
 3250 7.0860
 3251 7.0214
 3252 6.9119
 3253 6.8724
 3254 6.9297
 3255 6.9569
 3256 6.9378
 3257 6.9372
 3258 6.9350
 3259 6.9152
 3260 6.9529
 3261 6.8866
 3262 6.8805
 3263 6.8609
 3264 6.8190
 3265 6.9545
 3266 6.9831
 3267 6.8530
 3268 6.8231
 3269 6.8406
 3270 6.7947
 3271 6.9032
 3272 6.9549
 3273 6.8579
 3274 6.7796
 3275 6.8817
 3276 6.8255
 3277 6.8859
 3278 6.8212
 3279 6.7407
 3280 6.7586
 3281 6.7669
 3282 6.7262
 3283 6.7817
 3284 6.7904
 3285 6.8795
 3286 6.8519
 3287 6.7456
 3288 6.6651
 3289 6.6636
 3290 6.8385
 3291 6.8347
 3292 6.8157
 3293 6.6485
 3294 6.6696
 3295 6.6867
 3296 6.7068
 3297 6.7407
 3298 6.7780
 3299 6.6613
 3300 6.7435
 3301 6.7494
 3302 6.7456
 3303 6.6920
 3304 6.6290
 3305 6.5729
 3306 6.6392
 3307 6.7694
 3308 6.6556
 3309 6.7607
 3310 6.6112
 3311 6.6803
 3312 6.6427
 3313 6.6328
 3314 6.6787
 3315 6.5464
 3316 6.6312
 3317 6.7112
 3318 6.7472
 3319 6.7132
 3320 6.4066
 3321 6.5673
 3322 6.6911
 3323 6.6549
 3324 6.6593
 3325 6.5999
 3326 6.6112
 3327 6.6312
 3328 6.4649
 3329 6.6997
 3330 6.6690
 3331 6.6053
 3332 6.4298
 3333 6.5729
 3334 6.6581
 3335 6.7170
 3336 6.5572
 3337 6.4779
 3338 6.5313
 3339 6.6274
 3340 6.6037
 3341 6.4514
 3342 6.6257
 3343 6.5097
 3344 6.6485
 3345 6.5140
 3346 6.5297
 3347 6.5421
 3348 6.6082
 3349 6.5680
 3350 6.5075
 3351 6.4973
 3352 6.5391
 3353 6.6112
 3354 6.5356
 3355 6.4282
 3356 6.4130
 3357 6.5615
 3358 6.5803
 3359 6.5486
 3360 6.4585
 3361 6.5366
 3362 6.5011
 3363 6.5362
 3364 6.5399
 3365 6.4853
 3366 6.3894
 3367 6.5097
 3368 6.5038
 3369 6.5205
 3370 6.4560
 3371 6.4671
 3372 6.4730
 3373 6.4384
 3374 6.5007
 3375 6.4406
 3376 6.5427
 3377 6.4233
 3378 6.5007
 3379 6.4104
 3380 6.4671
 3381 6.4687
 3382 6.4147
 3383 6.4195
 3384 6.4212
 3385 6.5103
 3386 6.4477
 3387 6.3888
 3388 6.4017
 3389 6.4406
 3390 6.5038
 3391 6.4486
 3392 6.4220
 3393 6.4104
 3394 6.4125
 3395 6.4563
 3396 6.3446
 3397 6.3478
 3398 6.4116
 3399 6.4740
 3400 6.4541
 3401 6.3945
 3402 6.4233
 3403 6.4304
 3404 6.3499
 3405 6.4080
 3406 6.3527
 3407 6.3882
 3408 6.3694
 3409 6.4585
 3410 6.3845
 3411 6.3721
 3412 6.3758
 3413 6.3943
 3414 6.3895
 3415 6.3829
 3416 6.4422
 3417 6.3937
 3418 6.3542
 3419 6.3548
 3420 6.3851
 3421 6.4098
 3422 6.3434
 3423 6.4061
 3424 6.3570
 3425 6.3564
 3426 6.5119
 3427 6.4162
 3428 6.3580
 3429 6.3132
 3430 6.3154
 3431 6.3829
 3432 6.3734
 3433 6.4514
 3434 6.4224
 3435 6.3703
 3436 6.3932
 3437 6.4147
 3438 6.4017
 3439 6.4045
 3440 6.4099
 3441 6.3694
 3442 6.4255
 3443 6.3909
 3444 6.3672
 3445 6.3472
 3446 6.3478
 3447 6.4622
 3448 6.4261
 3449 6.4694
 3450 6.4946
 3451 6.3986
 3452 6.4070
 3453 6.3413
 3454 6.3542
 3455 6.4622
 3456 6.5124
 3457 6.4320
 3458 6.4022
 3459 6.3872
 3460 6.4271
 3461 6.4687
 3462 6.4946
 3463 6.4483
 3464 6.4304
 3465 6.4039
 3466 6.5097
 3467 6.4694
 3468 6.4649
 3469 6.4082
 3470 6.4017
 3471 6.4828
 3472 6.4909
 3473 6.5399
 3474 6.4557
 3475 6.4563
 3476 6.4252
 3477 6.4773
 3478 6.4822
 3479 6.4644
 3480 6.4803
 3481 6.4973
 3482 6.4924
 3483 6.4967
 3484 6.5205
 3485 6.4661
 3486 6.4967
 3487 6.4665
 3488 6.4693
 3489 6.4790
 3490 6.4600
 3491 6.4838
 3492 6.4881
 3493 6.5270
 3494 6.5270
 3495 6.5081
 3496 6.4961
 3497 6.4995
 3498 6.4540
 3499 6.4995
 3500 6.4924
 3501 6.5097
 3502 6.4968
 3503 6.4486
 3504 6.4375
 3505 6.4481
 3506 6.5189
 3507 6.5481
 3508 6.5334
 3509 6.5075
 3510 6.4859
 3511 6.4393
 3512 6.4341
 3513 6.4557
 3514 6.4779
 3515 6.4844
 3516 6.4880
 3517 6.5075
 3518 6.4708
 3519 6.4838
 3520 6.5007
 3521 6.4082
 3522 6.4363
 3523 6.4471
 3524 6.4585
 3525 6.4470
 3526 6.4141
 3527 6.4255
 3528 6.4557
 3529 6.5078
 3530 6.5119
 3531 6.4859
 3532 6.4412
 3533 6.4022
 3534 6.3721
 3535 6.3796
 3536 6.4061
 3537 6.4233
 3538 6.4118
 3539 6.4110
 3540 6.4298
 3541 6.4665
 3542 6.4604
 3543 6.4378
 3544 6.3953
 3545 6.3737
 3546 6.3909
 3547 6.4201
 3548 6.3974
 3549 6.4190
 3550 6.4110
 3551 6.4016
 3552 6.3845
 3553 6.3866
 3554 6.4147
 3555 6.4384
 3556 6.3907
 3557 6.4045
 3558 6.4055
 3559 6.3888
 3560 6.3638
 3561 6.3715
 3562 6.3959
 3563 6.4104
 3564 6.4278
 3565 6.4104
 3566 6.4061
 3567 6.3931
 3568 6.3801
 3569 6.3446
 3570 6.3586
 3571 6.4304
 3572 6.4406
 3573 6.3926
 3574 6.4169
 3575 6.3672
 3576 6.3829
 3577 6.4298
 3578 6.4047
 3579 6.3909
 3580 6.4622
 3581 6.4233
 3582 6.4157
 3583 6.3780
 3584 6.3434
 3585 6.3699
 3586 6.4061
 3587 6.4604
 3588 6.4859
 3589 6.4412
 3590 6.3990
 3591 6.3849
 3592 6.3737
 3593 6.4536
 3594 6.4671
 3595 6.4444
 3596 6.4320
 3597 6.4066
 3598 6.4206
 3599 6.4585
