    0 1.1748
    1 1.1763
    2 1.1851
    3 1.1758
    4 1.1763
    5 1.1786
    6 1.1833
    7 1.1758
    8 1.1757
    9 1.1791
   10 1.1851
   11 1.1735
   12 1.1786
   13 1.1804
   14 1.1809
   15 1.1750
   16 1.1790
   17 1.1861
   18 1.1779
   19 1.1735
   20 1.1833
   21 1.1809
   22 1.1804
   23 1.1740
   24 1.1846
   25 1.1814
   26 1.1758
   27 1.1799
   28 1.1861
   29 1.1781
   30 1.1763
   31 1.1825
   32 1.1781
   33 1.1694
   34 1.1948
   35 1.1614
   36 0.9238
   37 0.6020
   38 0.6020
   39 1.6131
   40 3.2894
   41 2.0751
   42 0.7755
   43 -0.1222
   44 -2.5722
   45 -2.9723
   46 6.0899
   47 6.7696
   48 3.2380
   49 1.1152
   50 -2.9362
   51 -2.1368
   52 1.3327
   53 0.4276
   54 7.8216
   55 -1.1703
   56 -0.9708
   57 0.0912
   58 2.2425
   59 0.8503
   60 -4.2920
   61 -0.3022
   62 10.8456
   63 5.6258
   64 -4.5432
   65 -4.9243
   66 7.3690
   67 12.7925
   68 13.0036
   69 1.0948
   70 -20.7271
   71 -11.4280
   72 -3.2843
   73 -0.2165
   74 23.0392
   75 5.1166
   76 -10.7805
   77 -10.5839
   78 -6.5985
   79 -1.6977
   80 -6.0786
   81 21.0242
   82 14.1289
   83 2.0139
   84 9.2466
   85 -25.1679
   86 -3.9546
   87 6.5569
   88 -9.6802
   89 7.3500
   90 6.4946
   91 18.9435
   92 18.7333
   93 6.6695
   94 -7.0056
   95 -19.2639
   96 -7.3718
   97 17.1245
   98 3.2023
   99 5.7327
  100 -2.4458
  101 -1.4201
  102 8.2022
  103 2.8498
  104 3.3301
  105 3.9217
  106 -6.1526
  107 -7.8387
  108 5.5586
  109 -2.4537
  110 11.5823
  111 1.8996
  112 -3.0835
  113 -7.5242
  114 -1.8263
  115 4.4437
  116 7.7388
  117 17.2704
  118 -5.1533
  119 -27.4618
  120 4.9875
  121 13.0912
  122 2.0440
  123 15.1080
  124 -4.4465
  125 -10.8781
  126 -11.4280
  127 -5.8570
  128 19.7812
  129 16.4437
  130 1.1805
  131 -1.1605
  132 -7.9225
  133 -1.6618
  134 0.6719
  135 2.3582
  136 3.8119
  137 5.3190
  138 6.5839
  139 3.9068
  140 -5.7442
  141 -0.8269
  142 -4.5859
  143 -2.0748
  144 10.8248
  145 4.9130
  146 3.1858
  147 4.2724
  148 13.7029
  149 -1.0579
  150 -7.8873
  151 -6.4800
  152 1.4660
  153 3.3856
  154 -2.6995
  155 9.4961
  156 13.3767
  157 -3.5647
  158 -9.6774
  159 -6.6758
  160 3.9140
  161 12.4615
  162 2.3610
  163 2.5572
  164 1.3198
  165 -5.1086
  166 1.7497
  167 7.6912
  168 5.9873
  169 0.8221
  170 4.8695
  171 -7.7717
  172 -7.1870
  173 -6.4718
  174 7.6740
  175 23.7642
  176 15.5963
  177 -5.2736
  178 -16.2882
  179 -11.7678
  180 -0.7366
  181 14.0381
  182 10.0211
  183 6.3414
  184 -2.7591
  185 -2.7018
  186 5.8160
  187 7.4819
  188 -0.6044
  189 -6.7489
  190 -6.2854
  191 2.0065
  192 11.8102
  193 7.1903
  194 -1.0721
  195 -3.7382
  196 2.5809
  197 4.9667
  198 1.7178
  199 -4.8133
  200 -3.2847
  201 4.6242
  202 11.6399
  203 6.9774
  204 -2.7550
  205 -4.5542
  206 -1.0556
  207 5.4763
  208 6.4474
  209 2.6503
  210 -0.5890
  211 -0.5045
  212 -0.1911
  213 1.5650
  214 4.9731
  215 2.5996
  216 1.7664
  217 3.9670
  218 2.0880
  219 1.4072
  220 -0.3543
  221 -0.6626
  222 0.2221
  223 3.8443
  224 7.0894
  225 5.3329
  226 0.7205
  227 -4.9984
  228 -0.0500
  229 4.8417
  230 5.5517
  231 2.1713
  232 -2.9211
  233 0.2855
  234 8.1015
  235 5.2079
  236 0.5928
  237 -3.0242
  238 -3.2313
  239 1.8723
  240 7.7949
  241 5.9503
  242 3.6379
  243 0.1778
  244 0.0601
  245 2.5299
  246 0.6876
  247 0.3690
  248 -0.3473
  249 3.5180
  250 7.6259
  251 6.2349
  252 1.3424
  253 -3.5508
  254 -4.2415
  255 2.2286
  256 4.6496
  257 6.5841
  258 6.1701
  259 1.1624
  260 0.2184
  261 -0.5302
  262 -0.7751
  263 1.8816
  264 2.0949
  265 3.4666
  266 4.3712
  267 3.9994
  268 2.1481
  269 2.4652
  270 0.6822
  271 0.8760
  272 0.6830
  273 0.5030
  274 1.2804
  275 4.0765
  276 4.3830
  277 2.4823
  278 2.9149
  279 2.4078
  280 0.8904
  281 -0.5654
  282 0.3521
  283 1.4851
  284 3.6477
  285 6.1285
  286 7.6514
  287 1.7497
  288 -1.9887
  289 -3.3722
  290 -0.8862
  291 4.0114
  292 5.9387
  293 6.0431
  294 3.1020
  295 -0.0361
  296 0.2383
  297 0.0963
  298 0.3454
  299 2.4407
  300 4.1395
  301 4.4488
  302 3.6055
  303 1.7938
  304 2.8506
  305 2.3291
  306 1.8080
  307 0.4872
  308 -0.3207
  309 2.0139
  310 1.8335
  311 1.9306
  312 4.3604
  313 6.2156
  314 4.9999
  315 0.2508
  316 -3.2056
  317 -1.4705
  318 3.0015
  319 5.8623
  320 6.7700
  321 4.2061
  322 0.7066
  323 -1.4173
  324 1.5938
  325 2.6012
  326 1.9312
  327 1.9769
  328 1.4517
  329 2.4420
  330 4.8232
  331 4.6774
  332 2.4693
  333 0.7914
  334 0.5043
  335 0.6272
  336 2.0533
  337 3.7032
  338 4.4002
  339 3.4671
  340 1.8288
  341 0.4619
  342 0.8709
  343 2.9650
  344 4.1140
  345 3.6286
  346 1.2295
  347 1.0172
  348 2.4425
  349 3.9757
  350 3.7865
  351 1.9214
  352 0.2966
  353 1.3706
  354 4.0942
  355 4.5149
  356 2.8942
  357 0.9144
  358 0.0739
  359 1.1652
  360 3.3237
  361 5.8235
  362 5.6378
  363 2.4199
  364 -0.1559
  365 -0.8288
  366 1.2208
  367 3.2932
  368 4.9921
  369 4.4969
  370 3.5453
  371 3.6486
  372 2.6922
  373 0.3850
  374 -0.9777
  375 0.2166
  376 2.3677
  377 5.4105
  378 5.2426
  379 4.0804
  380 3.3954
  381 1.3964
  382 1.4609
  383 1.3115
  384 2.4785
  385 3.8729
  386 4.7543
  387 3.9073
  388 1.0185
  389 -0.3960
  390 3.0110
  391 5.6887
  392 2.7919
  393 2.8655
  394 1.9168
  395 -1.1143
  396 2.5304
  397 5.1055
  398 4.3447
  399 5.2449
  400 3.1825
  401 0.3184
  402 1.9862
  403 3.0557
  404 3.1015
  405 3.2427
  406 2.8646
  407 1.6455
  408 0.6503
  409 4.4969
  410 6.4409
  411 4.2498
  412 0.5832
  413 0.1490
  414 2.8886
  415 3.0377
  416 5.0639
  417 4.9862
  418 0.7714
  419 0.6470
  420 3.7245
  421 5.3115
  422 3.5396
  423 0.6803
  424 1.7080
  425 2.5096
  426 5.0731
  427 4.6919
  428 0.9403
  429 1.6280
  430 4.3238
  431 4.1999
  432 3.0562
  433 2.1731
  434 1.2328
  435 1.4740
  436 4.5713
  437 5.6082
  438 3.5699
  439 1.7473
  440 1.6396
  441 3.0303
  442 4.3830
  443 3.9397
  444 2.2898
  445 1.7507
  446 3.9207
  447 3.9559
  448 3.2408
  449 3.5519
  450 2.6814
  451 2.1592
  452 2.0237
  453 2.3870
  454 4.2210
  455 5.0477
  456 4.6090
  457 2.4333
  458 1.2157
  459 1.4848
  460 3.0331
  461 3.6175
  462 5.2421
  463 4.9044
  464 3.7273
  465 2.2124
  466 1.4961
  467 2.7109
  468 3.0131
  469 2.6346
  470 2.7243
  471 3.6481
  472 4.5900
  473 4.0029
  474 4.0184
  475 2.0825
  476 1.0990
  477 2.7718
  478 3.6217
  479 5.4527
  480 6.4576
  481 2.3607
  482 1.0931
  483 0.7775
  484 2.6428
  485 3.9837
  486 4.7743
  487 3.9025
  488 2.8220
  489 3.3519
  490 3.5597
  491 3.5463
  492 2.6346
  493 2.7693
  494 3.0043
  495 4.0184
  496 3.5669
  497 2.8590
  498 3.0881
  499 3.5250
  500 3.3226
  501 2.8400
  502 2.7276
  503 2.8169
  504 4.1942
  505 5.2521
  506 4.5409
  507 2.5837
  508 1.2694
  509 1.2709
  510 3.1017
  511 4.6237
  512 5.0338
  513 4.3243
  514 2.9472
  515 1.8039
  516 1.9173
  517 3.1650
  518 4.8487
  519 4.7831
  520 4.0346
  521 3.2848
  522 2.7202
  523 2.3970
  524 3.2223
  525 2.0283
  526 2.9881
  527 3.3293
  528 5.4100
  529 4.5524
  530 2.7623
  531 2.1589
  532 2.5420
  533 3.5000
  534 4.1711
  535 3.9698
  536 3.6458
  537 3.6080
  538 3.7499
  539 3.4329
  540 2.3551
  541 2.0407
  542 2.7827
  543 3.9656
  544 4.3743
  545 4.5743
  546 4.1449
  547 3.3675
  548 2.4685
  549 1.7946
  550 2.5772
  551 3.5237
  552 5.2398
  553 5.4930
  554 4.0628
  555 2.2993
  556 1.6540
  557 2.5536
  558 3.9652
  559 3.9050
  560 3.3185
  561 3.8703
  562 4.4252
  563 4.7049
  564 3.5145
  565 2.0029
  566 1.7535
  567 2.4425
  568 4.2845
  569 5.2742
  570 4.7224
  571 3.6157
  572 3.1784
  573 2.9752
  574 2.6495
  575 2.6392
  576 3.3241
  577 4.5072
  578 4.9595
  579 4.6946
  580 4.1040
  581 2.5032
  582 1.2971
  583 1.9687
  584 3.6250
  585 5.1639
  586 5.7522
  587 5.1986
  588 3.8227
  589 2.4906
  590 2.1787
  591 2.2690
  592 3.0984
  593 4.1318
  594 4.9232
  595 5.2704
  596 4.7085
  597 3.8553
  598 2.4101
  599 2.2510
  600 2.9678
  601 3.9371
  602 4.3647
  603 4.4020
  604 4.0600
  605 4.1577
  606 4.3460
  607 4.1507
  608 3.4727
  609 3.1215
  610 3.1241
  611 3.6232
  612 4.2377
  613 4.7645
  614 4.7640
  615 3.9577
  616 3.3635
  617 2.9562
  618 3.5265
  619 4.1614
  620 4.7701
  621 4.6677
  622 3.8962
  623 3.3565
  624 3.3349
  625 3.8818
  626 4.3336
  627 4.3984
  628 4.3683
  629 4.6633
  630 4.4202
  631 3.6888
  632 3.4982
  633 3.4887
  634 3.8106
  635 3.8546
  636 4.3863
  637 4.7419
  638 4.1809
  639 3.9564
  640 3.8754
  641 4.0762
  642 4.2091
  643 4.2817
  644 4.0628
  645 4.3248
  646 4.7617
  647 4.2189
  648 3.7227
  649 3.4668
  650 3.7443
  651 4.1647
  652 4.3367
  653 4.0675
  654 4.0531
  655 4.4257
  656 4.6467
  657 4.9611
  658 4.4822
  659 3.6551
  660 3.1099
  661 3.4830
  662 3.8648
  663 4.4085
  664 5.2894
  665 5.2248
  666 4.2781
  667 3.9008
  668 3.3293
  669 3.5283
  670 4.0749
  671 4.6039
  672 4.7692
  673 4.7895
  674 3.9032
  675 3.8060
  676 4.4229
  677 4.6396
  678 4.4400
  679 3.8060
  680 3.5764
  681 4.3220
  682 4.5187
  683 4.9255
  684 4.5259
  685 4.1762
  686 4.2382
  687 4.4562
  688 4.3680
  689 3.9615
  690 3.4833
  691 3.8939
  692 4.9538
  693 5.3225
  694 4.7612
  695 4.0688
  696 3.7093
  697 3.8638
  698 4.5254
  699 4.6197
  700 4.4946
  701 4.8376
  702 4.8036
  703 4.6895
  704 3.9425
  705 3.6255
  706 3.9541
  707 4.2235
  708 4.9700
  709 5.1690
  710 4.9746
  711 4.5748
  712 4.4382
  713 4.2605
  714 4.1151
  715 4.3591
  716 4.5542
  717 4.8293
  718 4.9140
  719 4.4521
  720 4.0698
  721 4.4375
  722 5.2565
  723 5.1186
  724 4.6964
  725 4.0117
  726 4.0443
  727 4.6673
  728 5.0088
  729 5.0746
  730 4.7373
  731 4.6771
  732 4.8468
  733 4.9440
  734 4.6786
  735 4.5691
  736 4.3452
  737 4.7201
  738 5.4477
  739 5.4589
  740 4.7224
  741 4.1994
  742 4.1989
  743 4.6786
  744 5.2426
  745 5.5259
  746 5.2477
  747 5.0713
  748 4.8751
  749 4.7473
  750 5.0834
  751 5.1940
  752 5.1163
  753 4.6283
  754 4.7455
  755 4.9612
  756 5.3842
  757 5.6517
  758 5.6730
  759 5.3676
  760 4.8988
  761 4.5581
  762 4.5794
  763 5.2061
  764 5.5902
  765 5.9536
  766 5.9145
  767 5.2732
  768 5.2037
  769 5.0931
  770 5.4328
  771 5.4454
  772 5.3778
  773 5.2917
  774 5.2518
  775 5.7268
  776 5.7396
  777 5.6301
  778 5.6434
  779 5.7476
  780 5.5216
  781 5.6319
  782 5.5740
  783 5.5768
  784 5.6342
  785 6.0220
  786 6.2887
  787 6.0188
  788 5.5601
  789 5.3508
  790 5.5879
  791 6.2336
  792 6.4262
  793 6.2290
  794 5.8713
  795 5.5153
  796 5.7878
  797 5.9425
  798 6.2637
  799 6.4396
  800 6.1081
  801 6.0346
  802 6.0832
  803 6.3100
  804 6.5651
  805 6.2753
  806 6.0901
  807 5.9027
  808 6.1001
  809 6.2262
  810 6.5465
  811 6.6525
  812 6.6201
  813 6.2544
  814 6.1642
  815 6.0189
  816 6.2341
  817 6.5008
  818 6.7752
  819 6.7983
  820 6.5525
  821 6.2956
  822 6.6679
  823 6.4965
  824 6.4257
  825 6.3082
  826 6.1572
  827 6.3498
  828 6.8117
  829 6.8451
  830 6.7248
  831 6.9246
  832 6.2605
  833 5.8466
  834 6.2215
  835 6.8423
  836 6.6090
  837 6.8400
  838 6.5090
  839 6.3406
  840 6.1685
  841 6.3535
  842 6.8441
  843 6.7026
  844 6.4242
  845 6.1549
  846 6.3743
  847 6.4678
  848 6.3151
  849 6.3984
  850 6.1850
  851 6.2591
  852 6.2405
  853 6.3938
  854 6.4782
  855 6.1508
  856 6.1757
  857 5.7615
  858 5.8409
  859 5.8726
  860 6.2410
  861 6.5155
  862 6.4308
  863 6.1906
  864 5.7731
  865 5.5648
  866 5.4033
  867 5.4624
  868 5.8448
  869 6.1948
  870 6.3211
  871 6.0554
  872 5.2654
  873 5.2431
  874 5.2153
  875 5.7134
  876 5.6784
  877 5.4315
  878 5.4920
  879 5.3079
  880 5.4038
  881 5.4542
  882 5.2241
  883 5.1510
  884 4.9677
  885 4.9867
  886 4.9785
  887 4.9983
  888 5.1348
  889 5.2796
  890 5.2304
  891 5.0996
  892 4.7849
  893 4.5465
  894 4.5285
  895 4.3228
  896 4.3521
  897 4.5164
  898 4.7354
  899 5.2079
  900 4.3850
  901 4.3318
  902 4.3711
  903 4.0027
  904 4.6267
  905 4.0101
  906 3.8569
  907 4.2924
  908 4.3582
  909 3.4779
  910 4.7483
  911 4.2462
  912 3.4936
  913 3.5206
  914 3.7481
  915 3.8782
  916 3.4103
  917 3.8453
  918 4.2240
  919 3.5861
  920 2.1219
  921 3.7417
  922 3.4835
  923 3.6676
  924 3.1673
  925 3.2367
  926 3.3094
  927 3.5103
  928 3.0997
  929 2.9994
  930 3.2390
  931 2.7813
  932 2.4690
  933 2.8577
  934 3.3038
  935 2.7361
  936 2.3368
  937 3.0608
  938 2.5870
  939 2.9382
  940 2.3602
  941 2.4386
  942 2.4014
  943 2.6703
  944 2.4106
  945 2.7230
  946 3.0123
  947 1.9645
  948 1.8252
  949 1.5041
  950 2.9899
  951 2.4523
  952 2.4232
  953 2.3301
  954 1.9892
  955 1.4517
  956 1.8303
  957 1.8715
  958 2.8161
  959 2.3502
  960 2.4453
  961 1.2732
  962 1.2385
  963 1.8743
  964 2.5857
  965 2.7438
  966 1.8326
  967 1.2680
  968 1.8709
  969 1.8025
  970 2.2116
  971 2.3019
  972 1.3842
  973 1.3634
  974 1.4429
  975 2.1658
  976 2.6818
  977 2.2103
  978 1.6151
  979 1.1958
  980 1.1634
  981 1.5994
  982 1.9799
  983 2.4754
  984 2.9132
  985 1.9391
  986 1.2565
  987 1.1465
  988 1.1019
  989 1.7887
  990 2.3481
  991 2.3152
  992 1.7378
  993 1.2575
  994 1.5517
  995 2.0571
  996 2.1265
  997 1.8229
  998 1.4457
  999 1.7100
 1000 1.5850
 1001 1.4532
 1002 1.6267
 1003 1.7457
 1004 1.8946
 1005 1.9681
 1006 1.9414
 1007 1.5748
 1008 1.5406
 1009 1.8812
 1010 1.2976
 1011 1.0297
 1012 1.0158
 1013 1.6683
 1014 2.1239
 1015 2.0376
 1016 1.6138
 1017 1.0339
 1018 0.8012
 1019 1.2585
 1020 1.3180
 1021 1.4226
 1022 1.5971
 1023 1.4884
 1024 1.2889
 1025 1.0714
 1026 1.0858
 1027 0.9093
 1028 0.8194
 1029 1.0510
 1030 1.0742
 1031 1.1444
 1032 1.1181
 1033 0.8668
 1034 0.6212
 1035 0.4184
 1036 0.5827
 1037 0.8533
 1038 0.9094
 1039 0.7068
 1040 0.4115
 1041 0.4994
 1042 0.5834
 1043 0.3777
 1044 0.2546
 1045 0.3675
 1046 0.3145
 1047 0.1227
 1048 0.2440
 1049 0.4341
 1050 0.3541
 1051 0.2297
 1052 -0.0832
 1053 -0.3493
 1054 -0.3071
 1055 -0.2151
 1056 -0.2022
 1057 0.1436
 1058 0.3564
 1059 0.2222
 1060 -0.1277
 1061 -0.3289
 1062 -0.3816
 1063 -0.5935
 1064 -0.6899
 1065 -0.3786
 1066 0.1551
 1067 0.1631
 1068 -0.2369
 1069 -0.6300
 1070 -0.8254
 1071 -0.7277
 1072 -0.4451
 1073 -0.3423
 1074 -0.2248
 1075 -0.2169
 1076 -0.1457
 1077 -0.2585
 1078 -0.4742
 1079 -0.7307
 1080 -0.8074
 1081 -0.5454
 1082 -0.2012
 1083 -0.0125
 1084 -0.2590
 1085 -0.4696
 1086 -0.5320
 1087 -0.5529
 1088 -0.5410
 1089 -0.3678
 1090 -0.3256
 1091 -0.1109
 1092 -0.0027
 1093 0.1024
 1094 -0.3146
 1095 -0.4742
 1096 -0.5228
 1097 -0.4140
 1098 -0.1202
 1099 0.1788
 1100 0.2042
 1101 0.1598
 1102 0.0707
 1103 -0.1086
 1104 -0.0994
 1105 -0.2040
 1106 -0.1199
 1107 0.1566
 1108 0.4392
 1109 0.4716
 1110 0.3477
 1111 0.2631
 1112 0.2939
 1113 0.1255
 1114 0.1436
 1115 0.2518
 1116 0.6582
 1117 0.7174
 1118 0.6919
 1119 0.8243
 1120 0.6451
 1121 0.4124
 1122 0.5351
 1123 0.6063
 1124 0.4374
 1125 0.6235
 1126 1.1403
 1127 1.1829
 1128 1.1644
 1129 0.6821
 1130 0.5600
 1131 0.6351
 1132 1.0477
 1133 1.1991
 1134 1.2318
 1135 1.2583
 1136 1.2991
 1137 1.2519
 1138 0.8888
 1139 0.8354
 1140 0.9284
 1141 1.1223
 1142 1.3583
 1143 1.4277
 1144 1.3884
 1145 1.3675
 1146 1.3472
 1147 1.2662
 1148 1.1886
 1149 1.0418
 1150 1.2043
 1151 1.3740
 1152 1.4637
 1153 1.5745
 1154 1.3861
 1155 1.1662
 1156 1.3061
 1157 1.2909
 1158 1.4490
 1159 1.3861
 1160 1.3634
 1161 1.3511
 1162 1.2333
 1163 1.2413
 1164 1.4416
 1165 1.5485
 1166 1.3670
 1167 1.0955
 1168 1.0089
 1169 1.0881
 1170 1.3472
 1171 1.4041
 1172 1.4745
 1173 1.4189
 1174 1.2824
 1175 1.3177
 1176 1.2912
 1177 0.9392
 1178 0.9987
 1179 0.9567
 1180 1.1449
 1181 1.3593
 1182 1.3236
 1183 1.2061
 1184 1.0940
 1185 0.9053
 1186 0.9145
 1187 1.0922
 1188 1.2338
 1189 1.1680
 1190 1.0348
 1191 1.2269
 1192 1.1714
 1193 0.8261
 1194 0.7428
 1195 0.7965
 1196 0.9354
 1197 1.2241
 1198 1.2076
 1199 1.1038
 1200 0.8040
 1201 0.6248
 1202 1.0001
 1203 0.9459
 1204 0.8821
 1205 0.9446
 1206 0.7906
 1207 0.7968
 1208 0.8798
 1209 0.9603
 1210 1.0271
 1211 0.9686
 1212 0.8219
 1213 0.8598
 1214 0.8924
 1215 0.6410
 1216 0.6785
 1217 0.7135
 1218 0.6109
 1219 0.8063
 1220 0.9492
 1221 1.0312
 1222 1.0496
 1223 0.5309
 1224 0.5767
 1225 0.5577
 1226 0.3947
 1227 1.1279
 1228 1.4513
 1229 0.3615
 1230 0.3531
 1231 1.1001
 1232 1.1986
 1233 0.1001
 1234 0.6975
 1235 0.5320
 1236 0.5379
 1237 0.6924
 1238 0.8729
 1239 1.2912
 1240 -0.1642
 1241 1.4074
 1242 -0.4575
 1243 1.2732
 1244 1.0595
 1245 0.6734
 1246 0.5263
 1247 0.6924
 1248 0.4374
 1249 0.8811
 1250 0.6827
 1251 0.4333
 1252 0.4875
 1253 0.7418
 1254 0.3356
 1255 0.8618
 1256 0.7151
 1257 1.0608
 1258 0.5901
 1259 0.9238
 1260 0.9863
 1261 0.5374
 1262 0.3315
 1263 0.5777
 1264 0.6346
 1265 1.1788
 1266 0.8631
 1267 0.8826
 1268 0.7798
 1269 0.4569
 1270 0.7762
 1271 0.6665
 1272 1.0698
 1273 1.0187
 1274 0.9035
 1275 0.9511
 1276 0.9258
 1277 0.9747
 1278 0.6623
 1279 0.9516
 1280 0.8526
 1281 1.1536
 1282 1.0001
 1283 0.8382
 1284 0.7369
 1285 1.3228
 1286 1.4442
 1287 1.2523
 1288 0.8017
 1289 0.8202
 1290 0.9171
 1291 1.2287
 1292 1.2089
 1293 1.2778
 1294 1.0631
 1295 1.1541
 1296 1.1732
 1297 1.2714
 1298 1.3241
 1299 1.0878
 1300 1.1186
 1301 1.3333
 1302 1.0320
 1303 1.2348
 1304 1.3716
 1305 1.2634
 1306 1.2973
 1307 0.9793
 1308 1.1436
 1309 1.2796
 1310 1.5254
 1311 1.3472
 1312 1.2829
 1313 1.1968
 1314 1.3310
 1315 1.3801
 1316 1.1196
 1317 0.8992
 1318 1.2842
 1319 1.4889
 1320 1.6221
 1321 1.2338
 1322 1.2528
 1323 1.2806
 1324 1.0279
 1325 1.3385
 1326 1.2616
 1327 1.3104
 1328 1.2547
 1329 1.3634
 1330 1.4513
 1331 1.3153
 1332 1.4570
 1333 1.2009
 1334 1.1626
 1335 0.9932
 1336 1.0508
 1337 1.4171
 1338 1.6721
 1339 1.5174
 1340 1.4490
 1341 1.2801
 1342 1.3899
 1343 1.1657
 1344 1.1672
 1345 1.4544
 1346 1.4670
 1347 1.4213
 1348 1.3204
 1349 1.2523
 1350 1.2894
 1351 1.4079
 1352 1.7249
 1353 1.3204
 1354 1.4735
 1355 1.2179
 1356 1.3611
 1357 1.9655
 1358 1.6217
 1359 1.1069
 1360 1.0423
 1361 1.3014
 1362 2.4556
 1363 1.9701
 1364 1.3346
 1365 1.0284
 1366 0.8798
 1367 1.6763
 1368 2.4129
 1369 1.8863
 1370 1.0025
 1371 1.1533
 1372 1.1181
 1373 1.8987
 1374 2.1154
 1375 1.6254
 1376 1.9743
 1377 1.2408
 1378 1.2184
 1379 1.7665
 1380 1.8480
 1381 1.6887
 1382 1.6107
 1383 1.4786
 1384 1.8776
 1385 1.5888
 1386 1.5531
 1387 1.8297
 1388 1.6007
 1389 1.4842
 1390 1.7776
 1391 1.6822
 1392 1.4477
 1393 1.6323
 1394 1.4953
 1395 1.8637
 1396 1.8262
 1397 1.8336
 1398 1.5115
 1399 1.2603
 1400 1.2945
 1401 1.7023
 1402 2.0673
 1403 1.8359
 1404 1.2014
 1405 0.9062
 1406 1.9285
 1407 1.7632
 1408 1.9164
 1409 1.7295
 1410 0.7572
 1411 1.2570
 1412 1.8591
 1413 1.9586
 1414 2.4664
 1415 1.3523
 1416 0.1533
 1417 1.2153
 1418 1.8197
 1419 1.3248
 1420 2.1293
 1421 1.7693
 1422 0.9400
 1423 0.9104
 1424 1.1345
 1425 2.0941
 1426 1.3380
 1427 0.6096
 1428 2.2092
 1429 1.6277
 1430 1.6642
 1431 1.3639
 1432 0.4060
 1433 1.3038
 1434 2.4663
 1435 1.4462
 1436 1.1533
 1437 1.1037
 1438 1.9812
 1439 1.0778
 1440 0.9433
 1441 1.3107
 1442 2.9147
 1443 0.8706
 1444 0.1821
 1445 0.9163
 1446 2.9986
 1447 0.9367
 1448 2.2455
 1449 0.9687
 1450 1.4079
 1451 1.0873
 1452 1.9979
 1453 1.2348
 1454 1.2066
 1455 2.5342
 1456 1.8863
 1457 0.3662
 1458 1.1724
 1459 2.0275
 1460 2.3758
 1461 1.4472
 1462 1.7596
 1463 0.8544
 1464 0.8063
 1465 2.7620
 1466 1.5912
 1467 2.5018
 1468 1.0423
 1469 1.1130
 1470 1.7202
 1471 2.5080
 1472 1.7632
 1473 1.7868
 1474 1.0806
 1475 1.4282
 1476 1.9262
 1477 1.9563
 1478 2.5296
 1479 1.9151
 1480 0.8448
 1481 1.2213
 1482 1.7850
 1483 1.8719
 1484 2.8625
 1485 2.3343
 1486 1.7064
 1487 0.7762
 1488 1.6945
 1489 0.8322
 1490 2.2362
 1491 3.1127
 1492 1.6724
 1493 1.6698
 1494 1.8892
 1495 1.1284
 1496 1.6336
 1497 2.3039
 1498 2.4422
 1499 1.4703
 1500 0.7225
 1501 1.9863
 1502 2.1352
 1503 2.6227
 1504 2.6528
 1505 1.5768
 1506 0.6394
 1507 0.8610
 1508 2.4597
 1509 2.9304
 1510 2.1853
 1511 1.5444
 1512 1.8452
 1513 1.7429
 1514 1.9406
 1515 1.8776
 1516 1.4639
 1517 1.7318
 1518 2.4116
 1519 2.5144
 1520 1.7624
 1521 2.3362
 1522 1.3958
 1523 1.2718
 1524 2.1391
 1525 1.9419
 1526 2.5759
 1527 1.7781
 1528 2.3432
 1529 1.7033
 1530 1.5670
 1531 2.4496
 1532 2.3774
 1533 1.8429
 1534 1.5593
 1535 1.9354
 1536 2.4607
 1537 2.1853
 1538 2.0123
 1539 1.7364
 1540 1.7498
 1541 1.7392
 1542 2.0349
 1543 2.5826
 1544 2.4057
 1545 1.9174
 1546 1.4745
 1547 1.8984
 1548 2.0570
 1549 2.1280
 1550 1.7336
 1551 2.1465
 1552 1.7526
 1553 1.7503
 1554 2.2085
 1555 2.2524
 1556 2.0748
 1557 1.7711
 1558 1.5231
 1559 1.7619
 1560 1.8290
 1561 2.0036
 1562 1.8313
 1563 1.7480
 1564 1.8429
 1565 1.9725
 1566 1.5809
 1567 1.5037
 1568 1.8591
 1569 1.6776
 1570 1.6624
 1571 1.9768
 1572 1.9840
 1573 1.4865
 1574 1.4778
 1575 1.4894
 1576 1.3963
 1577 1.9331
 1578 1.9377
 1579 1.6832
 1580 1.4379
 1581 1.2186
 1582 1.4204
 1583 1.7817
 1584 1.8287
 1585 1.6138
 1586 1.2325
 1587 1.1765
 1588 2.1090
 1589 2.1270
 1590 1.5958
 1591 1.2685
 1592 0.9803
 1593 1.4495
 1594 1.7022
 1595 2.0020
 1596 1.7809
 1597 1.4768
 1598 1.3840
 1599 1.7189
 1600 1.8221
 1601 1.5837
 1602 1.5546
 1603 1.4452
 1604 1.8151
 1605 2.1303
 1606 1.8544
 1607 1.5367
 1608 1.8059
 1609 1.9470
 1610 1.8822
 1611 1.7693
 1612 1.6009
 1613 1.5189
 1614 1.8498
 1615 2.2895
 1616 2.4000
 1617 1.9897
 1618 1.7254
 1619 1.6369
 1620 2.1025
 1621 2.2129
 1622 2.2645
 1623 1.8244
 1624 1.9586
 1625 2.2738
 1626 2.2360
 1627 2.2895
 1628 2.1002
 1629 2.0118
 1630 2.0694
 1631 2.2473
 1632 2.1951
 1633 2.3571
 1634 2.4746
 1635 2.3784
 1636 2.3329
 1637 2.3432
 1638 2.2743
 1639 2.2080
 1640 2.0982
 1641 2.2552
 1642 2.5180
 1643 2.4288
 1644 2.3224
 1645 2.5352
 1646 2.6250
 1647 2.6412
 1648 2.2784
 1649 1.8575
 1650 2.3190
 1651 2.2853
 1652 2.5103
 1653 2.4103
 1654 2.6708
 1655 2.6913
 1656 2.2265
 1657 1.9956
 1658 2.2427
 1659 2.3029
 1660 2.4566
 1661 2.3506
 1662 2.3024
 1663 2.3702
 1664 2.4630
 1665 2.1529
 1666 2.3154
 1667 2.0426
 1668 1.8915
 1669 2.8837
 1670 2.3871
 1671 2.3071
 1672 2.1671
 1673 1.7966
 1674 2.1830
 1675 2.4103
 1676 1.4976
 1677 2.4185
 1678 2.5144
 1679 2.0442
 1680 2.6579
 1681 1.7403
 1682 1.3801
 1683 2.1506
 1684 2.5931
 1685 3.0999
 1686 1.9030
 1687 1.4056
 1688 2.3779
 1689 0.8410
 1690 2.3758
 1691 3.3544
 1692 1.9655
 1693 0.9636
 1694 1.9933
 1695 2.2966
 1696 1.9835
 1697 2.3871
 1698 2.7656
 1699 0.9119
 1700 2.3936
 1701 2.2756
 1702 2.6047
 1703 1.6045
 1704 2.2298
 1705 2.5815
 1706 1.4935
 1707 2.0604
 1708 2.1727
 1709 1.0793
 1710 2.2534
 1711 4.1096
 1712 2.6532
 1713 1.3125
 1714 1.6079
 1715 2.5875
 1716 2.4556
 1717 1.1978
 1718 2.2673
 1719 2.5625
 1720 2.5584
 1721 2.4283
 1722 2.4062
 1723 1.3649
 1724 2.2959
 1725 2.5491
 1726 2.7569
 1727 1.9814
 1728 2.8610
 1729 2.2848
 1730 1.2274
 1731 2.3990
 1732 2.1437
 1733 2.2136
 1734 3.1151
 1735 3.5714
 1736 1.8318
 1737 1.3917
 1738 0.8752
 1739 2.1210
 1740 3.5784
 1741 4.0692
 1742 2.2756
 1743 0.4528
 1744 1.3153
 1745 2.8901
 1746 2.9235
 1747 2.9471
 1748 1.9354
 1749 1.4384
 1750 2.0776
 1751 2.7314
 1752 2.6134
 1753 1.7948
 1754 2.7096
 1755 2.0234
 1756 2.0118
 1757 2.1344
 1758 2.0997
 1759 2.3496
 1760 2.9008
 1761 2.4908
 1762 2.1391
 1763 0.8970
 1764 1.4426
 1765 2.7504
 1766 2.8726
 1767 3.2979
 1768 2.6401
 1769 1.4842
 1770 0.7258
 1771 1.5796
 1772 2.5347
 1773 2.5625
 1774 2.5769
 1775 2.8615
 1776 2.2062
 1777 1.8925
 1778 1.8082
 1779 1.9614
 1780 1.8568
 1781 1.6356
 1782 2.2951
 1783 2.4728
 1784 2.9749
 1785 2.4283
 1786 1.8336
 1787 1.8601
 1788 2.1136
 1789 2.0215
 1790 1.6531
 1791 1.9218
 1792 2.6972
 1793 3.0346
 1794 2.4219
 1795 1.7804
 1796 1.3587
 1797 1.6254
 1798 2.2159
 1799 3.0901
 1800 2.6252
 1801 1.8984
 1802 1.4449
 1803 1.8480
 1804 2.7147
 1805 2.6052
 1806 2.0071
 1807 1.6629
 1808 1.3852
 1809 1.9377
 1810 2.7049
 1811 3.2294
 1812 2.6417
 1813 1.6716
 1814 1.4359
 1815 1.8786
 1816 2.2311
 1817 2.0470
 1818 1.9614
 1819 2.0838
 1820 2.4987
 1821 2.5116
 1822 2.4214
 1823 2.1645
 1824 1.8105
 1825 1.6254
 1826 1.5500
 1827 2.1918
 1828 2.8669
 1829 2.5643
 1830 2.0169
 1831 1.7642
 1832 2.0470
 1833 2.1985
 1834 2.1928
 1835 1.8475
 1836 1.5703
 1837 2.0097
 1838 2.7250
 1839 2.8453
 1840 2.6851
 1841 1.7508
 1842 1.5876
 1843 1.9591
 1844 2.1719
 1845 2.3270
 1846 1.8185
 1847 2.0285
 1848 2.3686
 1849 2.7124
 1850 2.4728
 1851 1.7177
 1852 1.8781
 1853 1.8591
 1854 2.2344
 1855 2.2043
 1856 2.2961
 1857 2.4005
 1858 2.3288
 1859 2.1321
 1860 2.1254
 1861 2.0933
 1862 2.0002
 1863 2.1146
 1864 2.4422
 1865 2.2812
 1866 2.2635
 1867 2.2835
 1868 2.2085
 1869 1.8724
 1870 2.3043
 1871 2.0553
 1872 2.4450
 1873 2.5324
 1874 2.5841
 1875 2.0424
 1876 1.5860
 1877 2.3126
 1878 2.4751
 1879 2.8309
 1880 2.7736
 1881 1.4163
 1882 1.5388
 1883 2.4854
 1884 2.6893
 1885 2.2367
 1886 1.8457
 1887 2.2779
 1888 2.0843
 1889 2.4381
 1890 3.0253
 1891 2.0488
 1892 1.4606
 1893 1.2955
 1894 2.3733
 1895 2.7731
 1896 2.0928
 1897 2.7322
 1898 2.6273
 1899 2.4085
 1900 1.6897
 1901 2.1115
 1902 2.5995
 1903 2.3260
 1904 1.3950
 1905 1.7411
 1906 2.3105
 1907 2.4491
 1908 2.6774
 1909 2.1224
 1910 1.9192
 1911 1.6904
 1912 1.8799
 1913 2.2658
 1914 2.3224
 1915 2.6762
 1916 2.6810
 1917 2.1738
 1918 2.0239
 1919 2.0372
 1920 1.2374
 1921 1.3033
 1922 2.5427
 1923 2.4723
 1924 1.7547
 1925 1.9984
 1926 2.4792
 1927 2.1738
 1928 2.0863
 1929 2.1933
 1930 1.5745
 1931 1.2094
 1932 2.1488
 1933 3.1055
 1934 2.9071
 1935 2.1025
 1936 1.4667
 1937 1.2552
 1938 1.4400
 1939 1.8966
 1940 2.6070
 1941 1.8683
 1942 1.9105
 1943 2.4998
 1944 2.4538
 1945 1.6462
 1946 1.3089
 1947 1.6071
 1948 1.9100
 1949 2.6273
 1950 2.5468
 1951 2.1095
 1952 1.5161
 1953 1.5745
 1954 2.3640
 1955 2.4038
 1956 1.5652
 1957 1.5860
 1958 1.5842
 1959 2.6157
 1960 2.7759
 1961 2.2694
 1962 1.7439
 1963 1.4171
 1964 1.2043
 1965 1.5305
 1966 2.2056
 1967 2.9911
 1968 2.5301
 1969 2.4010
 1970 1.6688
 1971 1.2742
 1972 1.3870
 1973 1.3783
 1974 2.3002
 1975 2.6052
 1976 2.4792
 1977 2.4635
 1978 2.0688
 1979 1.9776
 1980 1.3259
 1981 1.5860
 1982 2.3062
 1983 2.1581
 1984 2.0596
 1985 2.3848
 1986 2.1529
 1987 2.0678
 1988 1.4662
 1989 1.2796
 1990 1.8035
 1991 2.3571
 1992 2.6648
 1993 2.5692
 1994 2.6047
 1995 1.9290
 1996 1.3084
 1997 1.1492
 1998 2.2694
 1999 3.0263
 2000 2.6060
 2001 1.6097
 2002 1.0978
 2003 1.5737
 2004 2.4057
 2005 2.7435
 2006 2.2969
 2007 1.6462
 2008 1.3922
 2009 2.0743
 2010 2.7356
 2011 2.4987
 2012 2.0344
 2013 1.9058
 2014 1.8244
 2015 2.0748
 2016 2.4154
 2017 2.3270
 2018 2.1200
 2019 1.5940
 2020 1.5051
 2021 1.9424
 2022 1.9215
 2023 2.2506
 2024 2.4954
 2025 2.4751
 2026 2.0802
 2027 1.6393
 2028 1.9123
 2029 2.1858
 2030 2.1110
 2031 2.3802
 2032 2.3538
 2033 2.1048
 2034 1.6698
 2035 1.6441
 2036 1.8966
 2037 1.8406
 2038 2.3913
 2039 2.7553
 2040 2.5185
 2041 1.6559
 2042 1.2806
 2043 1.7647
 2044 2.0143
 2045 2.3247
 2046 2.2895
 2047 2.1257
 2048 2.1997
 2049 2.0123
 2050 1.9609
 2051 1.9498
 2052 1.8688
 2053 1.8416
 2054 1.9215
 2055 2.1367
 2056 2.2645
 2057 2.1095
 2058 1.9316
 2059 1.7740
 2060 1.8892
 2061 1.6305
 2062 1.7876
 2063 2.3386
 2064 2.4404
 2065 2.4033
 2066 1.9244
 2067 1.5382
 2068 1.3560
 2069 1.5860
 2070 2.1673
 2071 2.4010
 2072 2.1534
 2073 1.8873
 2074 1.9308
 2075 1.9406
 2076 2.0370
 2077 1.9100
 2078 1.5546
 2079 1.7174
 2080 1.6513
 2081 2.2468
 2082 2.2552
 2083 2.3038
 2084 1.5560
 2085 1.3063
 2086 1.7508
 2087 2.1557
 2088 2.5023
 2089 2.2668
 2090 1.8642
 2091 1.4232
 2092 1.5989
 2093 2.2830
 2094 2.2324
 2095 1.9054
 2096 1.8110
 2097 1.9035
 2098 1.4796
 2099 1.5963
 2100 1.7485
 2101 2.6625
 2102 2.1164
 2103 1.9035
 2104 1.9542
 2105 2.1072
 2106 1.6763
 2107 1.6097
 2108 1.9028
 2109 2.1336
 2110 2.1386
 2111 2.4936
 2112 1.9678
 2113 1.4277
 2114 1.3829
 2115 1.6763
 2116 1.9429
 2117 2.2390
 2118 2.3653
 2119 2.4283
 2120 1.7629
 2121 1.3061
 2122 1.9526
 2123 1.7397
 2124 1.9331
 2125 2.3311
 2126 2.1506
 2127 2.2566
 2128 1.5315
 2129 1.4680
 2130 1.6708
 2131 1.8596
 2132 2.2103
 2133 2.0192
 2134 1.8706
 2135 1.8526
 2136 2.2591
 2137 2.0956
 2138 1.6601
 2139 1.8434
 2140 1.9398
 2141 1.6883
 2142 1.9984
 2143 2.0789
 2144 2.0239
 2145 1.6791
 2146 1.8151
 2147 1.9799
 2148 1.7064
 2149 1.7518
 2150 2.9487
 2151 2.1557
 2152 1.0451
 2153 0.9914
 2154 2.2164
 2155 2.0743
 2156 2.8610
 2157 1.9215
 2158 1.9174
 2159 1.6899
 2160 1.6207
 2161 1.5588
 2162 1.4148
 2163 2.3866
 2164 2.6569
 2165 1.8485
 2166 1.2395
 2167 2.2825
 2168 1.9177
 2169 1.6883
 2170 2.4214
 2171 1.7092
 2172 2.0007
 2173 1.5161
 2174 2.0285
 2175 2.0516
 2176 1.8822
 2177 1.7799
 2178 1.9493
 2179 1.9544
 2180 1.7902
 2181 1.8660
 2182 2.2159
 2183 1.9910
 2184 2.0262
 2185 1.4657
 2186 1.8292
 2187 1.7703
 2188 1.9835
 2189 2.4075
 2190 1.9470
 2191 1.6811
 2192 1.3014
 2193 1.7480
 2194 2.0215
 2195 1.8156
 2196 2.3362
 2197 2.4250
 2198 1.8128
 2199 1.8272
 2200 1.4009
 2201 1.5125
 2202 1.6115
 2203 2.2136
 2204 2.3311
 2205 2.1727
 2206 1.7536
 2207 1.7452
 2208 1.3315
 2209 1.8189
 2210 2.0812
 2211 1.9891
 2212 2.1881
 2213 1.8406
 2214 1.5922
 2215 1.8873
 2216 1.7827
 2217 2.0262
 2218 1.9192
 2219 1.4657
 2220 1.9169
 2221 2.2316
 2222 2.1095
 2223 1.7012
 2224 1.4459
 2225 1.8382
 2226 2.1095
 2227 2.1905
 2228 1.7136
 2229 1.3978
 2230 1.5087
 2231 1.9151
 2232 2.2925
 2233 2.2334
 2234 1.7740
 2235 1.7027
 2236 1.6503
 2237 1.7814
 2238 1.5819
 2239 1.8475
 2240 1.9660
 2241 1.3695
 2242 2.5959
 2243 1.8735
 2244 1.7226
 2245 1.2279
 2246 2.1460
 2247 1.8249
 2248 1.6393
 2249 1.8897
 2250 1.7596
 2251 1.7778
 2252 1.9220
 2253 1.5490
 2254 2.4843
 2255 1.3392
 2256 2.2460
 2257 1.2135
 2258 1.6259
 2259 1.9979
 2260 1.8004
 2261 2.0655
 2262 2.1974
 2263 1.5282
 2264 1.6773
 2265 1.3269
 2266 1.5356
 2267 1.9758
 2268 2.3885
 2269 2.0863
 2270 2.1326
 2271 1.5074
 2272 1.4061
 2273 1.1210
 2274 1.5001
 2275 2.2316
 2276 2.3871
 2277 2.1442
 2278 1.8493
 2279 1.4981
 2280 1.6305
 2281 1.5060
 2282 1.7434
 2283 1.7284
 2284 2.0534
 2285 2.2622
 2286 2.1650
 2287 1.6925
 2288 1.3628
 2289 1.2385
 2290 1.6485
 2291 2.1488
 2292 2.3023
 2293 2.0974
 2294 1.8318
 2295 1.5264
 2296 1.5860
 2297 1.7326
 2298 2.0002
 2299 2.0280
 2300 1.8850
 2301 1.7166
 2302 1.6393
 2303 1.7508
 2304 1.9197
 2305 1.9956
 2306 1.9979
 2307 1.9336
 2308 1.7804
 2309 1.7300
 2310 1.8082
 2311 1.9915
 2312 2.1234
 2313 2.0581
 2314 1.6698
 2315 1.6138
 2316 1.6966
 2317 1.7318
 2318 2.0655
 2319 2.0753
 2320 2.0879
 2321 1.9308
 2322 1.8781
 2323 1.9215
 2324 2.0082
 2325 1.8544
 2326 1.7906
 2327 1.7295
 2328 1.9498
 2329 2.0941
 2330 2.1581
 2331 1.8313
 2332 1.6755
 2333 1.7023
 2334 2.0151
 2335 2.2131
 2336 2.2529
 2337 2.0905
 2338 1.7490
 2339 1.6698
 2340 1.8452
 2341 1.9915
 2342 2.0169
 2343 1.9007
 2344 2.0447
 2345 2.1234
 2346 2.0303
 2347 2.0781
 2348 1.8989
 2349 1.9933
 2350 1.8434
 2351 1.7786
 2352 1.9460
 2353 1.8573
 2354 1.9799
 2355 2.0900
 2356 2.1398
 2357 2.0724
 2358 1.9706
 2359 1.9239
 2360 1.9776
 2361 1.9563
 2362 2.0401
 2363 2.0192
 2364 2.0673
 2365 1.9411
 2366 1.7897
 2367 1.7989
 2368 2.0146
 2369 2.1614
 2370 2.2828
 2371 2.0072
 2372 1.8758
 2373 1.6948
 2374 1.8711
 2375 2.1768
 2376 2.2825
 2377 2.1205
 2378 1.8938
 2379 1.8596
 2380 1.7860
 2381 1.7485
 2382 1.9220
 2383 2.2381
 2384 2.3229
 2385 2.1835
 2386 2.0794
 2387 1.7943
 2388 1.6536
 2389 1.8390
 2390 2.1210
 2391 2.1696
 2392 1.9943
 2393 1.8946
 2394 1.9734
 2395 2.1034
 2396 2.1488
 2397 2.0419
 2398 1.6997
 2399 1.7277
 2400 2.0164
 2401 2.2714
 2402 2.2499
 2403 1.9730
 2404 1.8295
 2405 1.6860
 2406 1.7902
 2407 2.0411
 2408 2.1691
 2409 2.1784
 2410 2.1627
 2411 2.0701
 2412 1.8621
 2413 1.7735
 2414 1.7716
 2415 1.8938
 2416 2.0575
 2417 2.0979
 2418 2.1025
 2419 2.0794
 2420 1.9586
 2421 1.8395
 2422 1.8989
 2423 1.7388
 2424 2.1442
 2425 2.2200
 2426 2.0303
 2427 1.9568
 2428 2.2344
 2429 2.1581
 2430 1.7197
 2431 1.1747
 2432 2.0660
 2433 2.1455
 2434 1.8897
 2435 2.3409
 2436 1.3505
 2437 2.1627
 2438 2.1020
 2439 1.7840
 2440 1.4829
 2441 1.7897
 2442 2.3612
 2443 2.4033
 2444 2.2956
 2445 1.7226
 2446 2.1696
 2447 2.7551
 2448 1.2862
 2449 1.7758
 2450 1.8735
 2451 1.7966
 2452 2.1743
 2453 2.1809
 2454 3.4256
 2455 2.0724
 2456 0.8993
 2457 1.7508
 2458 1.5984
 2459 2.7435
 2460 1.3006
 2461 1.7077
 2462 1.9691
 2463 3.2845
 2464 2.1025
 2465 1.4343
 2466 1.1381
 2467 2.7924
 2468 2.2923
 2469 1.9267
 2470 1.4176
 2471 2.5281
 2472 2.9726
 2473 1.8573
 2474 1.4657
 2475 1.1395
 2476 2.8890
 2477 1.4889
 2478 0.3209
 2479 2.2252
 2480 2.2543
 2481 1.6302
 2482 2.5371
 2483 3.3683
 2484 3.2711
 2485 0.7284
 2486 1.7878
 2487 1.7994
 2488 2.4093
 2489 2.9846
 2490 2.3141
 2491 1.0127
 2492 1.0821
 2493 1.4634
 2494 1.5279
 2495 1.9928
 2496 2.0743
 2497 3.2313
 2498 3.8889
 2499 2.5306
 2500 1.5120
 2501 1.0474
 2502 1.4153
 2503 1.3755
 2504 1.9424
 2505 1.8382
 2506 1.7022
 2507 2.6301
 2508 2.5461
 2509 2.5057
 2510 2.8708
 2511 2.2982
 2512 1.3996
 2513 1.1623
 2514 1.0196
 2515 1.9429
 2516 1.7711
 2517 2.5322
 2518 3.0327
 2519 3.1364
 2520 2.5885
 2521 1.7171
 2522 0.5037
 2523 1.2297
 2524 1.7573
 2525 1.6120
 2526 2.2344
 2527 2.6440
 2528 3.7761
 2529 3.6774
 2530 2.7319
 2531 1.1793
 2532 -0.0164
 2533 -0.6523
 2534 0.6818
 2535 2.4219
 2536 4.3341
 2537 4.3471
 2538 3.3470
 2539 1.4292
 2540 0.6482
 2541 1.0011
 2542 1.2395
 2543 1.8573
 2544 2.5255
 2545 3.3019
 2546 2.9124
 2547 2.6690
 2548 1.2279
 2549 1.4755
 2550 0.7369
 2551 1.2580
 2552 1.7087
 2553 2.3802
 2554 2.6679
 2555 2.9147
 2556 3.5742
 2557 3.7668
 2558 2.1501
 2559 0.8024
 2560 0.0080
 2561 0.3075
 2562 1.8521
 2563 3.2053
 2564 3.6784
 2565 1.9447
 2566 1.8225
 2567 1.5791
 2568 1.9999
 2569 2.5718
 2570 2.6347
 2571 2.0729
 2572 1.8822
 2573 1.8521
 2574 2.7296
 2575 2.3288
 2576 1.5153
 2577 1.7280
 2578 1.4112
 2579 1.8424
 2580 1.9128
 2581 2.2090
 2582 2.8978
 2583 2.4385
 2584 2.6972
 2585 2.5851
 2586 1.7968
 2587 1.5421
 2588 1.2533
 2589 1.9730
 2590 2.2108
 2591 2.0822
 2592 2.1951
 2593 2.5042
 2594 2.1534
 2595 2.1686
 2596 2.2516
 2597 1.9581
 2598 1.7485
 2599 1.8799
 2600 2.0338
 2601 2.1890
 2602 2.5556
 2603 2.6209
 2604 2.2136
 2605 1.5943
 2606 1.6902
 2607 1.7485
 2608 2.0696
 2609 2.4545
 2610 2.3177
 2611 2.0886
 2612 2.3468
 2613 2.3131
 2614 1.9897
 2615 1.4999
 2616 1.6102
 2617 1.7832
 2618 2.3383
 2619 2.9810
 2620 3.1770
 2621 2.4519
 2622 1.5166
 2623 0.9675
 2624 1.1973
 2625 1.7277
 2626 2.5833
 2627 2.8749
 2628 2.9173
 2629 2.6713
 2630 2.0210
 2631 1.3742
 2632 1.2755
 2633 1.7346
 2634 1.9979
 2635 2.3478
 2636 2.7106
 2637 2.9517
 2638 2.4435
 2639 1.8318
 2640 1.4760
 2641 1.4308
 2642 1.7693
 2643 2.2321
 2644 2.5093
 2645 2.5838
 2646 2.4478
 2647 2.2182
 2648 1.9678
 2649 1.9244
 2650 1.8503
 2651 1.7567
 2652 1.6369
 2653 2.3154
 2654 2.8384
 2655 2.7337
 2656 2.1511
 2657 1.5282
 2658 1.8156
 2659 2.3131
 2660 2.3378
 2661 2.0252
 2662 1.8739
 2663 1.8873
 2664 2.3178
 2665 2.6870
 2666 2.5329
 2667 1.9151
 2668 1.5560
 2669 1.7943
 2670 2.3195
 2671 2.6625
 2672 2.4607
 2673 2.1460
 2674 1.9238
 2675 1.8082
 2676 2.1095
 2677 2.2599
 2678 2.3681
 2679 2.2617
 2680 2.1905
 2681 2.2913
 2682 1.9799
 2683 1.9275
 2684 2.2460
 2685 2.5098
 2686 2.4728
 2687 2.0550
 2688 1.7763
 2689 1.7873
 2690 2.1581
 2691 2.6666
 2692 2.5491
 2693 1.9586
 2694 1.6569
 2695 2.2005
 2696 2.6157
 2697 2.8674
 2698 2.2260
 2699 1.4940
 2700 1.4333
 2701 1.9377
 2702 2.7759
 2703 3.0161
 2704 2.5038
 2705 1.9673
 2706 1.8102
 2707 1.9915
 2708 2.1817
 2709 2.2519
 2710 2.3311
 2711 2.3862
 2712 2.2784
 2713 2.1511
 2714 2.1928
 2715 2.2344
 2716 2.3080
 2717 2.3450
 2718 2.3386
 2719 2.0843
 2720 1.8544
 2721 2.0480
 2722 2.2445
 2723 2.4635
 2724 2.4807
 2725 2.4876
 2726 2.3630
 2727 2.3705
 2728 2.2710
 2729 2.0329
 2730 1.9100
 2731 1.9498
 2732 2.2992
 2733 2.3738
 2734 2.5352
 2735 2.6551
 2736 2.3969
 2737 2.0511
 2738 2.0817
 2739 2.1280
 2740 2.0511
 2741 2.2200
 2742 2.4607
 2743 2.4704
 2744 2.5121
 2745 2.5000
 2746 2.3010
 2747 2.0102
 2748 1.9609
 2749 2.1581
 2750 2.5237
 2751 2.5741
 2752 2.4273
 2753 2.1123
 2754 2.0419
 2755 2.3450
 2756 2.5383
 2757 2.5468
 2758 2.2136
 2759 1.9701
 2760 2.0516
 2761 2.5708
 2762 2.4612
 2763 2.2400
 2764 2.2149
 2765 2.4602
 2766 2.7175
 2767 2.5501
 2768 2.1941
 2769 1.7989
 2770 1.8272
 2771 2.5561
 2772 2.9651
 2773 2.5376
 2774 2.3288
 2775 1.9794
 2776 2.3538
 2777 2.3848
 2778 2.4242
 2779 2.2365
 2780 2.3399
 2781 2.5214
 2782 2.7643
 2783 2.5435
 2784 2.1090
 2785 1.9429
 2786 1.9660
 2787 2.4491
 2788 2.9152
 2789 2.7430
 2790 2.3987
 2791 2.1997
 2792 2.2200
 2793 2.2380
 2794 2.0910
 2795 2.2714
 2796 2.4584
 2797 2.6990
 2798 2.8730
 2799 2.6708
 2800 2.2779
 2801 1.9331
 2802 1.9897
 2803 2.2344
 2804 2.5769
 2805 2.8166
 2806 2.8394
 2807 2.5337
 2808 2.3190
 2809 2.1210
 2810 2.0609
 2811 2.0843
 2812 2.4223
 2813 2.8901
 2814 3.0402
 2815 2.7888
 2816 2.3064
 2817 1.9054
 2818 1.9220
 2819 2.2506
 2820 2.6764
 2821 2.9147
 2822 2.6995
 2823 2.5579
 2824 2.3589
 2825 2.1604
 2826 2.3080
 2827 2.2946
 2828 2.5260
 2829 2.6921
 2830 2.7486
 2831 2.5042
 2832 2.2743
 2833 2.2825
 2834 2.4381
 2835 2.5931
 2836 2.6342
 2837 2.6949
 2838 2.5852
 2839 2.4673
 2840 2.3668
 2841 2.3029
 2842 2.3797
 2843 2.5167
 2844 2.6581
 2845 2.6893
 2846 2.5751
 2847 2.5070
 2848 2.4648
 2849 2.4376
 2850 2.5149
 2851 2.6065
 2852 2.7060
 2853 2.7733
 2854 2.7656
 2855 2.5630
 2856 2.2252
 2857 2.0493
 2858 2.3311
 2859 2.8332
 2860 3.1438
 2861 3.0628
 2862 2.6453
 2863 2.2224
 2864 2.1627
 2865 2.3895
 2866 2.6643
 2867 2.7898
 2868 2.7990
 2869 2.7888
 2870 2.7838
 2871 2.7291
 2872 2.5625
 2873 2.2761
 2874 2.2182
 2875 2.5324
 2876 2.8757
 2877 3.1734
 2878 3.0610
 2879 2.7083
 2880 2.2463
 2881 2.0673
 2882 2.3409
 2883 2.8083
 2884 3.1040
 2885 3.0469
 2886 2.8934
 2887 2.6625
 2888 2.4255
 2889 2.3866
 2890 2.5177
 2891 2.7767
 2892 2.9453
 2893 3.0174
 2894 2.6874
 2895 2.5162
 2896 2.4538
 2897 2.6880
 2898 2.7389
 2899 2.7358
 2900 2.7250
 2901 2.8952
 2902 2.9962
 2903 2.8361
 2904 2.5723
 2905 2.3964
 2906 2.4381
 2907 2.7546
 2908 2.9831
 2909 3.0739
 2910 2.9554
 2911 2.6329
 2912 2.4190
 2913 2.4427
 2914 2.7037
 2915 3.0304
 2916 3.0623
 2917 3.0551
 2918 2.7499
 2919 2.4028
 2920 2.4589
 2921 2.6782
 2922 2.9502
 2923 3.0646
 2924 3.0837
 2925 2.7939
 2926 2.5409
 2927 2.3131
 2928 2.4676
 2929 2.7893
 2930 3.1160
 2931 3.4064
 2932 3.1947
 2933 2.8448
 2934 2.4473
 2935 2.2267
 2936 2.4625
 2937 2.8101
 2938 3.0721
 2939 3.1989
 2940 3.1965
 2941 2.9633
 2942 2.7009
 2943 2.4594
 2944 2.3496
 2945 2.5573
 2946 2.9050
 2947 3.2040
 2948 3.3595
 2949 3.2470
 2950 2.8384
 2951 2.4538
 2952 2.3057
 2953 2.4658
 2954 2.8165
 2955 3.1716
 2956 3.3696
 2957 3.2387
 2958 2.8962
 2959 2.6463
 2960 2.4671
 2961 2.5931
 2962 2.8129
 2963 2.9991
 2964 3.1137
 2965 3.2035
 2966 2.9929
 2967 2.7782
 2968 2.7049
 2969 2.8124
 2970 2.8846
 2971 2.8842
 2972 2.8988
 2973 2.9281
 2974 2.9772
 2975 3.0207
 2976 3.0132
 2977 2.9599
 2978 2.8369
 2979 2.8356
 2980 2.8476
 2981 2.9682
 2982 2.9772
 2983 2.9870
 2984 3.0197
 2985 2.9610
 2986 2.9662
 2987 2.9749
 2988 2.9605
 2989 2.9379
 2990 2.8911
 2991 2.8906
 2992 2.9351
 2993 3.0119
 2994 3.1202
 2995 3.1024
 2996 3.0230
 2997 2.9142
 2998 2.8587
 2999 2.9078
 3000 3.0967
 3001 3.2534
 3002 3.2202
 3003 2.9582
 3004 2.7404
 3005 2.7240
 3006 2.9597
 3007 3.2742
 3008 3.4122
 3009 3.2151
 3010 2.9744
 3011 2.7620
 3012 2.8212
 3013 2.9435
 3014 3.1174
 3015 3.2711
 3016 3.3461
 3017 3.2182
 3018 3.0387
 3019 2.7754
 3020 2.7435
 3021 2.8911
 3022 3.2063
 3023 3.4130
 3024 3.3835
 3025 3.2549
 3026 3.0646
 3027 2.9194
 3028 2.9073
 3029 2.9443
 3030 3.0661
 3031 3.1765
 3032 3.2444
 3033 3.2577
 3034 3.1979
 3035 3.1947
 3036 3.1472
 3037 3.0443
 3038 3.0124
 3039 3.0215
 3040 3.0934
 3041 3.2891
 3042 3.4205
 3043 3.3942
 3044 3.1780
 3045 2.9397
 3046 2.8942
 3047 3.0045
 3048 3.1947
 3049 3.4025
 3050 3.4228
 3051 3.3428
 3052 3.1739
 3053 2.9947
 3054 2.9828
 3055 3.0783
 3056 3.2757
 3057 3.3873
 3058 3.3714
 3059 3.2731
 3060 3.1549
 3061 3.0531
 3062 3.1415
 3063 3.1873
 3064 3.2752
 3065 3.2590
 3066 3.2220
 3067 3.2641
 3068 3.2775
 3069 3.2793
 3070 3.1873
 3071 3.1194
 3072 3.1164
 3073 3.1826
 3074 3.2914
 3075 3.3817
 3076 3.3868
 3077 3.3012
 3078 3.1693
 3079 3.0582
 3080 3.0762
 3081 3.1757
 3082 3.2999
 3083 3.3608
 3084 3.3146
 3085 3.2387
 3086 3.1480
 3087 3.1138
 3088 3.1559
 3089 3.2428
 3090 3.2595
 3091 3.2937
 3092 3.3179
 3093 3.2400
 3094 3.1253
 3095 3.0855
 3096 3.0613
 3097 3.1086
 3098 3.2377
 3099 3.3572
 3100 3.3331
 3101 3.2274
 3102 3.1022
 3103 3.0577
 3104 3.0276
 3105 3.0546
 3106 3.2243
 3107 3.2410
 3108 3.3238
 3109 3.2868
 3110 3.1065
 3111 3.0322
 3112 3.0050
 3113 3.0832
 3114 3.0767
 3115 3.1842
 3116 3.2382
 3117 3.2225
 3118 3.1461
 3119 3.0454
 3120 2.9754
 3121 2.9369
 3122 2.9633
 3123 3.1480
 3124 3.2382
 3125 3.2151
 3126 3.1451
 3127 3.0957
 3128 2.9389
 3129 2.9055
 3130 2.8564
 3131 2.9587
 3132 3.0994
 3133 3.2274
 3134 3.1865
 3135 3.0053
 3136 2.8718
 3137 2.8734
 3138 3.0494
 3139 3.0503
 3140 2.9795
 3141 2.8980
 3142 2.9379
 3143 3.0369
 3144 3.0114
 3145 2.9744
 3146 2.8453
 3147 2.8551
 3148 2.9402
 3149 3.0161
 3150 3.0415
 3151 2.8613
 3152 2.8037
 3153 2.8888
 3154 2.8865
 3155 2.8842
 3156 2.9523
 3157 2.8703
 3158 2.9073
 3159 2.9420
 3160 2.9070
 3161 2.7615
 3162 2.7777
 3163 2.7939
 3164 2.8278
 3165 2.9338
 3166 2.8972
 3167 2.8258
 3168 2.7453
 3169 2.7129
 3170 2.8633
 3171 2.8685
 3172 2.7680
 3173 2.7782
 3174 2.7518
 3175 2.7463
 3176 2.8078
 3177 2.7800
 3178 2.7713
 3179 2.6345
 3180 2.7815
 3181 2.8688
 3182 2.8685
 3183 2.7815
 3184 2.7268
 3185 2.6491
 3186 2.6337
 3187 2.5995
 3188 2.6391
 3189 2.7124
 3190 2.8083
 3191 2.8661
 3192 2.8726
 3193 2.6561
 3194 2.5319
 3195 2.5584
 3196 2.6319
 3197 2.7049
 3198 2.7296
 3199 2.8050
 3200 2.8083
 3201 2.6810
 3202 2.5378
 3203 2.4681
 3204 2.5556
 3205 2.6574
 3206 2.7039
 3207 2.7541
 3208 2.6944
 3209 2.6180
 3210 2.6291
 3211 2.5882
 3212 2.5121
 3213 2.4352
 3214 2.5856
 3215 2.7366
 3216 2.7826
 3217 2.6556
 3218 2.5417
 3219 2.4347
 3220 2.4833
 3221 2.5445
 3222 2.6476
 3223 2.6671
 3224 2.5718
 3225 2.4705
 3226 2.5070
 3227 2.5399
 3228 2.5440
 3229 2.5754
 3230 2.5699
 3231 2.5394
 3232 2.5116
 3233 2.4630
 3234 2.3990
 3235 2.4167
 3236 2.4769
 3237 2.6481
 3238 2.7152
 3239 2.6412
 3240 2.4635
 3241 2.2224
 3242 2.2062
 3243 2.3224
 3244 2.5278
 3245 2.6926
 3246 2.7402
 3247 2.7028
 3248 2.4921
 3249 2.3190
 3250 2.2229
 3251 2.2182
 3252 2.2714
 3253 2.4468
 3254 2.6985
 3255 2.8407
 3256 2.6366
 3257 2.3203
 3258 2.1067
 3259 2.1581
 3260 2.3566
 3261 2.5607
 3262 2.6674
 3263 2.5931
 3264 2.5278
 3265 2.4005
 3266 2.2689
 3267 2.2377
 3268 2.2376
 3269 2.4121
 3270 2.6296
 3271 2.6170
 3272 2.5625
 3273 2.4098
 3274 2.1830
 3275 2.2349
 3276 2.4070
 3277 2.5319
 3278 2.5699
 3279 2.5676
 3280 2.3717
 3281 2.3352
 3282 2.4450
 3283 2.4427
 3284 2.3288
 3285 2.3959
 3286 2.3964
 3287 2.5347
 3288 2.6157
 3289 2.4381
 3290 2.2386
 3291 2.2779
 3292 2.4288
 3293 2.5671
 3294 2.5522
 3295 2.4875
 3296 2.4278
 3297 2.4982
 3298 2.4705
 3299 2.4450
 3300 2.3746
 3301 2.3709
 3302 2.4352
 3303 2.5491
 3304 2.5162
 3305 2.5699
 3306 2.4700
 3307 2.3717
 3308 2.5486
 3309 2.3743
 3310 2.4366
 3311 2.5042
 3312 2.4998
 3313 2.5514
 3314 2.5018
 3315 2.6232
 3316 2.5278
 3317 2.4607
 3318 2.3329
 3319 2.4334
 3320 2.5625
 3321 2.5625
 3322 2.6440
 3323 2.4589
 3324 2.3357
 3325 2.5209
 3326 2.6303
 3327 2.6309
 3328 2.5273
 3329 2.4797
 3330 2.4170
 3331 2.5296
 3332 2.5630
 3333 2.5676
 3334 2.4746
 3335 2.5507
 3336 2.6042
 3337 2.7101
 3338 2.5584
 3339 2.3663
 3340 2.4190
 3341 2.5278
 3342 2.5787
 3343 2.6764
 3344 2.6823
 3345 2.6366
 3346 2.5329
 3347 2.4787
 3348 2.4866
 3349 2.4951
 3350 2.5602
 3351 2.5625
 3352 2.6833
 3353 2.5954
 3354 2.6000
 3355 2.6713
 3356 2.6204
 3357 2.4589
 3358 2.4828
 3359 2.5204
 3360 2.6764
 3361 2.6810
 3362 2.6291
 3363 2.5512
 3364 2.4954
 3365 2.5440
 3366 2.6528
 3367 2.6664
 3368 2.5967
 3369 2.5954
 3370 2.5139
 3371 2.6106
 3372 2.6622
 3373 2.5607
 3374 2.5481
 3375 2.5653
 3376 2.5754
 3377 2.6939
 3378 2.6463
 3379 2.6347
 3380 2.5458
 3381 2.5183
 3382 2.5648
 3383 2.6106
 3384 2.5792
 3385 2.6139
 3386 2.6181
 3387 2.6612
 3388 2.6078
 3389 2.6065
 3390 2.6134
 3391 2.5685
 3392 2.5579
 3393 2.5311
 3394 2.5944
 3395 2.6715
 3396 2.6209
 3397 2.5856
 3398 2.5810
 3399 2.6103
 3400 2.5537
 3401 2.5782
 3402 2.5653
 3403 2.6458
 3404 2.6325
 3405 2.6347
 3406 2.5509
 3407 2.4908
 3408 2.5509
 3409 2.6396
 3410 2.6592
 3411 2.6440
 3412 2.6291
 3413 2.6129
 3414 2.5602
 3415 2.5458
 3416 2.5329
 3417 2.5005
 3418 2.5219
 3419 2.6574
 3420 2.7685
 3421 2.7032
 3422 2.5841
 3423 2.5486
 3424 2.4820
 3425 2.5204
 3426 2.5977
 3427 2.6474
 3428 2.7060
 3429 2.6782
 3430 2.6528
 3431 2.5926
 3432 2.5183
 3433 2.5037
 3434 2.4843
 3435 2.6047
 3436 2.6160
 3437 2.7366
 3438 2.7731
 3439 2.7152
 3440 2.6458
 3441 2.5615
 3442 2.5134
 3443 2.5547
 3444 2.5754
 3445 2.6633
 3446 2.7018
 3447 2.6870
 3448 2.6509
 3449 2.6250
 3450 2.5605
 3451 2.5838
 3452 2.6528
 3453 2.7731
 3454 2.7430
 3455 2.6921
 3456 2.6579
 3457 2.5815
 3458 2.6152
 3459 2.6083
 3460 2.6764
 3461 2.6731
 3462 2.6820
 3463 2.7489
 3464 2.6967
 3465 2.7523
 3466 2.7194
 3467 2.6774
 3468 2.6793
 3469 2.6620
 3470 2.6851
 3471 2.6361
 3472 2.6648
 3473 2.7049
 3474 2.7430
 3475 2.7638
 3476 2.7661
 3477 2.7322
 3478 2.7268
 3479 2.6661
 3480 2.6671
 3481 2.7356
 3482 2.7898
 3483 2.8194
 3484 2.7702
 3485 2.6856
 3486 2.6471
 3487 2.6746
 3488 2.7528
 3489 2.7332
 3490 2.7685
 3491 2.7641
 3492 2.8116
 3493 2.7749
 3494 2.7471
 3495 2.7250
 3496 2.7456
 3497 2.7944
 3498 2.7865
 3499 2.7592
 3500 2.7281
 3501 2.7309
 3502 2.7319
 3503 2.7703
 3504 2.7931
 3505 2.7862
 3506 2.8263
 3507 2.7870
 3508 2.7199
 3509 2.7337
 3510 2.7600
 3511 2.8116
 3512 2.8156
 3513 2.8152
 3514 2.7728
 3515 2.7407
 3516 2.7268
 3517 2.7731
 3518 2.8361
 3519 2.8068
 3520 2.7689
 3521 2.7250
 3522 2.7842
 3523 2.8412
 3524 2.8536
 3525 2.8245
 3526 2.7448
 3527 2.7463
 3528 2.7312
 3529 2.7985
 3530 2.8332
 3531 2.8286
 3532 2.8240
 3533 2.7723
 3534 2.7399
 3535 2.7420
 3536 2.7708
 3537 2.8145
 3538 2.8536
 3539 2.8245
 3540 2.8142
 3541 2.7782
 3542 2.8052
 3543 2.7723
 3544 2.7535
 3545 2.7245
 3546 2.7276
 3547 2.7286
 3548 2.7759
 3549 2.8523
 3550 2.8582
 3551 2.8206
 3552 2.8004
 3553 2.8037
 3554 2.7911
 3555 2.7296
 3556 2.6947
 3557 2.7263
 3558 2.7065
 3559 2.7194
 3560 2.7589
 3561 2.7587
 3562 2.7731
 3563 2.7504
 3564 2.7772
 3565 2.7507
 3566 2.7286
 3567 2.7329
 3568 2.7166
 3569 2.7188
 3570 2.7157
 3571 2.6661
 3572 2.6000
 3573 2.6366
 3574 2.7188
 3575 2.7273
 3576 2.7402
 3577 2.7111
 3578 2.6597
 3579 2.6448
 3580 2.6334
 3581 2.6194
 3582 2.6851
 3583 2.6700
 3584 2.6615
 3585 2.6509
 3586 2.6157
 3587 2.5805
 3588 2.5589
 3589 2.5723
 3590 2.6124
 3591 2.6440
 3592 2.6247
 3593 2.6481
 3594 2.5718
 3595 2.5556
 3596 2.5111
 3597 2.5594
 3598 2.5347
 3599 2.6037
