    0 0.0110
    5 0.0088
   10 0.0077
   15 0.0055
   20 0.0043
   25 0.0012
   30 -0.0010
   35 -0.0052
   40 -0.0073
   45 -0.0145
   50 -0.0227
   55 -0.0298
   60    nan
   65    nan
   70    nan
   75    nan
   80    nan
   85    nan
   90    nan
   95    nan
  100    nan
  105    nan
  110    nan
  115    nan
  120    nan
  125    nan
  130    nan
  135    nan
  140    nan
  145    nan
  150    nan
  155    nan
  160    nan
  165    nan
  170    nan
  175    nan
  180    nan
  185    nan
  190 -0.3773
  195 -0.3855
  200 -0.3896
  205 -0.3938
  210 -0.3970
  215 -0.3991
  220 -0.4003
  225 -0.4005
  230 -0.4027
  235 -0.4028
  240 -0.4040
  245 -0.4042
  250 -0.4053
  255 -0.4045
  260 -0.4057
  265 -0.4048
  270 -0.4050
  275 -0.4042
  280 -0.4043
  285 -0.4035
  290 -0.4027
  295 -0.4029
  300 -0.4010
  305 -0.4012
  310 -0.4014
  315 -0.4005
  320 -0.4017
  325 -0.4019
  330 -0.4030
  335 -0.4032
  340 -0.4034
  345 -0.4056
  350 -0.4047
  355 -0.4059
  360 -0.4061
  365 -0.4062
  370 -0.4064
  375 -0.4076
  380 -0.4078
  385 -0.4069
  390 -0.4081
  395 -0.4073
  400 -0.4074
  405 -0.4076
  410 -0.4058
  415 -0.4060
  420 -0.4051
  425 -0.4033
  430 -0.4025
  435 -0.3996
  440 -0.3968
  445 -0.3960
  450 -0.3912
  455 -0.3903
  460 -0.3865
  465 -0.3847
  470 -0.3829
  475 -0.3800
  480 -0.3802
  485 -0.3794
  490 -0.3786
  495 -0.3797
  500 -0.3789
  505 -0.3821
  510 -0.3822
  515 -0.3844
  520 -0.3866
  525 -0.3878
  530 -0.3909
  535 -0.3931
  540 -0.3943
  545 -0.3985
  550 -0.3996
  555 -0.4028
  560 -0.4050
  565 -0.4072
  570 -0.4103
  575 -0.4095
  580 -0.4127
  585 -0.4129
  590 -0.4141
  595 -0.4142
  600 -0.4124
  605 -0.4126
  610 -0.4118
  615 -0.4089
  620 -0.4091
  625 -0.4053
  630 -0.4035
  635 -0.4026
  640 -0.3988
  645 -0.3990
  650 -0.3962
  655 -0.3953
  660 -0.3935
  665 -0.3907
  670 -0.3899
  675 -0.3841
  680 -0.3822
  685 -0.3764
  690 -0.3706
  695 -0.3658
  700 -0.3569
  705 -0.3501
  710 -0.3413
  715 -0.3325
  720 -0.3237
  725 -0.3148
  730 -0.3050
  735 -0.2972
  740 -0.2884
  745 -0.2816
  750 -0.2737
  755 -0.2669
  760 -0.2611
  765 -0.2543
  770 -0.2504
  775 -0.2456
  780 -0.2408
  785 -0.2380
  790 -0.2332
  795 -0.2313
  800 -0.2275
  805 -0.2257
  810 -0.2239
  815 -0.2241
  820 -0.2222
  825 -0.2234
  830 -0.2226
  835 -0.2248
  840 -0.2250
  845 -0.2251
  850 -0.2243
  855 -0.2235
  860 -0.2207
  865 -0.2179
  870 -0.2111
  875 -0.2042
  880 -0.1954
  885 -0.1836
  890 -0.1718
  895 -0.1570
  900 -0.1401
  905 -0.1233
  910 -0.1045
  915 -0.0847
  920 -0.0639
  925 -0.0411
  930 -0.0192
  935 0.0046
  940 0.0274
  945 0.0522
  950 0.0760
  955 0.1008
  960 0.1247
  965 0.1485
  970 0.1733
  975 0.1961
  980 0.2219
  985 0.2437
  990 0.2696
  995 0.2934
 1000 0.3192
 1005 0.3440
 1010 0.3708
 1015 0.3986
 1020 0.4265
 1025 0.4573
 1030 0.4871
 1035 0.5189
 1040 0.5517
 1045 0.5845
 1050 0.6184
 1055 0.6512
 1060 0.6840
 1065 0.7158
 1070 0.7466
 1075 0.7764
 1080 0.8042
 1085 0.8311
 1090 0.8559
 1095 0.8807
 1100 0.9035
 1105 0.9273
 1110 0.9481
 1115 0.9709
 1120 0.9938
 1125 1.0166
 1130 1.0404
 1135 1.0622
 1140 1.0880
 1145 1.1118
 1150 1.1366
 1155 1.1625
 1160 1.1863
 1165 1.2111
 1170 1.2349
 1175 1.2597
 1180 1.2825
 1185 1.3063
 1190 1.3321
 1195 1.3580
 1200 1.3858
 1205 1.4146
 1210 1.4464
 1215 1.4802
 1220 1.5160
 1225 1.5548
 1230 1.5976
 1235 1.6405
 1240 1.6883
 1245 1.7361
 1250 1.7879
 1255 1.8407
 1260 1.8945
 1265 1.9503
 1270 2.0051
 1275 2.0620
 1280 2.1188
 1285 2.1756
 1290 2.2314
 1295 2.2872
 1300 2.3420
 1305 2.3978
 1310 2.4506
 1315 2.5044
 1320 2.5563
 1325 2.6061
 1330 2.6559
 1335 2.7027
 1340 2.7475
 1345 2.7923
 1350 2.8311
 1355 2.8709
 1360 2.9037
 1365 2.9355
 1370 2.9634
 1375 2.9872
 1380 3.0090
 1385 3.0258
 1390 3.0396
 1395 3.0504
 1400 3.0582
 1405 3.0640
 1410 3.0688
 1415 3.0716
 1420 3.0744
 1425 3.0753
 1430 3.0781
 1435 3.0799
 1440 3.0847
 1445 3.0895
 1450 3.0983
 1455 3.1091
 1460 3.1239
 1465 3.1427
 1470 3.1665
 1475 3.1943
 1480 3.2291
 1485 3.2700
 1490 3.3148
 1495 3.3686
 1500 3.4274
 1505 3.4912
 1510 3.5610
 1515 3.6348
 1520 3.7116
 1525 3.7924
 1530 3.8732
 1535 3.9550
 1540 4.0358
 1545 4.1156
 1550 4.1914
 1555 4.2673
 1560 4.3361
 1565 4.4039
 1570 4.4657
 1575 4.5275
 1580 4.5843
 1585 4.6411
 1590 4.6959
 1595 4.7527
 1600 4.8095
 1605 4.8693
 1610 4.9321
 1615 4.9959
 1620 5.0647
 1625 5.1355
 1630 5.2083
 1635 5.2811
 1640 5.3550
 1645 5.4238
 1650 5.4896
 1655 5.5484
 1660 5.5992
 1665 5.6390
 1670 5.6688
 1675 5.6796
 1680 5.6814
 1685 5.6632
 1690 5.6290
 1695 5.5778
 1700 5.5086
 1705 5.4244
 1710 5.3232
 1715 5.2080
 1720 5.0788
 1725 4.9366
 1730 4.7750
 1735 4.6159
 1740 4.4545
 1745 4.2892
 1750 4.1248
 1755 3.9644
 1760 3.8087
 1765 3.6633
 1770 3.5261
 1775 3.4044
 1780 3.2949
 1785 3.2029
 1790 3.1248
 1795 3.0635
 1800 3.0159
 1805 2.9797
 1810 2.9548
 1815 2.9344
 1820 2.9176
 1825 2.8981
 1830 2.8718
 1835 2.8333
 1840 2.7802
 1845 2.7059
 1850 2.6076
 1855 2.4840
 1860 2.3293
 1865 2.1464
 1870 1.9313
 1875 1.6870
 1880 1.4132
 1885 1.1134
 1890 0.7903
 1895 0.4466
 1900 0.0876
 1905 -0.2820
 1910 -0.6568
 1915 -1.0320
 1920 -1.3993
 1925 -1.7545
 1930 -2.0876
 1935 -2.3935
 1940 -2.6638
 1945 -2.8886
 1950 -3.0655
 1955 -3.1820
 1960 -3.2392
 1965 -3.2287
 1970 -3.1523
 1975 -3.0125
 1980 -2.8107
 1985 -2.5590
 1990 -2.2630
 1995 -1.9403
 2000 -1.6009
 2005 -1.2635
 2010 -0.9417
 2015 -0.6490
 2020 -0.3997
 2025 -0.2007
 2030 -0.0617
 2035 0.0201
 2040 0.0391
 2045 0.0063
 2050 -0.0747
 2055 -0.1931
 2060 -0.3354
 2065 -0.4920
 2070 -0.6476
 2075 -0.7928
 2080 -0.9180
 2085 -1.0132
 2090 -1.0768
 2095 -1.1035
 2100 -1.0944
 2105 -1.0517
 2110 -0.9800
 2115 -0.8840
 2120 -0.7729
 2125 -0.6502
 2130 -0.5264
 2135 -0.4062
 2140 -0.2929
 2145 -0.1949
 2150 -0.1093
 2155 -0.0407
 2160 0.0141
 2165 0.0579
 2170 0.0903
 2175 0.1209
 2180 0.1486
 2185 0.1787
 2190 0.2162
 2195 0.2588
 2200 0.3120
 2205 0.3725
 2210 0.4398
 2215 0.5134
 2220 0.5877
 2225 0.6622
 2230 0.7334
 2235 0.7971
 2240 0.8546
 2245 0.9001
 2250 0.9385
 2255 0.9654
 2260 0.9839
 2265 0.9962
 2270 1.0022
 2275 1.0056
 2280 1.0093
 2285 1.0127
 2290 1.0207
 2295 1.0313
 2300 1.0478
 2305 1.0704
 2310 1.0977
 2315 1.1310
 2320 1.1695
 2325 1.2112
 2330 1.2582
 2335 1.3067
 2340 1.3577
 2345 1.4114
 2350 1.4651
 2355 1.5210
 2360 1.5761
 2365 1.6340
 2370 1.6894
 2375 1.7476
 2380 1.8040
 2385 1.8612
 2390 1.9177
 2395 1.9734
 2400 2.0270
 2405 2.0797
 2410 2.1296
 2415 2.1758
 2420 2.2190
 2425 2.2563
 2430 2.2889
 2435 2.3134
 2440 2.3324
 2445 2.3430
 2450 2.3473
 2455 2.3445
 2460 2.3365
 2465 2.3238
 2470 2.3105
 2475 2.2975
 2480 2.2875
 2485 2.2834
 2490 2.2880
 2495 2.3001
 2500 2.3250
 2505 2.3582
 2510 2.4024
 2515 2.4532
 2520 2.5098
 2525 2.5687
 2530 2.6256
 2535 2.6782
 2540 2.7243
 2545 2.7579
 2550 2.7820
 2555 2.7915
 2560 2.7873
 2565 2.7727
 2570 2.7448
 2575 2.7093
 2580 2.6665
 2585 2.6197
 2590 2.5727
 2595 2.5258
 2600 2.4848
 2605 2.4462
 2610 2.4148
 2615 2.3901
 2620 2.3702
 2625 2.3565
 2630 2.3457
 2635 2.3364
 2640 2.3270
 2645 2.3139
 2650 2.2973
 2655 2.2729
 2660 2.2402
 2665 2.2003
 2670 2.1490
 2675 2.0902
 2680 2.0234
 2685 1.9496
 2690 1.8727
 2695 1.7933
 2700 1.7148
 2705 1.6399
 2710 1.5680
 2715 1.5032
 2720 1.4458
 2725 1.3978
 2730 1.3567
 2735 1.3253
 2740 1.3014
 2745 1.2845
 2750 1.2755
 2755 1.2702
 2760 1.2705
 2765 1.2745
 2770 1.2798
 2775 1.2898
 2780 1.2986
 2785 1.3100
 2790 1.3220
 2795 1.3339
 2800 1.3488
 2805 1.3639
 2810 1.3810
 2815 1.4008
 2820 1.4229
 2825 1.4477
 2830 1.4771
 2835 1.5077
 2840 1.5416
 2845 1.5774
 2850 1.6144
 2855 1.6511
 2860 1.6862
 2865 1.7176
 2870 1.7442
 2875 1.7648
 2880 1.7757
 2885 1.7797
 2890 1.7714
 2895 1.7532
 2900 1.7249
 2905 1.6846
 2910 1.6346
 2915 1.5755
 2920 1.5068
 2925 1.4312
 2930 1.3498
 2935 1.2628
 2940 1.1732
 2945 1.0820
 2950 0.9890
 2955 0.8982
 2960 0.8079
 2965 0.7207
 2970 0.6381
 2975 0.5588
 2980 0.4842
 2985 0.4150
 2990 0.3501
 2995 0.2891
 3000 0.2322
 3005 0.1777
 3010 0.1250
 3015 0.0738
 3020 0.0213
 3025 -0.0320
 3030 -0.0874
 3035 -0.1444
 3040 -0.2048
 3045 -0.2664
 3050 -0.3310
 3055 -0.3954
 3060 -0.4598
 3065 -0.5237
 3070 -0.5841
 3075 -0.6423
 3080 -0.6970
 3085 -0.7466
 3090 -0.7934
 3095 -0.8353
 3100 -0.8734
 3105 -0.9087
 3110 -0.9389
 3115 -0.9680
 3120 -0.9909
 3125 -1.0118
 3130 -1.0257
 3135 -1.0345
 3140 -1.0347
 3145 -1.0260
 3150 -1.0086
 3155 -0.9829
 3160 -0.9442
 3165 -0.9004
 3170 -0.8456
 3175 -0.7868
 3180 -0.7223
 3185 -0.6580
 3190 -0.5924
 3195 -0.5311
 3200 -0.4740
 3205 -0.4222
 3210 -0.3776
 3215 -0.3391
 3220 -0.3083
 3225 -0.2835
 3230 -0.2643
 3235 -0.2489
 3240 -0.2368
 3245 -0.2273
 3250 -0.2198
 3255 -0.2159
 3260 -0.2135
 3265 -0.2172
 3270 -0.2253
 3275 -0.2379
 3280 -0.2596
 3285 -0.2860
 3290 -0.3227
 3295 -0.3645
 3300 -0.4136
 3305 -0.4672
 3310 -0.5226
 3315 -0.5799
 3320 -0.6333
 3325 -0.6854
 3330 -0.7308
 3335 -0.7690
 3340 -0.7997
 3345 -0.8198
 3350 -0.8312
 3355 -0.8338
 3360 -0.8294
 3365 -0.8155
 3370 -0.7975
 3375 -0.7722
 3380 -0.7425
 3385 -0.7114
 3390 -0.6740
 3395 -0.6369
 3400 -0.5963
 3405 -0.5540
 3410 -0.5148
 3415 -0.4712
 3420 -0.4315
 3425 -0.3926
 3430 -0.3567
 3435 -0.3250
 3440 -0.2975
 3445 -0.2753
 3450 -0.2587
 3455 -0.2490
 3460 -0.2428
 3465 -0.2442
 3470 -0.2489
 3475 -0.2587
 3480 -0.2690
 3485 -0.2809
 3490 -0.2922
 3495 -0.2992
 3500 -0.3027
 3505 -0.2966
 3510 -0.2864
 3515 -0.2675
 3520 -0.2389
 3525 -0.2043
 3530 -0.1597
 3535 -0.1123
 3540 -0.0600
 3545 -0.0044
 3550 0.0480
 3555 0.1010
 3560 0.1505
 3565 0.1946
 3570 0.2354
 3575 0.2692
 3580 0.2990
 3585 0.3249
 3590 0.3459
 3595 0.3655
 3600 0.3802
